DATE,OPEN_1332,CLOSE_1332,OPEN_3632,CLOSE_3632,saya_divide,saya_divide_mean,saya_divide_std,saya_divide_sigma,deviation_rate(%)
2020-05-22,474,467,442,440,1.0613636363636363,1.175195472233313,0.08783572188746434,-1.295962888715355,-10.73
2020-05-21,487,475,446,442,1.0746606334841629,1.1785529563618558,0.08823217469162863,-1.1774879542615433,-9.67
2020-05-20,464,485,449,444,1.0923423423423424,1.181494262857929,0.08839656854965487,-1.0085450371923368,-8.16
2020-05-19,469,463,450,447,1.0357941834451903,1.1840931252192102,0.08860230540126768,-1.6737594027874825,-14.32
2020-05-18,450,457,448,444,1.0292792792792793,1.1873321814966786,0.08755593194013946,-1.8051649810027433,-15.36
2020-05-15,461,446,428,447,0.9977628635346756,1.1907068300305628,0.08626717759515733,-2.236586055954591,-19.34
2020-05-14,471,462,444,433,1.0669745958429562,1.1947422607576634,0.08420136455878216,-1.5174061083714487,-11.97
2020-05-13,470,473,434,443,1.0677200902934538,1.1976668100060734,0.08351925090323699,-1.5558894303682413,-12.17
2020-05-12,475,476,441,439,1.0842824601366743,1.2007217702056694,0.08289829318279238,-1.4046044327142433,-10.74
2020-05-11,475,479,435,439,1.0911161731207288,1.203833967112447,0.08284992360151726,-1.3605057082955943,-10.33
2020-05-08,466,472,430,431,1.0951276102088168,1.206468457189108,0.08236383812478928,-1.3518171264869776,-10.17
2020-05-07,455,458,417,429,1.0675990675990676,1.2091249324767899,0.08194181548038747,-1.727150711123749,-13.26
2020-05-01,480,461,426,419,1.100238663484487,1.2121711616099755,0.08086349350479824,-1.384215463296138,-10.17
2020-04-30,479,480,425,426,1.1267605633802817,1.214809801376352,0.0803954262805358,-1.0952020788947228,-7.81
2020-04-28,473,471,417,412,1.1432038834951457,1.2169019734564515,0.08011808702754701,-0.9198683180736225,-6.45
2020-04-27,468,471,421,413,1.1404358353510895,1.218668857204637,0.07993431640662382,-0.9787163432483494,-6.86
2020-04-24,469,465,410,413,1.12590799031477,1.220867417651322,0.08001991201721222,-1.1866974724506851,-8.43
2020-04-23,458,475,405,411,1.1557177615571776,1.223147407333723,0.07971732188509321,-0.8458593964526342,-5.83
2020-04-22,459,458,408,403,1.1364764267990075,1.225371373352717,0.08013073546362398,-1.1093739005311394,-7.82
2020-04-21,467,464,412,408,1.1372549019607843,1.2278614519718278,0.08023129269551017,-1.1293168409352328,-7.97
2020-04-20,464,468,410,416,1.125,1.2302786984403076,0.08019608193506676,-1.3127661090170182,-9.36
2020-04-17,471,468,415,413,1.1331719128329298,1.232733243894853,0.07975226371110417,-1.2483825088974994,-8.79
2020-04-16,454,464,400,413,1.1234866828087167,1.2351442850570806,0.07943866485719217,-1.4055825642222481,-9.94
2020-04-15,469,459,409,405,1.1333333333333333,1.2373301312823057,0.07858711810986091,-1.323331360791091,-9.18
2020-04-14,469,477,407,411,1.1605839416058394,1.239278235074721,0.07779190215190798,-1.0116000675135997,-6.78
2020-04-13,475,472,406,403,1.1712158808933002,1.2405890262617418,0.0772814422056048,-0.8976688761045194,-5.92
2020-04-10,480,471,409,404,1.1658415841584158,1.2421950367387202,0.07707437490549666,-0.9906464071090275,-6.55
2020-04-09,472,477,409,409,1.1662591687041566,1.2440202739499413,0.07686522794006558,-1.0116551700909244,-6.67
2020-04-08,464,470,407,410,1.146341463414634,1.2462302577310362,0.07698038580464406,-1.297587603287591,-8.71
2020-04-07,463,456,402,413,1.1041162227602905,1.2481262055442692,0.07624443360998719,-1.8887933973073014,-13.04
2020-04-06,426,451,375,399,1.1303258145363408,1.250097777600587,0.07438418294471666,-1.610180529283522,-10.6
2020-04-03,410,418,392,377,1.1087533156498675,1.2523078124917366,0.07324644052739647,-1.9598835903592513,-12.95
2020-04-02,430,414,391,395,1.0481012658227848,1.2540681242701268,0.07133683008025023,-2.8872443338965295,-19.65
2020-04-01,454,435,419,399,1.0902255639097744,1.2559044241230133,0.06769074745668278,-2.4475850310156706,-15.2
2020-03-31,507,478,409,417,1.146282973621103,1.257174329287454,0.06542615062932661,-1.6949087574264985,-9.67
2020-03-30,497,517,405,404,1.2797029702970297,1.257759985056624,0.06462255272034965,0.3395561505495276,1.71
2020-03-27,510,515,411,413,1.2469733656174333,1.2571905350480395,0.06461485648777555,-0.15812415264806962,-0.82
2020-03-26,486,511,391,395,1.2936708860759494,1.2572825697597036,0.0646051531936414,0.5632417000417725,2.81
2020-03-25,499,493,416,405,1.217283950617284,1.2570125921072441,0.06449473979923545,-0.6159981668835449,-3.26
2020-03-24,459,480,387,396,1.2121212121212122,1.257628293278501,0.06433274459064141,-0.7073704292713923,-3.75
2020-03-23,457,460,356,379,1.2137203166226913,1.2586845248859135,0.0642271457954865,-0.7000810592829122,-3.7
2020-03-19,483,465,374,348,1.3362068965517242,1.2595414843708415,0.06405002213020365,1.1969615252440347,5.74
2020-03-18,447,459,388,360,1.275,1.2589565752125174,0.06354555465959333,0.25247123694844503,1.26
2020-03-17,404,442,357,385,1.148051948051948,1.2589995859652054,0.06355748965295623,-1.7456264953047433,-9.66
2020-03-16,421,412,382,371,1.110512129380054,1.260191220621629,0.06229137888696108,-2.4028861443763305,-13.48
2020-03-13,407,411,371,382,1.0759162303664922,1.2616070562457995,0.060039267172226234,-3.0928229911041725,-17.26
2020-03-12,455,444,403,395,1.1240506329113924,1.2634819789485245,0.05628975495388619,-2.477028833246074,-12.4
2020-03-11,475,469,414,410,1.1439024390243901,1.2648362560418922,0.05409805979583238,-2.23545571641404,-10.57
2020-03-10,451,470,401,418,1.124401913875598,1.2661054126423765,0.05233381599653628,-2.7076851949064276,-12.6
2020-03-09,471,457,427,412,1.1092233009708738,1.2681518244271226,0.049686599454887966,-3.1986194507141703,-14.33
2020-03-06,502,492,440,433,1.136258660508083,1.269811733415455,0.04631453807479998,-2.883610167755057,-11.75
2020-03-05,518,511,454,447,1.1431767337807606,1.2706364607093095,0.0444418683940641,-2.868010089008164,-11.15
2020-03-04,510,508,427,430,1.1813953488372093,1.2712790323389493,0.042916548458672495,-2.09438285998921,-7.61
2020-03-03,543,516,447,433,1.1916859122401848,1.2714474923644032,0.04258692928725177,-1.8729122164742396,-6.69
2020-03-02,506,529,440,444,1.1914414414414414,1.2716382469927114,0.04226002161932721,-1.897699113210885,-6.73
2020-02-28,514,511,434,440,1.1613636363636364,1.2712074545366023,0.04322891235405801,-2.5409803807533136,-9.46
2020-02-27,548,538,439,442,1.2171945701357465,1.2718136876456818,0.04198515594367598,-1.3009149610688138,-4.49
2020-02-26,562,549,442,443,1.2392776523702032,1.2717676328174088,0.04204689317015967,-0.7727082311580514,-2.62
2020-02-25,571,570,449,445,1.2808988764044944,1.2708037030818213,0.0435813632346138,0.2316396866322699,0.79
2020-02-21,608,594,459,463,1.2829373650107991,1.2698027212993406,0.04419581911616627,0.2971919963047834,1.02
2020-02-20,617,610,460,457,1.3347921225382933,1.2691831957110873,0.044332809703855565,1.4799180847204472,4.92
2020-02-19,615,617,465,459,1.3442265795206971,1.2677715095792514,0.043904795459739715,1.741383125484647,5.69
2020-02-18,615,617,468,459,1.3442265795206971,1.2659607129678734,0.043513064066230754,1.7986751388892341,5.82
2020-02-17,610,616,469,468,1.3162393162393162,1.264390397318419,0.04277918262402943,1.2120128469161842,3.94
2020-02-14,622,616,473,473,1.302325581395349,1.2628834639804998,0.04291661094903837,0.9190408222514348,3.03
2020-02-13,622,622,474,476,1.3067226890756303,1.2618034957993196,0.04292961152739511,1.0463452073784996,3.44
2020-02-12,625,620,485,476,1.3025210084033614,1.2608095829592345,0.04274063479007587,0.9759196523167227,3.2
2020-02-10,614,620,484,482,1.2863070539419088,1.2599068736973922,0.04256473539160449,0.6202359770742008,2.05
2020-02-07,613,609,493,492,1.2378048780487805,1.2590433758507953,0.04267716265961467,-0.49765486921914714,-1.72
2020-02-06,624,616,484,492,1.2520325203252032,1.2590769890178841,0.042661411543157654,-0.16512507293750767,-0.56
2020-02-05,590,618,481,478,1.292887029288703,1.2591036521877417,0.04265762519815695,0.791965725799965,2.61
2020-02-04,591,584,488,473,1.2346723044397463,1.2585864699393021,0.042479665665680504,-0.5629555959258922,-1.94
2020-02-03,591,596,457,464,1.2844827586206897,1.2587503533834794,0.0424107439149208,0.6067426048652081,2.0
2020-01-31,597,602,463,463,1.3002159827213824,1.257935117138423,0.04249583945025756,0.9949412961344183,3.25
2020-01-30,602,593,469,463,1.2807775377969763,1.2567759664097167,0.04251241264334561,0.5645779642905444,1.87
2020-01-29,598,608,465,463,1.3131749460043196,1.2554834443569354,0.043230608243832624,1.3345058973491226,4.39
2020-01-28,591,601,460,464,1.2952586206896552,1.253860392123721,0.04331917520900071,0.9556559737391456,3.2
2020-01-27,591,596,465,463,1.287257019438445,1.252524568762301,0.04356600600266535,0.7972374303492274,2.7
2020-01-24,608,601,473,470,1.278723404255319,1.2516544751697884,0.04351526818340039,0.622055894759635,2.12
2020-01-23,614,604,473,471,1.2823779193205944,1.2511712960455825,0.043413091056325875,0.7188297934031735,2.43
2020-01-22,616,619,471,476,1.300420168067227,1.2506311893706303,0.04327324335316225,1.1505719201645697,3.83
2020-01-21,615,611,472,475,1.2863157894736843,1.2499990811056376,0.042885860653185066,0.8468224215374233,2.82
2020-01-20,618,616,469,475,1.2968421052631578,1.249888203912655,0.04280249282743163,1.096989877197304,3.62
2020-01-17,618,618,478,469,1.3176972281449892,1.2492768177397129,0.04245350569766837,1.6116551337957972,5.19
2020-01-16,621,616,476,478,1.288702928870293,1.248229260494881,0.041715193757214004,0.9702380530933669,3.14
2020-01-15,624,620,482,479,1.2943632567849688,1.247653815502683,0.041449738046533735,1.1268935217358225,3.61
2020-01-14,627,626,477,483,1.2960662525879918,1.2471552668996007,0.04110838945075811,1.1898054470603723,3.77
2020-01-10,627,627,490,483,1.2981366459627328,1.2467829856822983,0.040788948321868926,1.2590091775644374,3.96
2020-01-09,628,629,494,490,1.2836734693877552,1.2465829308044019,0.04057280898999715,0.9141723116212547,2.89
2020-01-08,624,620,495,486,1.2757201646090535,1.2467492318075617,0.04074967193287995,0.710948859888018,2.27
2020-01-07,634,637,491,488,1.305327868852459,1.2467464323338626,0.040747688717894685,1.4376628064518873,4.49
2020-01-06,639,629,489,485,1.2969072164948454,1.2467083158931962,0.040694174227002465,1.2335647928774023,3.87
2019-12-30,658,652,492,493,1.3225152129817443,1.2469039389715104,0.04096935200505288,1.8455569910138816,5.72
2019-12-27,656,655,499,495,1.3232323232323233,1.2464574632766203,0.040320240722456935,1.9041270235507828,5.8
2019-12-26,649,654,493,496,1.3185483870967742,1.2460961968209334,0.0397480495657471,1.822786050319222,5.49
2019-12-25,654,648,503,495,1.309090909090909,1.245966955547332,0.039527406470593676,1.5969667423168263,4.82
2019-12-24,649,657,499,500,1.314,1.245988704768206,0.03956256639836048,1.7190819864156397,5.18
2019-12-23,646,645,505,501,1.2874251497005988,1.245721923652326,0.039168547862748336,1.0647120795595058,3.24
2019-12-20,646,641,504,501,1.2794411177644711,1.2460255246931944,0.039576739041478216,0.844324062077365,2.61
2019-12-19,645,637,505,506,1.2588932806324111,1.2461850379517925,0.03973489178203858,0.31982577806750634,1.01
2019-12-18,661,651,512,504,1.2916666666666667,1.246604095285296,0.04003133346668931,1.1256824961593668,3.49
2019-12-17,672,667,511,512,1.302734375,1.2461055197867204,0.03969846606847504,1.4264746430152173,4.35
2019-12-16,672,670,503,503,1.3320079522862822,1.2453602006938933,0.03914922879072947,2.2132684159772538,6.51
2019-12-13,640,652,512,506,1.2885375494071147,1.2446008053954636,0.03799653582601784,1.1563355199756342,3.41
2019-12-12,658,631,514,504,1.251984126984127,1.2443572416736393,0.03777199841407366,0.20191903078249573,0.61
2019-12-11,644,661,510,510,1.296078431372549,1.2447869269980614,0.03803867462129139,1.3484040883427182,3.96
2019-12-10,627,639,512,515,1.2407766990291262,1.2444041268604626,0.03766318676155332,-0.09631229174264384,-0.29
2019-12-09,625,619,526,522,1.185823754789272,1.24494643611861,0.03789913735393223,-1.560000713926637,-4.99
2019-12-06,632,620,531,523,1.1854684512428297,1.2461077341713134,0.03740085396283375,-1.621334180998716,-5.12
2019-12-05,643,632,517,531,1.1902071563088512,1.247053624906879,0.03674664736096293,-1.5469838116012078,-4.78
2019-12-04,639,642,510,519,1.2369942196531791,1.2479722047214048,0.03617071235000677,-0.303504806927686,-0.89
2019-12-03,658,647,518,516,1.253875968992248,1.24827219740451,0.03617172205811267,0.1549213382413831,0.45
2019-12-02,656,666,520,523,1.2734225621414914,1.2487377591972568,0.036464374620641594,0.6769567064029975,1.94
2019-11-29,656,657,527,520,1.2634615384615384,1.2491881702331105,0.03697160558175124,0.38606298005821854,1.13
2019-11-28,655,656,515,508,1.2913385826771653,1.2498527460006903,0.037663696034092864,1.1014807638348172,3.21
2019-11-27,648,662,501,518,1.277992277992278,1.2499541964772753,0.037785356125012506,0.7420356558831686,2.19
2019-11-26,636,641,498,496,1.2923387096774193,1.25147247217114,0.04102991753511789,0.9960107151397847,3.16
2019-11-25,622,634,502,496,1.278225806451613,1.2514393570082911,0.04099791089988958,0.6533613263546562,2.1
2019-11-22,612,615,499,497,1.2374245472837022,1.2519816480928734,0.041613011132428435,-0.349820895268668,-1.18
2019-11-21,619,612,513,503,1.216699801192843,1.2532691124624238,0.042624159481307086,-0.8579479739798365,-3.01
2019-11-20,639,618,520,508,1.2165354330708662,1.2548846361487846,0.04349477711399779,-0.881696737459005,-3.15
2019-11-19,659,641,524,523,1.225621414913958,1.2566794308834124,0.04463757456440256,-0.6957818894179459,-2.53
2019-11-18,666,653,524,527,1.239089184060721,1.2584916581717391,0.04607573231070206,-0.42109963614211526,-1.57
2019-11-15,650,676,513,529,1.277882797731569,1.2597567774322476,0.046822208401287806,0.38712442061624075,1.42
2019-11-14,639,644,527,522,1.2337164750957854,1.2604447370463083,0.047458218290361495,-0.5631956468949716,-2.17
2019-11-13,637,635,533,530,1.1981132075471699,1.2622891472996243,0.04904511761647267,-1.3085082240867083,-5.36
2019-11-12,638,635,539,533,1.1913696060037524,1.2646149581271,0.050071915035469566,-1.462803091742399,-6.15
2019-11-11,650,640,543,536,1.1940298507462686,1.2671062676708125,0.05100522625884692,-1.4327241007360245,-6.12
2019-11-08,651,644,549,534,1.205992509363296,1.2697741049549798,0.05232882048853744,-1.218861709402663,-5.29
2019-11-07,642,641,528,553,1.1591320072332731,1.2715598174783571,0.052406900191657176,-2.1452863999573424,-9.7
2019-11-06,649,636,527,527,1.206831119544592,1.2740868440996658,0.05148612386929286,-1.3062883647216286,-5.57
2019-11-05,625,636,517,524,1.213740458015267,1.2763258595931166,0.052159599505685966,-1.1998827094335154,-5.16
2019-11-01,616,615,520,527,1.1669829222011385,1.2783828590096888,0.05269022489906474,-2.114242955348017,-9.55
2019-10-31,622,621,497,515,1.2058252427184466,1.2808117015144327,0.051688107088305825,-1.4507487896176294,-6.22
2019-10-30,610,617,498,499,1.2364729458917836,1.2824948458608838,0.05127255101845196,-0.8975933331762226,-3.72
2019-10-29,606,612,499,498,1.2289156626506024,1.2838035109021204,0.05133373836736916,-1.0692353605481437,-4.47
2019-10-28,612,603,502,499,1.2084168336673347,1.2850490366946106,0.051119692745247663,-1.49907401457142,-6.34
2019-10-25,600,612,502,499,1.2264529058116231,1.2868518701607707,0.0507683781054559,-1.1896965513392428,-4.92
2019-10-24,608,598,500,497,1.2032193158953723,1.2885686628194473,0.05087385496224448,-1.677666199807663,-7.09
2019-10-23,608,607,493,497,1.221327967806841,1.2907218170388814,0.05063277510334406,-1.3705322114066263,-5.68
2019-10-21,605,605,495,491,1.2321792260692463,1.2918593191347902,0.050015557900748596,-1.1932305780528072,-4.84
2019-10-18,605,610,494,494,1.2348178137651822,1.29305117781988,0.049642870232244174,-1.1730458730984903,-4.72
2019-10-17,602,601,494,492,1.2215447154471544,1.294364718080789,0.049387341918020966,-1.4744669343515167,-5.96
2019-10-16,624,609,500,491,1.240325865580448,1.295686005642362,0.04874286075937313,-1.1357589439653129,-4.46
2019-10-15,622,622,496,496,1.2540322580645162,1.2969879563279294,0.04855048634030631,-0.8847635008704664,-3.43
2019-10-11,621,612,493,488,1.2540983606557377,1.2982121902520234,0.04860947933945183,-0.907514957900045,-3.52
2019-10-10,608,616,496,494,1.2469635627530364,1.2995655349652186,0.048775128365479654,-1.0784589190217486,-4.22
2019-10-09,598,608,495,497,1.2233400402414487,1.3011571759106897,0.048979914128613335,-1.5887560656988038,-6.36
2019-10-08,592,603,496,497,1.2132796780684105,1.3024378638405503,0.04817764016349903,-1.8506133855781697,-7.35
2019-10-07,590,586,491,495,1.183838383838384,1.3042594760852577,0.04734779606773447,-2.5433304662080296,-10.17
2019-10-04,581,585,488,491,1.1914460285132382,1.306587659480651,0.045631145327445555,-2.5233123153312347,-9.66
2019-10-03,593,582,492,487,1.1950718685831623,1.3086680424001376,0.043856533696893726,-2.5901767477127606,-9.51
2019-10-02,610,611,495,500,1.222,1.3096798196949222,0.04206281960111344,-2.084496962552678,-7.18
2019-10-01,610,620,500,499,1.2424849699398797,1.3106781530282556,0.0408407511973091,-1.6697338097167285,-5.49
2019-09-30,619,611,490,492,1.241869918699187,1.3107403306153689,0.04074031014940331,-1.6904734319306722,-5.55
2019-09-27,626,624,502,498,1.2530120481927711,1.310506052571654,0.04118378443935755,-1.396034996821187,-4.59
2019-09-26,636,639,506,500,1.278,1.310283157209487,0.04153806552967514,-0.77719452742506,-2.53
2019-09-25,626,633,507,506,1.2509881422924902,1.3098211039775478,0.04208375527678151,-1.3979969538867878,-4.7
2019-09-24,629,627,503,506,1.2391304347826086,1.310166494484033,0.04170407133449882,-1.7033363273254631,-5.73
2019-09-20,630,629,504,505,1.2455445544554455,1.310531914886672,0.04119702523272993,-1.5774770159762854,-5.22
2019-09-19,629,631,498,502,1.2569721115537849,1.3108943511302964,0.040740741042621216,-1.3235458707071728,-4.29
2019-09-18,639,629,500,496,1.2681451612903225,1.3116930220160266,0.04026013535260937,-1.0816620546428837,-3.43
2019-09-17,640,639,489,498,1.283132530120482,1.3126705987272775,0.040080597680449664,-0.7369667698644022,-2.3
2019-09-13,634,639,494,493,1.2961460446247464,1.3131610918870393,0.03994096958208276,-0.42600486268430005,-1.31
2019-09-12,639,625,497,490,1.2755102040816326,1.3133522629049459,0.039893356763320974,-0.9485804628530601,-2.97
2019-09-11,629,633,476,486,1.3024691358024691,1.3137079519002262,0.03967268570467732,-0.2832885119353535,-0.86
2019-09-10,613,623,481,475,1.311578947368421,1.3139871994016958,0.039666303416833026,-0.06071279211394583,-0.18
2019-09-09,604,611,467,474,1.2890295358649788,1.3148027533165432,0.04023315789150265,-0.6405964334459495,-2.0
2019-09-06,611,604,467,466,1.296137339055794,1.3161966834675267,0.04111739191395988,-0.48785546645827826,-1.55
2019-09-05,599,606,459,463,1.3088552915766738,1.3173494001883483,0.041745926345310394,-0.20347155651580712,-0.65
2019-09-04,601,599,461,457,1.3107221006564551,1.3178725100498208,0.041881801693340284,-0.17072831407113614,-0.55
2019-09-03,601,603,461,466,1.293991416309013,1.3183764133942035,0.04201986503573938,-0.5803206903318299,-1.88
2019-09-02,612,604,468,461,1.3101952277657267,1.3184747926835994,0.04197126764955405,-0.19726744941335123,-0.63
2019-08-30,602,616,471,477,1.2914046121593292,1.3195740301375205,0.04281122274495716,-0.6579914371053424,-2.18
2019-08-29,585,600,470,465,1.2903225806451613,1.3206379253695815,0.04308852261054928,-0.7035596230212396,-2.35
2019-08-28,590,587,469,468,1.2542735042735043,1.321814191095932,0.043447548344655584,-1.5545339011225434,-5.38
2019-08-27,604,591,474,474,1.2468354430379747,1.3248436307920386,0.046450015524113736,-1.6794006820851826,-6.26
2019-08-26,593,598,466,469,1.275053304904051,1.3279173749534525,0.04875648011756513,-1.0842470564308944,-4.15
2019-08-23,611,611,478,481,1.2702702702702702,1.3309859642906985,0.05243624613403718,-1.1578955111551514,-4.78
2019-08-22,603,610,475,475,1.2842105263157895,1.3347074635677534,0.05764130718623895,-0.8760546857275184,-3.93
2019-08-21,599,602,468,475,1.2673684210526315,1.3394490633298703,0.06713696908052479,-1.0736356327135441,-5.69
2019-08-20,600,601,468,469,1.2814498933901919,1.3465322991973168,0.0848468578207405,-0.7670573487191146,-5.08
2019-08-19,598,597,470,469,1.2729211087420043,1.3528323051334536,0.09651950958776982,-0.8279279156384679,-6.28
2019-08-16,586,588,461,468,1.2564102564102564,1.3591332969568333,0.10605169017917504,-0.9686129506566621,-8.18
2019-08-15,583,588,461,467,1.259100642398287,1.3655406462213253,0.11387976735779977,-0.9346700146358194,-8.45
2019-08-14,598,597,472,474,1.259493670886076,1.3718738497772272,0.12078281984958776,-0.9304318199483956,-8.92
2019-08-13,607,598,466,464,1.2887931034482758,1.3778772750573252,0.12611978462508985,-0.7063457321455594,-6.91
2019-08-09,614,617,471,472,1.3072033898305084,1.3828759950737088,0.12986392626018706,-0.5827068949970573,-5.79
2019-08-08,615,612,468,466,1.3133047210300428,1.3874654981693604,0.13314932178904043,-0.5569745015811396,-5.65
2019-08-07,639,617,469,475,1.2989473684210526,1.3928035203911624,0.13800575985067925,-0.6800886576883538,-7.23
2019-08-06,604,650,468,467,1.39186295503212,1.3985464932078193,0.14285731207843144,-0.046784711811110796,-0.48
2019-08-05,660,623,498,483,1.289855072463768,1.402879706241848,0.14744411697139367,-0.7665591282967802,-8.76
2019-08-02,675,670,509,508,1.3188976377952757,1.4081981949003886,0.15043508554496504,-0.5936152246772308,-6.77
2019-08-01,680,683,512,512,1.333984375,1.4130690334139955,0.15335068567290375,-0.5157111496891684,-5.93
2019-07-31,700,689,521,515,1.337864077669903,1.4175814256553747,0.1559149620627709,-0.5112873513279492,-5.96
2019-07-30,710,708,521,524,1.3511450381679388,1.4221282954243737,0.15847531171547505,-0.44791366231149904,-5.25
2019-07-29,696,708,522,520,1.3615384615384616,1.4263162976162496,0.1606791248542939,-0.40315029184114265,-4.76
2019-07-26,689,695,514,521,1.3339731285988483,1.4311015195627619,0.16398873848522058,-0.5922869573916945,-7.28
2019-07-25,694,690,511,519,1.329479768786127,1.437174860304251,0.16864768998236024,-0.6385802943958986,-8.1
2019-07-24,702,697,510,508,1.3720472440944882,1.4441121405171473,0.17466864252413167,-0.4125806176841551,-5.25
2019-07-23,696,700,506,510,1.3725490196078431,1.450194988856757,0.17991801538591048,-0.43156305988796645,-5.66
2019-07-22,701,696,506,505,1.378217821782178,1.4568205889493013,0.1859840978301911,-0.42263165552406445,-5.7
2019-07-19,685,711,506,510,1.3941176470588235,1.4636559326172984,0.19228352269093898,-0.3616445371153575,-4.99
2019-07-18,696,678,519,506,1.3399209486166008,1.4692859864087267,0.1963047629154848,-0.6590010138868685,-9.65
2019-07-17,710,704,516,522,1.3486590038314177,1.475520668745756,0.19949670081340334,-0.635908585941964,-9.41
2019-07-16,706,708,517,515,1.3747572815533982,1.4807916486217312,0.20128964703868227,-0.5267750658232123,-7.71
2019-07-12,717,710,527,519,1.3680154142581888,1.4857948848676858,0.2032458797238477,-0.579492537656976,-8.61
2019-07-11,702,711,528,527,1.349146110056926,1.4902015300165716,0.20422495819014908,-0.6906864920413511,-10.46
2019-07-10,683,698,517,524,1.33206106870229,1.4948767629959396,0.20495457325363975,-0.7943989329389517,-12.22
2019-07-09,688,690,517,517,1.3346228239845261,1.499844500082722,0.2054627178890786,-0.8041443128742838,-12.38
2019-07-08,694,681,523,515,1.3223300970873786,1.505382862429595,0.20653002027961306,-0.8863252184568053,-13.84
2019-07-05,705,696,518,518,1.3436293436293436,1.511209124884185,0.20744535930913344,-0.8078261273857438,-12.47
2019-07-04,710,702,511,518,1.3552123552123552,1.51609348976855,0.20775455471556267,-0.774380782055333,-11.87
2019-07-03,677,696,514,510,1.3647058823529412,1.5210621486464961,0.20830292438515458,-0.7506196408671169,-11.46
2019-07-02,676,669,510,512,1.306640625,1.5261553506850207,0.20908613659769437,-1.0498769992933208,-16.8
2019-07-01,681,674,505,510,1.3215686274509804,1.5316964386479839,0.208701658448515,-1.0068334519193116,-15.9
2019-06-28,659,668,502,501,1.3333333333333333,1.5368954802313561,0.20825868109931245,-0.9774485549581967,-15.27
2019-06-27,665,659,503,499,1.3206412825651304,1.541387817396107,0.20745153543530487,-1.0640872547304814,-16.72
2019-06-26,674,673,496,503,1.337972166998012,1.5461262792009263,0.20641139747403495,-1.0084429190936441,-15.56
2019-06-25,693,681,505,506,1.3458498023715415,1.5505760671542717,0.20547123164751063,-0.9963743495436943,-15.21
2019-06-24,696,690,503,509,1.3555992141453832,1.5546415260438369,0.20439394157188526,-0.9738170826773287,-14.68
2019-06-21,693,690,532,505,1.3663366336633664,1.5572918165503278,0.20308033483070978,-0.9402938154801836,-13.98
2019-06-20,697,694,512,526,1.3193916349809887,1.5594129778189971,0.20190215199056255,-1.1888003197173833,-18.19
2019-06-19,674,679,503,503,1.3499005964214712,1.5622048846617524,0.20000263888770292,-1.0615074352068197,-15.73
2019-06-18,664,667,492,491,1.3584521384928716,1.5646050704416599,0.19851504246864185,-1.0384751169743367,-15.18
2019-06-17,654,667,510,495,1.3474747474747475,1.5669501721144015,0.1970996855718597,-1.1135249861148886,-16.29
2019-06-14,665,652,513,513,1.2709551656920077,1.5696476228118523,0.19545505764142823,-1.528189962051585,-23.5
2019-06-13,660,664,520,512,1.296875,1.5735187582370342,0.19235140414137558,-1.4382206330747913,-21.33
2019-06-12,652,656,537,526,1.247148288973384,1.5769079426341974,0.18966780301925212,-1.738616931347812,-26.44
2019-06-11,654,655,526,535,1.2242990654205608,1.5811786563829322,0.18576044527068755,-1.9211818234088072,-29.15
2019-06-10,664,654,535,529,1.2362948960302458,1.5861000900894124,0.18107054495623698,-1.9318724320607266,-28.29
2019-06-07,656,654,511,526,1.2433460076045628,1.5903697813307482,0.17648926706228169,-1.9662599290172327,-27.91
2019-06-06,649,641,510,502,1.2768924302788844,1.5945906726164276,0.17186430828843238,-1.8485411281809836,-24.88
2019-06-05,640,651,499,514,1.2665369649805447,1.5990650690174606,0.16785654956708365,-1.9810254940574807,-26.25
2019-06-04,635,630,494,495,1.2727272727272727,1.603575996312937,0.16334499516470044,-2.025459814376744,-26.0
2019-06-03,653,640,491,486,1.316872427983539,1.6080619034189316,0.15875264720557897,-1.834233825772446,-22.11
2019-05-31,656,660,494,492,1.3414634146341464,1.611206839259601,0.1552506507105095,-1.7374704929799993,-20.11
2019-05-30,654,656,492,497,1.3199195171026157,1.6143395832507963,0.15211486661197965,-1.9355114506933662,-22.31
2019-05-29,648,650,499,496,1.310483870967742,1.6148686024840408,0.1511559943532702,-2.0137126074200813,-23.23
2019-05-28,664,655,507,503,1.3021868787276343,1.6154538684543014,0.15005728993094306,-2.0876492562996027,-24.06
2019-05-27,691,667,499,504,1.3234126984126984,1.6162117283268442,0.14860978203671912,-1.9702540835555487,-22.12
2019-05-24,691,685,494,499,1.3727454909819639,1.6170404524854654,0.14714071514601226,-1.6602811890718356,-17.8
2019-05-23,680,694,494,498,1.393574297188755,1.6168458311838412,0.14747299071976985,-1.5139825462640117,-16.02
2019-05-22,673,683,502,494,1.3825910931174088,1.6162323202294546,0.1484927450645182,-1.5734184657340107,-16.9
2019-05-21,689,670,504,497,1.3480885311871227,1.6160091544350434,0.14885584374427516,-1.7998663438984048,-19.87
2019-05-20,673,681,519,505,1.3485148514851486,1.6165025495885736,0.1480259950558502,-1.8104097054190602,-19.87
2019-05-17,684,665,499,511,1.3013698630136987,1.6170285756351617,0.1471401856912802,-2.1452923355945543,-24.26
2019-05-16,677,681,490,489,1.392638036809816,1.618249396034064,0.1448785658245452,-1.5572445650619855,-16.2
2019-05-15,672,676,494,493,1.3711967545638946,1.617935184409246,0.14539217379500963,-1.6970544108738015,-17.99
2019-05-14,703,681,472,494,1.3785425101214575,1.6178544973912707,0.14553069485956138,-1.6444090196968537,-17.36
2019-05-13,717,720,484,486,1.4814814814814814,1.6172517083674292,0.14661030204472078,-0.926061981950856,-9.16
2019-05-10,719,718,478,486,1.477366255144033,1.6158991881189428,0.1483145766380491,-0.9340479952485682,-9.38
2019-05-09,739,724,490,481,1.5051975051975053,1.6143320731967992,0.15037666220371934,-0.7257413909842362,-7.25
2019-05-08,765,753,466,486,1.5493827160493827,1.6127000491131624,0.15220532255904887,-0.4159994670305662,-4.09
2019-05-07,780,774,456,472,1.6398305084745763,1.6108294916870494,0.15382542873880425,0.18853200686845306,1.77
2019-04-26,778,777,441,432,1.7986111111111112,1.607597194338634,0.1557174233101231,1.2266701613220148,10.62
2019-04-25,773,777,448,443,1.7539503386004516,1.6020035124214227,0.1562894118771376,0.9722144600459401,8.66
2019-04-24,777,775,446,444,1.7454954954954955,1.596833882175756,0.1575849553006148,0.9433744042135702,8.52
2019-04-23,766,766,442,441,1.7369614512471656,1.5921547132108727,0.15830980565147862,0.9147047931767861,8.34
2019-04-22,759,763,443,440,1.7340909090909091,1.5878151505658913,0.1587411485262729,0.9214734798319041,8.44
2019-04-19,744,754,449,441,1.709750566893424,1.583544513157323,0.15905661957170236,0.7934662139553882,7.38
2019-04-18,759,747,457,449,1.6636971046770601,1.5798546969863037,0.15929577823496444,0.5263316367812789,5.04
2019-04-17,777,758,459,459,1.6514161220043573,1.5773750392209727,0.15941878184125113,0.46444391261949647,4.48
2019-04-16,781,778,454,454,1.7136563876651982,1.575761672598303,0.15927352453558327,0.8657729868725808,8.05
2019-04-15,771,787,448,455,1.7296703296703297,1.5729920973265041,0.1586564102828525,0.9875316860157104,9.06
2019-04-12,772,764,453,445,1.7168539325842698,1.5693375711389483,0.15816130588772082,0.9326956464942426,8.59
2019-04-11,773,765,451,453,1.6887417218543046,1.5657616615616343,0.15781709637831653,0.7792568936756035,7.28
2019-04-10,772,768,459,456,1.6842105263157894,1.5624279009691684,0.15782489274148206,0.7716312885198757,7.23
2019-04-09,780,776,462,464,1.6724137931034482,1.5587052331304692,0.15820080649427468,0.7187609373982183,6.8
2019-04-08,775,779,472,464,1.6788793103448276,1.5549523359165247,0.15879627097156424,0.7804148905391778,7.38
2019-04-05,790,781,468,469,1.6652452025586353,1.5521453375169905,0.15844113669696025,0.7138289171578172,6.79
2019-04-04,804,800,456,465,1.7204301075268817,1.5493960911380478,0.1582435885817594,1.0808274630378858,9.94
2019-04-03,820,816,450,456,1.7894736842105263,1.5457613708637763,0.1574018420548463,1.548344734503355,13.62
2019-04-02,840,825,461,446,1.8497757847533631,1.5413034311426788,0.1551549194936925,1.9881570923906455,16.68
2019-04-01,850,841,453,460,1.8282608695652174,1.5359900364985095,0.15127510824885365,1.9320484146401042,15.99
2019-03-29,852,845,450,452,1.8694690265486726,1.5306139093670035,0.1479202185031895,2.2907964888813535,18.13
2019-03-28,836,849,451,449,1.8908685968819599,1.5245467622088975,0.14315230924723102,2.558965598245479,19.37
2019-03-27,813,821,450,452,1.8163716814159292,1.5176285142504715,0.13771627547012363,2.1692655145198683,16.45
2019-03-26,802,817,447,452,1.8075221238938053,1.5118510853799796,0.1341039163255163,2.2047904834943854,16.36
2019-03-25,800,797,450,457,1.7439824945295406,1.5068141512762716,0.1299336041265697,1.8253041224211772,13.6
2019-03-22,804,805,472,460,1.75,1.5034066653842986,0.12698683774982156,1.9418810562203164,14.09
2019-03-20,791,800,470,471,1.6985138004246285,1.4998222860258608,0.12372802521318362,1.6058731565174658,11.7
2019-03-19,808,804,471,473,1.6997885835095137,1.497343502580423,0.1215659530263585,1.6653106884720894,11.91
2019-03-18,812,808,467,474,1.7046413502109705,1.4948208977381492,0.11928036157051926,1.7590527871494943,12.31
2019-03-15,809,812,460,464,1.75,1.491978871224698,0.11675992705737462,2.209843182314709,14.74
2019-03-14,790,804,465,457,1.7592997811816193,1.4883955378913647,0.11284462636346193,2.400683594960894,15.4
2019-03-13,800,790,461,462,1.70995670995671,1.484687161450505,0.1083620413393151,2.0788603252758606,13.17
2019-03-12,800,800,456,463,1.7278617710583153,1.481580904620399,0.1051515829005811,2.3421508230719685,14.25
2019-03-11,780,793,442,454,1.7466960352422907,1.4778940244155356,0.10122612124158292,2.6554609376490976,15.39
2019-03-08,784,775,457,450,1.7222222222222223,1.4741155755319417,0.09629066583871106,2.5766427568988317,14.41
2019-03-07,780,789,464,461,1.7114967462039046,1.4704363591254526,0.09191260580903024,2.622713010436358,14.08
2019-03-06,775,775,462,464,1.6702586206896552,1.4670699544219687,0.08754160057528264,2.321052675898375,12.17
2019-03-05,775,776,460,463,1.676025917926566,1.4637176751507828,0.08445612452767333,2.5138288544866536,12.67
2019-03-04,771,774,467,463,1.6717062634989202,1.4600957625133555,0.0810287834074299,2.611547305622771,12.66
2019-03-01,739,761,467,461,1.650759219088937,1.4564237310192016,0.07752022461282693,2.5069004771379313,11.77
2019-02-28,725,729,470,469,1.5543710021321961,1.4543713247999186,0.07431951271854585,1.3455373114593014,6.43
2019-02-27,717,720,466,472,1.5254237288135593,1.4527254159055099,0.07344846114498953,0.9897867399092364,4.77
2019-02-26,718,717,467,469,1.5287846481876333,1.4520558543422657,0.07301027045102118,1.0509315110240682,5.02
2019-02-25,717,716,472,468,1.5299145299145298,1.4521674588915543,0.07313376695358746,1.0630803561960067,5.08
2019-02-22,712,715,461,466,1.5343347639484979,1.4520927704447728,0.07305714921765513,1.1257213617616812,5.36
2019-02-21,718,716,468,462,1.5497835497835497,1.452401423339053,0.07345178853874336,1.3257965310556177,6.28
2019-02-20,732,726,468,465,1.5612903225806452,1.453536584474214,0.07557519281711622,1.4257818483795794,6.9
2019-02-19,735,729,469,470,1.5510638297872341,1.4545375619913206,0.07746917226254228,1.2459958584401414,6.22
2019-02-18,730,732,462,467,1.5674518201284797,1.4548090918798717,0.07784181454761373,1.4470722310784199,7.19
2019-02-15,721,725,455,455,1.5934065934065933,1.4545791903451042,0.07753364346408942,1.7905440381605255,8.71
2019-02-14,712,716,459,460,1.5565217391304347,1.4533337690996828,0.07602925855346815,1.3572139462360289,6.63
2019-02-13,730,716,451,459,1.5599128540305012,1.452785484720312,0.07542904625053536,1.4202402739439217,6.87
2019-02-12,730,724,450,449,1.6124721603563474,1.4516526453305667,0.07444320564736301,2.1602980907026192,9.97
2019-02-08,729,727,448,453,1.6048565121412803,1.449237983846077,0.0720874826550881,2.1587454931639156,9.7
2019-02-07,728,737,471,458,1.6091703056768558,1.447070164466972,0.06978293528110335,2.3229195011202015,10.07
2019-02-06,722,736,452,474,1.5527426160337552,1.4448767474795545,0.06719056055453602,1.6053723568305407,6.95
2019-02-05,681,722,463,458,1.5764192139737991,1.443385269446132,0.06601080046638559,2.0153360296761056,8.44
2019-02-04,663,673,496,495,1.3595959595959597,1.4416376016538768,0.06417514206179845,-1.2784021884815435,-6.03
2019-02-01,670,665,495,491,1.354378818737271,1.4429258130276277,0.06348131266780584,-1.394851343949332,-6.54
2019-01-31,678,670,495,493,1.359026369168357,1.4438216771438106,0.06269461918340133,-1.352513326979478,-6.24
2019-01-30,667,672,495,485,1.3855670103092783,1.4439469395899867,0.06253425500875813,-0.9335671988501668,-4.21
2019-01-29,666,675,488,497,1.3581488933601609,1.4433088603781081,0.06336532035740881,-1.343952283956064,-6.27
2019-01-28,667,663,495,492,1.3475609756097562,1.4432631015484003,0.06342800967452127,-1.5088306637672604,-7.1
2019-01-25,667,672,499,492,1.3658536585365855,1.443065092278588,0.06374883210752412,-1.2111819336826624,-5.65
2019-01-24,671,669,486,483,1.3850931677018634,1.4428062694656407,0.06410022589982058,-0.9003572289117137,-4.17
2019-01-23,669,669,476,482,1.387966804979253,1.442587895013601,0.06432397657212166,-0.849155990427698,-3.94
2019-01-22,668,670,488,481,1.392931392931393,1.4424896311462159,0.06441291058033986,-0.7693836184131253,-3.56
2019-01-21,664,664,494,485,1.3690721649484536,1.4420555773536716,0.06485357917143524,-1.1253567395608528,-5.33
2019-01-18,636,658,479,482,1.3651452282157677,1.4409054099787584,0.06687126812275676,-1.1329257525656073,-5.55
2019-01-17,646,640,479,480,1.3333333333333333,1.4396024064336843,0.0692447587967354,-1.5346876059211747,-7.97
2019-01-16,660,650,480,471,1.3800424628450105,1.4385938594251373,0.07130541140359646,-0.8211353868883726,-4.24
2019-01-15,644,650,473,478,1.3598326359832635,1.4365234519840293,0.0751273560410065,-1.0208107943916713,-5.64
2019-01-11,651,643,468,465,1.3827956989247312,1.4338195463201366,0.08123958961812347,-0.628066286834402,-3.69
2019-01-10,648,651,456,462,1.4090909090909092,1.4310671188193222,0.08626333654429254,-0.25475724228599983,-1.56
2019-01-09,643,647,469,463,1.3974082073434124,1.4280233974730179,0.09088837044412536,-0.33684386660256477,-2.19
2019-01-08,628,633,464,459,1.3790849673202614,1.4251983381345366,0.09499613886478812,-0.4854236326374293,-3.34
2019-01-07,625,623,450,456,1.3662280701754386,1.4226130077060688,0.09877911760119916,-0.5708183966399972,-4.13
2019-01-04,598,615,428,441,1.3945578231292517,1.4194511788916084,0.104180915055915,-0.23894353153834572,-1.79
2018-12-28,616,614,433,435,1.4114942528735632,1.4162623152901046,0.10846622088564388,-0.04395896139470325,-0.34
2018-12-27,611,615,431,435,1.4137931034482758,1.4128925135729582,0.11241604703245887,0.008011221699136673,0.06
2018-12-26,595,599,405,418,1.4330143540669857,1.4090926246086748,0.11704281653212326,0.2043844309893675,1.67
2018-12-25,605,597,389,404,1.4777227722772277,1.4046336538783921,0.12229876285910644,0.5976276185478463,4.95
2018-12-21,647,629,415,411,1.5304136253041363,1.399564253321315,0.126955362984051,1.0306722686402732,8.55
2018-12-20,631,634,432,421,1.505938242280285,1.394113366266443,0.12996104974699665,0.8604491594330635,7.43
2018-12-19,642,639,447,439,1.4555808656036446,1.3884806077015222,0.13408198650384112,0.500442003073994,4.61
2018-12-18,660,649,455,448,1.4486607142857142,1.3837491218196125,0.13783920414416187,0.47092257147837707,4.48
2018-12-17,669,669,474,465,1.4387096774193548,1.3796789286480042,0.14034657003247256,0.4206069928014089,4.1
2018-12-14,671,673,486,479,1.4050104384133613,1.3762206293753305,0.14203483880510057,0.2026954040306686,2.05
2018-12-13,693,676,477,486,1.3909465020576133,1.3729405412820541,0.14415683674144147,0.12490535435273531,1.29
2018-12-12,682,696,463,474,1.4683544303797469,1.3699074084341063,0.14612582543051153,0.6737140519521373,6.7
2018-12-11,676,677,463,464,1.459051724137931,1.3660892971771186,0.1472404955729491,0.6313645345940513,6.37
2018-12-10,677,666,461,460,1.4478260869565218,1.3629375683856437,0.14774589674560482,0.5745575372359935,5.86
2018-12-07,688,681,476,468,1.455128205128205,1.3598966614197718,0.14831338561717883,0.6420967555433025,6.54
2018-12-06,686,685,479,472,1.451271186440678,1.3562429835141254,0.14929441511497082,0.6365154574159513,6.55
2018-12-05,678,694,479,487,1.4250513347022586,1.3521014357745567,0.1509005421286654,0.4834303303264558,5.12
2018-12-04,690,686,500,485,1.4144329896907217,1.3481199083999826,0.15285011950590935,0.4338438301853952,4.69
2018-12-03,688,686,498,500,1.372,1.3439449794817797,0.1552394169031515,0.1807209861894995,2.04
2018-11-30,692,686,487,496,1.3830645161290323,1.3399391079221468,0.158309776884756,0.27241152792653656,3.12
2018-11-29,708,692,482,484,1.4297520661157024,1.3355410611627503,0.1615983250708906,0.5829949345800659,6.59
2018-11-28,708,707,470,475,1.4884210526315789,1.3302373213587684,0.16491292214089953,0.9591954906824117,10.63
2018-11-27,715,708,480,478,1.4811715481171548,1.324030204976263,0.1675817292235447,0.9376997353409219,10.61
2018-11-26,722,720,471,476,1.5126050420168067,1.3179443840991294,0.17003447239148617,1.1448305462994113,12.87
2018-11-22,702,713,470,472,1.5105932203389831,1.3111790946500164,0.17223462738240544,1.1578050750864157,13.2
2018-11-21,706,701,474,470,1.4914893617021276,1.3047004031524925,0.17374382431864463,1.0750825779399553,12.52
2018-11-20,705,711,471,480,1.48125,1.2981472116631307,0.17583136365689028,1.0413545372608728,12.36
2018-11-19,708,708,477,478,1.4811715481171548,1.2900558268000069,0.18110321877809996,1.0552861655723302,12.9
2018-11-16,697,706,480,478,1.4769874476987448,1.282210063144143,0.18535000090226972,1.050862603757433,13.19
2018-11-15,693,701,475,483,1.4513457556935818,1.2743424222152142,0.1893946383854981,0.9345741515559223,12.2
2018-11-14,693,698,480,477,1.4633123689727463,1.266850224063419,0.19331809384034299,1.0162636150943065,13.43
2018-11-13,706,700,480,484,1.4462809917355373,1.2590060591437824,0.19708630292080906,0.9502178985365793,12.95
2018-11-12,705,712,492,488,1.459016393442623,1.2511629014411465,0.20114043905251966,1.0333749542388342,14.25
2018-11-09,709,708,499,499,1.4188376753507015,1.243068160568918,0.20479568675221632,0.8582676596819552,12.39
2018-11-08,680,705,493,502,1.404382470119522,1.2356557012416614,0.20833003023164479,0.8099013315087182,12.01
2018-11-07,705,680,475,487,1.3963039014373717,1.2283006124275544,0.21194953003906836,0.7926570489627861,12.03
2018-11-06,678,708,475,473,1.4968287526427062,1.2211924561738616,0.21511190468949215,1.2813623535467162,18.41
2018-11-05,710,694,476,485,1.4309278350515464,1.2129505864664942,0.2162320916495152,1.008070758240482,15.23
2018-11-02,719,714,476,484,1.475206611570248,1.205631111507337,0.21801350473286696,1.2365082630694058,18.27
2018-11-01,716,724,469,471,1.5371549893842889,1.197838069710683,0.21868331669358057,1.5516360589548646,22.07
2018-10-31,719,721,481,473,1.5243128964059196,1.1892145079635241,0.2178835070768441,1.5379704179454554,21.98
2018-10-30,718,718,440,461,1.5574837310195229,1.1806218644942428,0.21720529761160592,1.7350491478304682,24.2
2018-10-29,715,721,472,441,1.6349206349206349,1.1714770363689377,0.21557813095139594,2.1497709276280195,28.35
2018-10-26,713,720,457,440,1.6363636363636365,1.1615572892008683,0.21109511198252356,2.2492531575154477,29.02
2018-10-25,727,715,470,455,1.5714285714285714,1.1517749015661316,0.20579869971415635,2.039146362174867,26.71
2018-10-24,730,741,483,478,1.5502092050209204,1.1429171152083453,0.20180378529176873,2.0182579292242244,26.27
2018-10-23,732,720,484,480,1.5,1.1347637128483468,0.19749051868069875,1.8493864393670698,24.35
2018-10-22,742,738,493,487,1.515400410677618,1.1269405835966462,0.19446548177130676,1.9975772746024112,25.63
2018-10-19,730,736,502,499,1.4749498997995991,1.1190111068565767,0.19054953627716567,1.8679593763234785,24.13
2018-10-18,737,730,510,510,1.4313725490196079,1.1115427231840642,0.18740339026413838,1.706638419853317,22.34
2018-10-17,739,737,511,511,1.442270058708415,1.1047343157288954,0.18491942470946388,1.8253125300916269,23.4
2018-10-16,721,731,499,506,1.4446640316205535,1.0979882708841544,0.18168325755195625,1.9081326777579362,24.0
2018-10-15,709,719,502,499,1.440881763527054,1.0911492919870067,0.17812380650926346,1.9634235220650267,24.27
2018-10-12,706,714,491,494,1.4453441295546559,1.084156041271529,0.1745152367097163,2.0696650624490567,24.99
2018-10-11,710,715,488,491,1.4562118126272912,1.076945087718338,0.1705707705661259,2.223515339997372,26.04
2018-10-10,711,725,515,510,1.4215686274509804,1.0692833161815531,0.16621275752500936,2.119484187105315,24.78
2018-10-09,705,702,530,513,1.368421052631579,1.0618774549123142,0.16268801518079096,1.8842420406851164,22.4
2018-10-05,714,713,525,533,1.3377110694183865,1.0555030901952842,0.15989420185479541,1.7649669340692138,21.1
2018-10-04,712,718,533,530,1.3547169811320754,1.0493555390942673,0.1577752081156482,1.935420942775624,22.54
2018-10-03,719,713,534,535,1.3327102803738318,1.042916577636438,0.15501177957968013,1.8694947153253745,21.74
2018-10-02,727,719,535,534,1.3464419475655431,1.0366268334031228,0.15267842209589005,2.0292003932804614,23.01
2018-10-01,743,735,539,537,1.3687150837988826,1.0300670753542052,0.14976757891796683,2.2611569933314297,24.74
2018-09-28,735,740,535,536,1.3805970149253732,1.0230249712441106,0.14604961373680725,2.448291608121848,25.9
2018-09-27,699,721,533,530,1.360377358490566,1.0157144469425416,0.14162362124521108,2.433654135642143,25.34
2018-09-26,668,694,528,541,1.2828096118299446,1.0089442807891862,0.13704816970506103,1.9983144001860016,21.35
2018-09-25,684,673,510,531,1.2674199623352165,1.003148169509091,0.13451214068787576,1.9646687018337348,20.85
2018-09-21,645,654,529,520,1.2576923076923077,0.9975604531076544,0.13210085105382557,1.9691913603089537,20.68
2018-09-20,642,643,494,525,1.2247619047619047,0.9919127664177142,0.12989487838149147,1.7925967616700802,19.01
2018-09-19,645,641,557,554,1.1570397111913358,0.9867532113620961,0.12821793225359276,1.3281020590196582,14.72
2018-09-18,638,647,542,550,1.1763636363636363,0.9824130837342591,0.12788910917428226,1.5165525343136843,16.49
2018-09-14,643,640,540,542,1.1808118081180812,0.9779198362992795,0.1269121537325966,1.5986803931032034,17.18
2018-09-13,641,639,544,539,1.1855287569573283,0.973638044449103,0.12540298740227798,1.6896783473626904,17.87
2018-09-12,625,640,549,540,1.1851851851851851,0.96919851572386,0.12370536032120041,1.7459766407899928,18.22
2018-09-11,629,621,559,550,1.1290909090909091,0.9647942390388814,0.12180276022229225,1.3488747689476277,14.55
2018-09-10,635,632,548,547,1.1553930530164533,0.9610751299670909,0.12098507790203299,1.606131321473466,16.82
2018-09-07,630,635,553,548,1.1587591240875912,0.9572466088369244,0.1193069528799458,1.6890257473379733,17.39
2018-09-06,630,631,565,559,1.1288014311270125,0.95347640239175,0.11733086221978518,1.4942788744434699,15.53
2018-09-05,619,624,567,568,1.0985915492957747,0.9501523728770883,0.11583867589345834,1.2814301896476452,13.51
2018-09-04,618,619,555,564,1.0975177304964538,0.9472534567465604,0.11480352031649846,1.3088821086290239,13.69
2018-09-03,611,618,555,551,1.1215970961887478,0.944330210581338,0.11372636719594159,1.5587140429975475,15.8
2018-08-31,608,610,561,563,1.0834813499111902,0.941310898229442,0.111972499680895,1.269690790925565,13.12
2018-08-30,608,612,531,556,1.1007194244604317,0.9387603135639595,0.1108783604448968,1.460691790955558,14.71
2018-08-29,605,606,522,530,1.1433962264150943,0.9361546805743639,0.10932707227751191,1.8956104972305112,18.13
2018-08-28,604,605,524,513,1.179337231968811,0.9329517255978241,0.10669582079270222,2.30923296283259,20.89
2018-08-27,602,605,519,522,1.1590038314176245,0.929472127130757,0.10278772164264333,2.2330653955427513,19.8
2018-08-24,604,605,513,520,1.1634615384615385,0.9267431521606743,0.09931587835522557,2.38348983285621,20.35
2018-08-23,604,604,494,511,1.181996086105675,0.9239106897310554,0.09547953830533819,2.703044033887943,21.83
2018-08-22,603,604,488,494,1.222672064777328,0.9206899268692911,0.09067250800465186,3.3304707739256973,24.7
2018-08-21,605,605,498,496,1.219758064516129,0.9164886427732701,0.08360763432491197,3.627293418736234,24.86
2018-08-20,598,600,520,508,1.1811023622047243,0.9126668815398047,0.0758486877887769,3.5390919538708117,22.73
2018-08-17,590,592,516,519,1.140655105973025,0.9092806071496848,0.0691634171095713,3.345330645777491,20.28
2018-08-16,587,588,522,522,1.1264367816091954,0.9061122764437819,0.0637202640302781,3.4576834939152383,19.56
2018-08-15,583,587,543,533,1.101313320825516,0.9041840284465684,0.05904010384062608,3.3389049062495193,17.9
2018-08-14,578,584,547,545,1.071559633027523,0.9024178836224468,0.05495672752829575,3.077726003936272,15.78
2018-08-13,580,574,559,545,1.0532110091743119,0.9007337498143934,0.051579200441071886,2.9561772585854733,14.48
2018-08-10,584,581,568,563,1.0319715808170515,0.899231129284781,0.04867509900820652,2.7270710124265136,12.86
2018-08-09,580,581,562,568,1.022887323943662,0.8980091426158223,0.04642576595022512,2.689846441343078,12.21
2018-08-08,575,580,570,566,1.0247349823321554,0.8971819554580742,0.04471454063570653,2.8526073411615123,12.45
2018-08-07,577,579,566,576,1.0052083333333333,0.8961985609224037,0.04266243126142773,2.5551701857528286,10.84
2018-08-06,573,581,565,567,1.0246913580246915,0.895365341246099,0.041107173810858,3.1460692815722697,12.62
2018-08-03,546,568,575,568,1.0,0.8948528470795384,0.03970740737425621,2.6480488118857246,10.51
2018-08-02,540,543,604,621,0.8743961352657005,0.8942954334786466,0.03850259508632213,-0.5168300518012421,-2.28
2018-08-01,547,541,613,606,0.8927392739273927,0.8956073398837208,0.03946642975462941,-0.07267102634211861,-0.32
2018-07-31,547,549,610,619,0.8869143780290791,0.897060711701739,0.0412985687230814,-0.2456824530819425,-1.14
2018-07-30,545,547,620,615,0.8894308943089431,0.8985452911909679,0.042878198936995765,-0.2125648256685723,-1.02
2018-07-27,545,546,630,624,0.875,0.8999267923103269,0.04421073625780802,-0.5638176248631147,-2.85
2018-07-26,541,544,629,634,0.8580441640378549,0.9011437681394445,0.04476063924319912,-0.9628907189509842,-5.02
2018-07-25,536,535,622,628,0.8519108280254777,0.9024950574581954,0.04496840540901867,-1.124883770563337,-5.94
2018-07-24,534,535,618,620,0.8629032258064516,0.9038378820636537,0.04494153040701726,-0.9108425077311215,-4.74
2018-07-23,529,527,610,618,0.8527508090614887,0.9052084348219119,0.04523867419715183,-1.159574781785402,-6.15
2018-07-20,533,530,604,614,0.8631921824104235,0.9060514937763254,0.04484064319913909,-0.9558139292418715,-4.97
2018-07-19,538,536,609,610,0.8786885245901639,0.9069807434247233,0.044664624097235414,-0.633436850894949,-3.22
2018-07-18,544,538,611,610,0.8819672131147541,0.9074301856863862,0.04454711085752352,-0.5715964982122221,-2.89
2018-07-17,529,538,593,604,0.890728476821192,0.9077100965290669,0.044452089573405275,-0.3820207299778896,-1.91
2018-07-13,522,528,588,593,0.8903878583473862,0.9077369071571494,0.04444244461756321,-0.39037116340146166,-1.95
2018-07-12,518,520,583,591,0.8798646362098139,0.9078040668672018,0.04441997682329538,-0.6289834586931954,-3.18
2018-07-11,530,516,587,592,0.8716216216216216,0.9076353799144589,0.044549591099514375,-0.8083970560445803,-4.13
2018-07-10,537,531,600,596,0.8909395973154363,0.9076501219292008,0.044537852649409286,-0.37519825540996704,-1.88
2018-07-09,537,538,594,596,0.9026845637583892,0.90741594894335,0.04467107075690869,-0.10591609076728935,-0.52
2018-07-06,540,537,574,592,0.9070945945945946,0.9068485363247495,0.04499665189527827,0.005468368411449738,0.03
2018-07-05,541,536,585,571,0.9387040280210157,0.9061521341809788,0.04538991287460678,0.717161408305939,3.47
2018-07-04,535,537,575,588,0.9132653061224489,0.9049326684005411,0.04572633280667053,0.18222842748264917,0.91
2018-07-03,538,534,588,580,0.9206896551724137,0.9039399395406089,0.046338765582025515,0.36146227508274253,1.82
2018-07-02,547,537,593,587,0.9148211243611585,0.9030360127872409,0.046663308370793584,0.2525562799849369,1.29
2018-06-29,545,546,583,593,0.9207419898819561,0.9019902836265437,0.0472624474585833,0.39675698707403617,2.04
2018-06-28,544,544,587,581,0.9363166953528399,0.9009559597862955,0.047687685787907,0.7415066380828956,3.78
2018-06-27,548,546,597,586,0.931740614334471,0.8994651814579397,0.04830263368688418,0.6681919889866195,3.46
2018-06-26,540,548,587,598,0.9163879598662207,0.8981084338541395,0.048803501197419434,0.3745535784028487,1.99
2018-06-25,540,540,607,597,0.9045226130653267,0.897042967554875,0.04926292171036934,0.15183113893298114,0.83
2018-06-22,534,536,611,608,0.881578947368421,0.8960835365030465,0.049805628546590326,-0.2912238949270015,-1.65
2018-06-21,537,537,612,620,0.8661290322580645,0.8952645510549301,0.050537048587526584,-0.5765180122540189,-3.36
2018-06-20,533,544,602,611,0.8903436988543372,0.8946084716504636,0.05122573846483409,-0.08325449127598601,-0.48
2018-06-19,542,533,618,608,0.8766447368421053,0.8937069193021029,0.05188364929582844,-0.32885471032912506,-1.95
2018-06-18,547,544,631,624,0.8717948717948718,0.8929417796009981,0.052548505583232985,-0.4024264357552684,-2.43
2018-06-15,549,545,641,633,0.8609794628751974,0.8922323022543526,0.05318458839655521,-0.5876296183046025,-3.63
2018-06-14,541,546,643,639,0.8544600938967136,0.8915480860875638,0.053907430557278396,-0.6879940632941675,-4.34
2018-06-13,542,543,650,646,0.8405572755417957,0.8911462758265984,0.05429330668581538,-0.9317723191470223,-6.02
2018-06-12,543,541,634,650,0.8323076923076923,0.890746926294122,0.05477198245213497,-1.066954880398925,-7.02
2018-06-11,538,538,635,631,0.8526148969889065,0.8905403812875768,0.05502061093635119,-0.689295950249321,-4.45
2018-06-08,540,536,631,632,0.8481012658227848,0.8899591500796044,0.05564489174200984,-0.7522322884711162,-4.94
2018-06-07,537,537,643,633,0.8483412322274881,0.8894219039727379,0.05623778816568678,-0.7304816402846182,-4.84
2018-06-06,530,533,637,639,0.8341158059467919,0.8889518090383652,0.056724471380936635,-0.9667080495703312,-6.57
2018-06-05,541,532,641,635,0.8377952755905512,0.8883254155461089,0.05757949961688592,-0.8775717102747982,-6.03
2018-06-04,537,538,640,647,0.8315301391035549,0.8876832671561211,0.05840212932094294,-0.9614911083803545,-6.75
2018-06-01,530,533,624,635,0.8393700787401575,0.8870666691052109,0.059229982453249015,-0.805277806771275,-5.68
2018-05-31,535,533,628,620,0.8596774193548387,0.8864088042084135,0.06002476844494096,-0.44533924155150717,-3.11
2018-05-30,528,532,618,624,0.8525641025641025,0.8854379228019305,0.061029763461119234,-0.5386522636413483,-3.86
2018-05-29,536,536,629,627,0.8548644338118022,0.8847331407569423,0.06170678161042874,-0.4840425341530395,-3.49
2018-05-28,547,539,634,634,0.8501577287066246,0.8843224169777976,0.06200601447271363,-0.5509899089903195,-4.02
2018-05-25,546,547,625,630,0.8682539682539683,0.883383697421308,0.06304043415822803,-0.24000039608491414,-1.74
2018-05-24,559,551,636,629,0.875993640699523,0.882733164962595,0.0634436548615838,-0.10622849956825076,-0.77
2018-05-23,571,562,645,639,0.8794992175273866,0.8820270325248035,0.06380841197717219,-0.03961570142697304,-0.29
2018-05-22,572,571,649,648,0.8811728395061729,0.8812231634850789,0.06421368004967297,-0.000783695606093625,-0.01
2018-05-21,572,570,638,649,0.8782742681047766,0.8802221147293363,0.06478929507469852,-0.030064328101022733,-0.22
2018-05-18,571,572,643,639,0.8951486697965572,0.8794648362499106,0.06513861920854687,0.2407762666327553,1.75
2018-05-17,566,571,626,640,0.8921875,0.8787665367055033,0.06524737336882572,0.20569354138796736,1.5
2018-05-16,566,564,632,623,0.9052969502407705,0.8780006468749948,0.06542223802445488,0.4172327971350099,3.02
2018-05-15,572,569,637,630,0.9031746031746032,0.8769792316424438,0.06558590473377199,0.39940550699868016,2.9
2018-05-14,606,585,637,637,0.9183673469387755,0.8760261976627618,0.06571752429985503,0.6442900843741483,4.61
2018-05-11,604,606,634,635,0.9543307086614173,0.8748704086144691,0.06572496407635905,1.2089820232481456,8.33
2018-05-10,599,602,643,633,0.9510268562401264,0.8730923861120372,0.06535401622845514,1.1924970281192375,8.19
2018-05-09,599,600,660,638,0.9404388714733543,0.8714012450940021,0.06495527666523704,1.0628486232943712,7.34
2018-05-08,597,599,646,660,0.9075757575757576,0.8696348081977225,0.06485513776527778,0.5850106974616268,4.18
2018-05-07,597,600,638,643,0.9331259720062208,0.8682911677112249,0.06509860417249286,0.9959476876524421,6.95
2018-05-02,596,598,661,645,0.9271317829457364,0.866654399407804,0.06499104504008203,0.9305494857119793,6.52
2018-05-01,594,596,630,660,0.9030303030303031,0.8651123144330084,0.06490984005223452,0.584163950593333,4.2
2018-04-27,590,594,608,605,0.9818181818181818,0.8640737318862292,0.06491799278746635,1.8137413816448966,11.99
2018-04-26,588,591,618,610,0.9688524590163935,0.8621430437897951,0.06352581644218858,1.6797803035512164,11.01
2018-04-25,584,587,618,621,0.9452495974235104,0.8602162512057684,0.062442315218251124,1.3617904128078815,9.0
2018-04-24,585,585,623,622,0.9405144694533762,0.8583891789478841,0.06193016130049776,1.3260952140428548,8.73
2018-04-23,589,583,619,620,0.9403225806451613,0.8568667264513442,0.06129276409413832,1.3615939079797235,8.88
2018-04-20,583,589,617,613,0.9608482871125612,0.8554213707621394,0.060581730497256084,1.740242734650785,10.97
2018-04-19,576,582,613,612,0.9509803921568627,0.8537557462644765,0.05936532092428566,1.6377346972719347,10.22
2018-04-18,574,576,588,611,0.9427168576104746,0.8524567608404604,0.05827966544566314,1.5487408185993783,9.57
2018-04-17,573,574,594,582,0.9862542955326461,0.8515419476126165,0.05738733748320342,2.3474228606521135,13.66
2018-04-16,572,573,589,598,0.9581939799331104,0.8499361464593752,0.05524020473855082,1.9597652468182225,11.3
2018-04-13,576,572,575,588,0.9727891156462585,0.8486634947007899,0.053812495948001575,2.306631921801393,12.76
2018-04-12,572,575,575,574,1.0017421602787457,0.8471082431774617,0.051852515255240775,2.9821873893697965,15.44
2018-04-11,572,573,575,574,0.9982578397212544,0.8450675911733783,0.04863877668241592,3.149549783049088,15.35
2018-04-10,571,571,585,575,0.9930434782608696,0.8429865115870722,0.04526162198938081,3.315324552642048,15.11
2018-04-09,567,573,593,593,0.9662731871838112,0.8410518679499868,0.041772856231578365,2.9976719460988837,12.96
2018-04-06,564,567,601,591,0.9593908629441624,0.8392974034126488,0.039158161091408974,3.0668820032476267,12.52
2018-04-05,567,563,587,591,0.9526226734348562,0.8370596149498225,0.03696543867969416,3.1262460994008094,12.13
2018-04-04,560,563,602,583,0.9656946826758147,0.8349680588796212,0.034738326480507446,3.7631813918712376,13.54
2018-04-03,550,556,591,607,0.9159802306425041,0.8327196331150607,0.031511808446014436,2.6422030861886023,9.09
2018-04-02,550,556,599,596,0.9328859060402684,0.8311839252269931,0.03019582196024942,3.3680812182280877,10.9
2018-03-30,549,552,610,605,0.912396694214876,0.8296260366134917,0.027829951510373225,2.974157449413189,9.07
2018-03-29,544,549,609,608,0.9029605263157895,0.8285530260766907,0.026116635404960217,2.8490461763297015,8.24
2018-03-28,538,541,605,606,0.8927392739273927,0.8275182472281609,0.024643960876324575,2.6465318228081416,7.31
2018-03-27,529,548,613,612,0.8954248366013072,0.8267665720606442,0.023475218989105012,2.924712420042929,7.67
2018-03-26,529,529,601,610,0.8672131147540983,0.8258198010339893,0.02207737242660452,1.8749202994024623,4.77
2018-03-23,526,528,604,605,0.8727272727272727,0.8253192305662057,0.02155254210382354,2.1996496716114304,5.43
2018-03-22,537,538,622,616,0.8733766233766234,0.8248821373356787,0.020909479643347793,2.3192583874928148,5.55
2018-03-20,532,535,620,622,0.860128617363344,0.8240445130745092,0.020196175100460952,1.7866801069679388,4.2
2018-03-19,535,536,634,627,0.8548644338118022,0.8231887441222772,0.020007982742401106,1.5831525895110672,3.71
2018-03-16,536,538,636,635,0.8472440944881889,0.82235590671442,0.019972123517055778,1.246146297488842,2.94
2018-03-15,540,536,644,639,0.838810641627543,0.8214001775749847,0.02046719157881066,0.8506523225483983,2.08
2018-03-14,545,545,649,639,0.8528951486697965,0.8204629492668645,0.021243166955581642,1.5267120703210644,3.8
2018-03-13,542,547,647,654,0.8363914373088684,0.8193676937931643,0.021656368840595276,0.7860848529598736,2.04
2018-03-12,548,543,664,644,0.843167701863354,0.8185762886032338,0.022099791726239753,1.1127441183494062,2.92
2018-03-09,547,545,653,661,0.8245083207261724,0.8177379584816293,0.022342254954951034,0.30302949537520935,0.82
2018-03-08,534,537,640,647,0.8299845440494591,0.8172859012298889,0.02254279263817835,0.5633127635687815,1.53
2018-03-07,534,532,650,636,0.8364779874213837,0.816911961418186,0.022561647467410167,0.8672250566568952,2.34
2018-03-06,537,542,650,651,0.8325652841781874,0.8161253675020157,0.022891765366414223,0.7181585348717422,1.97
2018-03-05,530,529,650,645,0.8201550387596899,0.8158834200547622,0.022812487453595362,0.18724914210328344,0.52
2018-03-02,533,531,652,650,0.816923076923077,0.81597572284449,0.022843568329752165,0.04147137018663862,0.12
2018-03-01,550,543,675,660,0.8227272727272728,0.8165043266803326,0.023313245015774253,0.2669274930508215,0.76
2018-02-28,555,553,670,675,0.8192592592592592,0.8167571451020165,0.02348156326530468,0.10655654093268088,0.31
2018-02-27,558,555,689,678,0.8185840707964602,0.8171197775507382,0.023726139142773016,0.061716456980658106,0.18
2018-02-26,552,553,663,683,0.8096632503660323,0.8177044414392368,0.02428862851653392,-0.33106814029168846,-0.99
2018-02-23,544,549,659,666,0.8243243243243243,0.8187411610149304,0.025549928145447945,0.21851972645913742,0.68
2018-02-22,541,535,660,660,0.8106060606060606,0.8202545791950153,0.028968781635499083,-0.333066081630828,-1.19
2018-02-21,538,544,664,666,0.8168168168168168,0.8214412832630753,0.03033977853026962,-0.15242255119445566,-0.57
2018-02-20,541,538,665,665,0.8090225563909774,0.8226507886733733,0.03189937889474964,-0.4272256311748733,-1.68
2018-02-19,523,538,649,666,0.8078078078078078,0.8233667599617959,0.03218678345798264,-0.4833956824017246,-1.93
2018-02-16,515,522,648,642,0.8130841121495327,0.8241842992291445,0.0325577691842103,-0.3409381956364232,-1.37
2018-02-15,518,514,662,653,0.7871362940275651,0.8250268512032052,0.033073184130426474,-1.1456579755434468,-4.81
2018-02-14,520,518,665,656,0.7896341463414634,0.8259483672828377,0.0329672897370938,-1.1015227891334542,-4.6
2018-02-13,535,523,670,666,0.7852852852852853,0.8269652504401751,0.03300768628115757,-1.2627351338673747,-5.31
2018-02-09,524,523,655,662,0.7900302114803626,0.8279064950982339,0.03281165853782886,-1.154354436981703,-4.79
2018-02-08,540,539,685,685,0.7868613138686131,0.8285517241699291,0.03253513329362767,-1.2813966343725234,-5.3
2018-02-07,564,543,685,679,0.7997054491899853,0.8292561687381949,0.03219502525772003,-0.9178660153752662,-3.7
2018-02-06,550,548,702,665,0.8240601503759398,0.8298063216972563,0.032037513516820965,-0.17935759335066773,-0.7
2018-02-05,578,570,708,731,0.7797537619699042,0.8299636341703582,0.03203787878976937,-1.5672033885241963,-6.44
2018-02-02,581,581,731,709,0.8194640338504936,0.8303971217662873,0.031572146180689035,-0.3462890312626546,-1.33
2018-02-01,584,586,712,712,0.8230337078651685,0.8301937764491895,0.03169079753562422,-0.2259352601010497,-0.87
2018-01-31,582,580,715,708,0.8192090395480226,0.8301993967882044,0.03168956455910821,-0.346813135273043,-1.34
2018-01-30,587,582,723,722,0.8060941828254847,0.8301643817885357,0.03170313682226208,-0.7592371410436826,-2.99
2018-01-29,594,589,712,717,0.8214783821478382,0.830576065683768,0.031588163074556086,-0.2880092620282137,-1.11
2018-01-26,594,595,707,706,0.8427762039660056,0.830833211671266,0.03159155521889916,0.3780438225337794,1.42
2018-01-25,596,591,713,708,0.8347457627118644,0.8301207303053572,0.03191508483120714,0.14491681381917576,0.55
2018-01-24,596,595,711,718,0.8286908077994429,0.8294226526306245,0.03237555399687239,-0.022604858939318975,-0.09
2018-01-23,592,593,709,713,0.8316970546984572,0.8288184460581182,0.03280359310511193,0.08775284558356743,0.35
2018-01-22,589,588,709,707,0.8316831683168316,0.8286350904436731,0.03282541590465449,0.09285725067466168,0.37
2018-01-19,587,587,710,715,0.820979020979021,0.8282672790146429,0.0329435396073186,-0.22123481940607295,-0.89
2018-01-18,591,586,728,711,0.8241912798874824,0.827889170270122,0.03318686201689933,-0.11142633433545293,-0.45
2018-01-17,593,589,733,729,0.8079561042524005,0.8277278112864274,0.03323383672699308,-0.5949270075690043,-2.45
2018-01-16,594,593,736,735,0.8068027210884354,0.8274544230248632,0.0334787910967576,-0.6168592490912206,-2.56
2018-01-15,596,594,732,733,0.810368349249659,0.827222462540411,0.03368073381299622,-0.5004081379084627,-2.08
2018-01-12,604,594,727,732,0.8114754098360656,0.8269215749358455,0.033929834742821505,-0.455238441827302,-1.9
2018-01-11,605,604,726,732,0.825136612021858,0.826610519870692,0.03417605580258502,-0.04312691485957169,-0.18
2018-01-10,598,606,722,724,0.8370165745856354,0.8263170860346075,0.03428176529709973,0.3121043638885497,1.28
2018-01-09,593,596,738,723,0.8243430152143845,0.825733953756756,0.034466276247676786,-0.040356507688156365,-0.17
2018-01-05,593,590,715,730,0.8082191780821918,0.8254647196066428,0.03455484357850931,-0.49907740098052505,-2.13
2018-01-04,595,590,714,714,0.8263305322128851,0.8253863399283558,0.0346005090194068,0.027288392896178914,0.11
2017-12-29,591,589,706,708,0.8319209039548022,0.8250318429733907,0.0347249944069456,0.19838911709179655,0.83
2017-12-28,607,591,717,707,0.8359264497878359,0.8247608202926408,0.0347494834023461,0.3213178557480751,1.34
2017-12-27,612,612,698,717,0.8535564853556485,0.8243978959489436,0.03477310571521128,0.8385385431347785,3.42
2017-12-26,614,611,707,699,0.8741058655221745,0.8237924384744689,0.0346552613181578,1.451826508702262,5.76
2017-12-25,615,613,716,708,0.865819209039548,0.8227346434919074,0.03431246701006088,1.2556533907925547,4.98
2017-12-22,610,616,713,714,0.8627450980392157,0.8216342516011451,0.03423637525215158,1.2007943637516654,4.77
2017-12-21,618,613,722,716,0.8561452513966481,0.820217940149028,0.034700393178588855,1.0353574687962972,4.2
2017-12-20,620,617,735,727,0.8486932599724897,0.8188559706634115,0.03526358729073377,0.8461217817427923,3.52
2017-12-19,620,619,728,735,0.8421768707482993,0.8178309998488157,0.035497855002682925,0.6858406204443489,2.89
2017-12-18,625,619,742,730,0.8479452054794521,0.8169410981478541,0.035712312984564856,0.8681629595091809,3.66
2017-12-15,612,616,753,738,0.8346883468834688,0.8154495284993305,0.03670849287249615,0.5240972014558793,2.3
2017-12-14,602,600,756,758,0.7915567282321899,0.8137266369203954,0.038741179017543835,-0.5722569433977699,-2.8
2017-12-13,595,600,749,754,0.7957559681697612,0.8126648730665952,0.04039035417838383,-0.41863720288650685,-2.12
2017-12-12,599,597,747,749,0.7970627503337784,0.8114511794963808,0.04220700206194077,-0.3409014727339959,-1.81
2017-12-11,593,599,730,748,0.8008021390374331,0.8101389508011856,0.044120479477189826,-0.21162081360832805,-1.17
2017-12-08,588,590,708,723,0.8160442600276625,0.8089144411010203,0.04561184187108574,0.15631508472719566,0.87
2017-12-07,589,589,713,708,0.8319209039548022,0.8077665553698339,0.04649276466598867,0.519529194671407,2.9
2017-12-06,590,586,712,710,0.8253521126760563,0.8062045796807394,0.047609484261873176,0.40217896270409115,2.32
2017-12-05,597,598,724,715,0.8363636363636363,0.8052630759982972,0.04791872082653987,0.6490273494135939,3.72
2017-12-04,607,601,729,729,0.8244170096021948,0.8045272087685424,0.047859200600922434,0.41558990923197686,2.41
2017-12-01,616,604,731,728,0.8296703296703297,0.8036792127430773,0.048062285996735746,0.5407798732049005,3.13
2017-11-30,605,614,733,731,0.8399452804377565,0.8026209432814465,0.04835129015186207,0.7719408735337044,4.44
2017-11-29,587,599,743,739,0.8105548037889039,0.801753776196643,0.048257235869669984,0.1823773664954643,1.09
2017-11-28,584,589,732,740,0.7959459459459459,0.8008240908443491,0.048747879339737524,-0.10006886380443478,-0.61
2017-11-27,586,584,750,737,0.7924016282225237,0.799973661467604,0.04937784730838677,-0.1533487921777863,-0.96
2017-11-24,581,584,752,753,0.7755644090305445,0.7990126934203283,0.050210166085332686,-0.46700272510418034,-3.02
2017-11-22,593,581,753,756,0.7685185185185185,0.7989145530798564,0.050263067519793855,-0.6047389477247438,-3.96
2017-11-21,586,585,748,759,0.7707509881422925,0.799201447328791,0.050150033663324045,-0.5673068811378483,-3.69
2017-11-20,583,582,751,749,0.7770360480640854,0.7992775221440479,0.05011113065493106,-0.44384299035515473,-2.86
2017-11-17,597,586,750,751,0.7802929427430093,0.7995223683797068,0.05004668030311513,-0.3842297934694495,-2.46
2017-11-16,582,589,722,745,0.7906040268456376,0.7992562035232986,0.05020108604469868,-0.17235038839512784,-1.09
2017-11-15,588,579,754,722,0.8019390581717452,0.7987926981186279,0.05043875155694811,0.062379816232463456,0.39
2017-11-14,606,587,756,755,0.7774834437086092,0.797638867819195,0.05133541594387748,-0.39262220320997776,-2.59
2017-11-13,621,610,747,749,0.8144192256341789,0.7968562239278272,0.05207879892373221,0.33723899301272664,2.16
2017-11-10,629,617,738,746,0.8270777479892761,0.7953481397231642,0.05317450381599313,0.5967071808683001,3.84
2017-11-09,640,639,754,746,0.8565683646112601,0.7940255502650915,0.05360075874458101,1.1668270340014846,7.3
2017-11-08,646,638,758,758,0.841688654353562,0.7921829298993909,0.05379409351596891,0.920281785945054,5.88
2017-11-07,644,645,756,762,0.8464566929133859,0.7904531681311985,0.054258196483090305,1.0321670901767077,6.62
2017-11-06,678,652,761,756,0.8624338624338624,0.7887284824011253,0.054505879955677246,1.3522464015381914,8.55
2017-11-02,718,670,751,755,0.8874172185430463,0.7865040895100658,0.054855609187104075,1.8396136790456803,11.37
2017-11-01,697,709,768,756,0.9378306878306878,0.7835048438568153,0.055402855921190874,2.7855214574749905,16.46
2017-10-31,685,690,755,767,0.8996088657105606,0.7800363649596633,0.05375100158737787,2.2245632122132593,13.29
2017-10-30,685,687,797,757,0.9075297225891678,0.7769210427911931,0.05350087504684113,2.4412438055195174,14.39
2017-10-27,685,685,796,794,0.8627204030226701,0.7738753728581634,0.052470883048620805,1.6932253661936782,10.3
2017-10-26,685,684,787,787,0.8691232528589581,0.7714802143082252,0.05246064955885784,1.861262477148381,11.23
2017-10-25,686,687,801,784,0.8762755102040817,0.7689089982871998,0.052337580161795356,2.0514229275593396,12.25
2017-10-24,680,685,781,800,0.85625,0.7664837841410662,0.051513996550350785,1.7425597288145658,10.48
2017-10-23,682,678,796,783,0.8659003831417624,0.764338171968384,0.051079889269418505,1.9883013183073521,11.73
2017-10-20,667,677,786,791,0.8558786346396966,0.7622551991178916,0.05007116782192667,1.8698073081652056,10.94
2017-10-19,663,659,788,786,0.8384223918575063,0.7604021492207941,0.049134965168362674,1.5878762174629242,9.31
2017-10-18,662,660,786,786,0.8396946564885496,0.7581528476045901,0.04937261549347108,1.6515594336853059,9.71
2017-10-17,669,661,795,786,0.8409669211195929,0.7557336178805356,0.049761593492663084,1.7128330758062285,10.14
2017-10-16,655,662,798,792,0.8358585858585859,0.7531610341813905,0.05027347614447218,1.6449539204240684,9.89
2017-10-13,646,649,806,799,0.8122653316645807,0.7501623717580704,0.05193134477911373,1.1958665844426093,7.65
2017-10-12,654,649,798,807,0.8042131350681536,0.7478471450286739,0.05297131337711646,1.0640851896232153,7.01
2017-10-11,651,653,793,793,0.8234552332912989,0.7458644607080801,0.053603589973845345,1.4474920918743956,9.42
2017-10-10,651,650,780,796,0.8165829145728644,0.7434294810379831,0.05416859121271065,1.350476944242844,8.96
2017-10-06,655,652,786,779,0.8369704749679076,0.7408797020092577,0.05515693702165702,1.7421339571651784,11.48
2017-10-05,629,660,791,785,0.8407643312101911,0.738358772521136,0.05502806466937885,1.8609696580159782,12.18
2017-10-04,622,622,802,788,0.7893401015228426,0.7364942477624171,0.05388385651250087,0.9807362943327088,6.69
2017-10-03,622,622,801,795,0.7823899371069183,0.7351363797421125,0.05381817736125692,0.8780222534779304,6.04
2017-10-02,629,622,783,794,0.783375314861461,0.733844725554232,0.05383107953591341,0.9201113879610132,6.32
2017-09-29,628,629,776,769,0.8179453836150845,0.7322624664541183,0.05409535024660771,1.583923882003876,10.48
2017-09-28,622,628,788,781,0.8040973111395646,0.7304161842243196,0.0534992086009986,1.3772376983137218,9.16
2017-09-27,616,623,763,786,0.7926208651399491,0.7286679675001856,0.05320439390836737,1.2020228582982835,8.07
2017-09-26,616,618,783,761,0.812089356110381,0.7272324806262329,0.052911118970987325,1.603762633156134,10.45
2017-09-25,613,615,778,781,0.7874519846350833,0.7252127033528419,0.052523190600897086,1.1849866805536045,7.9
2017-09-22,619,611,784,774,0.789405684754522,0.7228385516829157,0.053668078770810305,1.2403487249074348,8.43
2017-09-21,624,620,796,787,0.7878017789072427,0.7208690600338542,0.05389892631491275,1.241819150205772,8.5
2017-09-20,619,625,773,793,0.7881462799495587,0.7186789281496615,0.054468940159428665,1.2753571410893745,8.81
2017-09-19,617,616,775,767,0.803129074315515,0.7163946101490879,0.055096591941853734,1.574225575657427,10.8
2017-09-15,620,614,751,774,0.7932816537467701,0.7138267183593163,0.055481042319110975,1.4321096372063784,10.02
2017-09-14,619,620,768,771,0.8041504539559015,0.7116538462911842,0.05551789658360981,1.666068301514586,11.5
2017-09-13,623,617,783,769,0.8023407022106632,0.7092239992072896,0.055404324950694174,1.6806757069279465,11.61
2017-09-12,619,623,771,779,0.7997432605905006,0.7070255755326881,0.05493510923626876,1.6877673740311652,11.59
2017-09-11,614,616,763,759,0.8115942028985508,0.7048788355039225,0.054413354597987636,1.9611980952663948,13.15
2017-09-08,618,613,760,758,0.8087071240105541,0.7027582671236174,0.05330086912928937,1.9877510182796756,13.1
2017-09-07,612,615,766,761,0.8081471747700394,0.7007760941382818,0.052074095739450627,2.0618904487363903,13.29
2017-09-06,596,608,751,765,0.7947712418300653,0.6985341318080145,0.051011967688900726,1.8865594561840486,12.11
2017-09-05,609,600,805,766,0.783289817232376,0.6962722901881576,0.05045248538807258,1.7247421286561655,11.11
2017-09-04,613,609,807,805,0.7565217391304347,,,,
2017-09-01,622,613,803,813,0.7539975399753998,,,,
2017-08-31,622,619,806,802,0.7718204488778054,,,,
2017-08-30,615,625,818,806,0.7754342431761787,,,,
2017-08-29,605,608,846,826,0.7360774818401937,,,,
2017-08-28,607,606,861,859,0.7054714784633295,,,,
2017-08-25,610,603,866,847,0.7119244391971665,,,,
2017-08-24,618,611,916,867,0.7047289504036909,,,,
2017-08-23,611,619,870,886,0.698645598194131,,,,
2017-08-22,619,609,848,859,0.7089639115250291,,,,
2017-08-21,632,619,883,848,0.7299528301886793,,,,
2017-08-18,630,629,848,880,0.7147727272727272,,,,
2017-08-17,642,637,820,844,0.754739336492891,,,,
2017-08-16,641,639,833,818,0.7811735941320294,,,,
2017-08-15,627,633,830,832,0.7608173076923077,,,,
2017-08-14,623,625,800,833,0.7503001200480192,,,,
2017-08-10,629,630,842,813,0.7749077490774908,,,,
2017-08-09,624,626,851,845,0.7408284023668639,,,,
2017-08-08,617,626,851,855,0.7321637426900585,,,,
2017-08-07,632,613,829,851,0.7203290246768508,,,,
2017-08-04,671,633,800,824,0.7682038834951457,,,,
2017-08-03,652,666,842,843,0.7900355871886121,,,,
2017-08-02,657,653,835,841,0.7764565992865636,,,,
2017-08-01,646,657,840,826,0.7953995157384988,,,,
2017-07-31,645,644,863,847,0.7603305785123967,,,,
2017-07-28,645,647,876,856,0.7558411214953271,,,,
2017-07-27,635,641,885,896,0.7154017857142857,,,,
2017-07-26,641,639,914,889,0.718785151856018,,,,
2017-07-25,649,641,888,914,0.7013129102844639,,,,
2017-07-24,650,650,900,893,0.7278835386338186,,,,
2017-07-21,652,653,916,909,0.7183718371837183,,,,
2017-07-20,657,655,912,920,0.7119565217391305,,,,
2017-07-19,637,654,900,912,0.7171052631578947,,,,
2017-07-18,637,633,933,910,0.6956043956043956,,,,
2017-07-14,640,632,938,954,0.6624737945492662,,,,
2017-07-13,648,635,945,937,0.6776947705442903,,,,
2017-07-12,634,628,938,943,0.6659597030752916,,,,
2017-07-11,635,637,938,938,0.6791044776119403,,,,
2017-07-10,639,638,931,934,0.683083511777302,,,,
2017-07-07,639,633,916,936,0.6762820512820513,,,,
2017-07-06,655,643,939,926,0.6943844492440605,,,,
2017-07-05,658,655,930,942,0.6953290870488322,,,,
2017-07-04,668,660,940,930,0.7096774193548387,,,,
2017-07-03,651,666,956,929,0.7168998923573735,,,,
2017-06-30,670,657,995,981,0.6697247706422018,,,,
2017-06-29,676,678,1046,1030,0.658252427184466,,,,
2017-06-28,669,672,1070,1037,0.648023143683703,,,,
2017-06-27,669,669,1098,1095,0.6109589041095891,,,,
2017-06-26,664,668,1024,1046,0.638623326959847,,,,
2017-06-23,675,666,1053,1016,0.655511811023622,,,,
2017-06-22,671,678,1070,1058,0.6408317580340265,,,,
2017-06-21,679,671,1050,1073,0.625349487418453,,,,
2017-06-20,685,679,1000,1048,0.6479007633587787,,,,
2017-06-19,678,682,994,973,0.7009249743062693,,,,
2017-06-16,696,682,1010,992,0.6875,,,,
2017-06-15,678,691,1000,1008,0.685515873015873,,,,
2017-06-14,678,678,1000,1020,0.6647058823529411,,,,
2017-06-13,670,672,980,989,0.679474216380182,,,,
2017-06-12,662,675,1034,1003,0.6729810568295115,,,,
2017-06-09,659,674,985,984,0.6849593495934959,,,,
2017-06-08,630,654,1018,990,0.6606060606060606,,,,
2017-06-07,594,610,936,1001,0.6093906093906094,,,,
2017-06-06,585,591,941,921,0.6416938110749185,,,,
2017-06-05,590,588,955,943,0.623541887592789,,,,
2017-06-02,591,594,965,963,0.616822429906542,,,,
2017-06-01,584,591,939,968,0.6105371900826446,,,,
2017-05-31,578,578,927,917,0.6303162486368593,,,,
2017-05-30,583,579,911,931,0.6219119226638024,,,,
2017-05-29,586,582,919,913,0.6374589266155531,,,,
2017-05-26,598,587,920,919,0.6387377584330794,,,,
2017-05-25,599,601,903,921,0.6525515743756786,,,,
2017-05-24,594,598,928,906,0.6600441501103753,,,,
2017-05-23,589,592,948,925,0.64,,,,
2017-05-22,581,587,930,939,0.625133120340788,,,,
