DATE,OPEN_1414,CLOSE_1414,OPEN_8425,CLOSE_8425,saya_divide,saya_divide_mean,saya_divide_std,saya_divide_sigma,deviation_rate(%)
2020-03-06,3800,3720,2571.0,2512.0,1.480891719745223,1.358586324935736,0.03557523766147114,3.437936127745023,8.26
2020-03-05,3895,3860,2689.0,2632.0,1.466565349544073,1.3573042710572043,0.032766207013023886,3.334565958258141,7.45
2020-03-04,3880,3900,2672.0,2688.0,1.4508928571428572,1.3556667330632832,0.030236058901514328,3.1494224954960885,6.56
2020-03-03,4120,3945,2842.0,2722.0,1.449301983835415,1.3543546212620412,0.028137622173099213,3.3743918369956534,6.55
2020-03-02,3885,4050,2748.0,2828.0,1.4321074964639322,1.3526636697463028,0.026119197314489355,3.041587601681724,5.55
2020-02-28,3930,3940,2878.0,2848.0,1.3834269662921348,1.351072755206907,0.02483405850189417,1.3028160935821256,2.34
2020-02-27,4125,4050,3035.0,2973.0,1.3622603430877902,1.3505888457625024,0.024550883955228815,0.4754002889090292,0.86
2020-02-26,4070,4145,3050.0,3070.0,1.3501628664495113,1.3506676038889631,0.024597629232337857,-0.020519759635543273,-0.04
2020-02-25,4120,4125,3085.0,3115.0,1.3242375601926164,1.3507867420518154,0.024616527895009597,-1.0785104208210115,-2.0
2020-02-21,4215,4285,3215.0,3230.0,1.326625386996904,1.3514581457009303,0.02456991945624837,-1.0106976031503034,-1.87
2020-02-20,4310,4235,3240.0,3220.0,1.315217391304348,1.3518280596348227,0.024401534024143086,-1.5003429003378175,-2.78
2020-02-19,4310,4305,3250.0,3230.0,1.3328173374613004,1.3522864076965642,0.024029568098006007,-0.810213073986933,-1.46
2020-02-18,4325,4295,3275.0,3230.0,1.3297213622291022,1.352818338482715,0.02403426874356388,-0.9610018303468445,-1.74
2020-02-17,4500,4460,3320.0,3305.0,1.3494704992435704,1.3535740713423248,0.024186764266636455,-0.1696618883582894,-0.3
2020-02-14,4555,4550,3350.0,3360.0,1.3541666666666667,1.3540053737766529,0.02439724199306189,0.006611111619081538,0.01
2020-02-13,4660,4605,3375.0,3375.0,1.3644444444444443,1.3538434121407499,0.024435922463428583,0.43382983881865894,0.78
2020-02-12,4690,4605,3365.0,3360.0,1.3705357142857142,1.353738160620573,0.024407017851692647,0.6882263850180417,1.23
2020-02-10,4675,4650,3310.0,3370.0,1.3798219584569733,1.3535347610789383,0.024329627465755573,1.0804603323677981,1.91
2020-02-07,4640,4655,3445.0,3420.0,1.3611111111111112,1.353209019413609,0.024138290464079185,0.3273674956087474,0.58
2020-02-06,4650,4640,3365.0,3410.0,1.3607038123167154,1.3530078911330106,0.024134454408681717,0.31887694883777773,0.57
2020-02-05,4630,4590,3345.0,3335.0,1.376311844077961,1.3529683350331247,0.024124237501804088,0.9676371758108613,1.7
2020-02-04,4430,4535,3230.0,3310.0,1.3700906344410877,1.352301816189426,0.02416061594903977,0.7362733751979808,1.3
2020-02-03,4390,4450,3225.0,3240.0,1.373456790123457,1.3515837599041247,0.024420142810092648,0.8956962450806075,1.59
2020-01-31,4540,4510,3310.0,3295.0,1.3687405159332322,1.3508160554056408,0.0246246364857036,0.7279076195905635,1.31
2020-01-30,4545,4490,3315.0,3310.0,1.3564954682779455,1.3499792872729697,0.025063696345603192,0.2599848368382809,0.48
2020-01-29,4500,4555,3315.0,3330.0,1.367867867867868,1.3489134792305004,0.026426481798246356,0.7172497944325429,1.39
2020-01-28,4530,4520,3245.0,3305.0,1.367624810892587,1.3477555003260429,0.027453398632038876,0.7237468421616892,1.45
2020-01-27,4615,4575,3215.0,3295.0,1.3884673748103187,1.3466860357272936,0.02821042153203396,1.481060431357994,3.01
2020-01-24,4680,4660,3420.0,3300.0,1.412121212121212,1.3456613210561787,0.028069609052733435,2.367681393074531,4.71
2020-01-23,4670,4675,3425.0,3445.0,1.3570391872278664,1.3439765364888632,0.027821047492522785,0.4695240444312526,0.96
2020-01-22,4725,4705,3415.0,3430.0,1.3717201166180757,1.3431767714645426,0.028292203240020262,1.0088767181326324,2.08
2020-01-21,4765,4745,3470.0,3440.0,1.379360465116279,1.3420223774062883,0.02886455483056977,1.293561876466108,2.71
2020-01-20,4670,4740,3445.0,3485.0,1.3601147776183644,1.3405807956056095,0.029652898823771243,0.6587545497270405,1.44
2020-01-17,4645,4620,3425.0,3425.0,1.3489051094890512,1.3396796432671623,0.030069616080978284,0.30680359193960055,0.68
2020-01-16,4720,4610,3405.0,3395.0,1.357879234167894,1.3388313385815016,0.030688462668393177,0.620685884210496,1.4
2020-01-15,4670,4690,3390.0,3385.0,1.3855243722304285,1.3382653711809944,0.03072335232902439,1.5382110826749982,3.41
2020-01-14,4635,4650,3450.0,3380.0,1.3757396449704142,1.3380131701421905,0.03041041987464862,1.2405772423969104,2.74
2020-01-10,4675,4645,3505.0,3455.0,1.3444283646888566,1.3376948367543713,0.030137573204499536,0.22342634852497095,0.5
2020-01-09,4680,4650,3455.0,3480.0,1.3362068965517242,1.3370162230692992,0.03054852883086531,-0.026493142175714808,-0.06
2020-01-08,4555,4580,3385.0,3420.0,1.3391812865497077,1.336512357454111,0.030867707375865416,0.08646347015987182,0.2
2020-01-07,4610,4625,3410.0,3455.0,1.3386396526772792,1.3359726242827987,0.031168757110805523,0.08556736430006442,0.2
2020-01-06,4485,4560,3325.0,3390.0,1.345132743362832,1.335339459092095,0.03158766443556083,0.31003508634566174,0.73
2019-12-30,4605,4540,3420.0,3425.0,1.3255474452554745,1.3347874895094607,0.03177286523941264,-0.29081558066486113,-0.7
2019-12-27,4600,4610,3445.0,3450.0,1.336231884057971,1.3351094335931708,0.03179992707295034,0.0352972653750195,0.08
2019-12-26,4600,4620,3350.0,3400.0,1.3588235294117648,1.3350384630178525,0.03180328229607707,0.7478808687883829,1.75
2019-12-25,4535,4590,3395.0,3370.0,1.3620178041543027,1.3347649528854675,0.03168554288841955,0.8601036556263533,2.0
2019-12-24,4545,4575,3375.0,3390.0,1.3495575221238938,1.3347342478798392,0.03166022421329498,0.4681986502745586,1.1
2019-12-23,4540,4540,3440.0,3390.0,1.3392330383480826,1.3347229274126524,0.03165507333393915,0.14247671732905606,0.34
2019-12-20,4590,4530,3445.0,3460.0,1.3092485549132948,1.335241752892082,0.03204126869669124,-0.8112412222138782,-1.99
2019-12-19,4600,4570,3465.0,3450.0,1.3246376811594203,1.3364897816622803,0.032818028458631715,-0.36114602428966747,-0.89
2019-12-18,4560,4570,3455.0,3465.0,1.3189033189033188,1.3377676358965542,0.034169693079484614,-0.5520774491404932,-1.43
2019-12-17,4540,4550,3415.0,3455.0,1.316931982633864,1.3391337146218563,0.03541361745314997,-0.6269264081073863,-1.69
2019-12-16,4580,4520,3410.0,3370.0,1.3412462908011868,1.3406552583973184,0.03684941724077017,0.016039124852551743,0.04
2019-12-13,4620,4575,3355.0,3350.0,1.3656716417910448,1.3421861787708764,0.0391551308279562,0.5998055050144315,1.72
2019-12-12,4575,4530,3315.0,3285.0,1.3789954337899544,1.3431258909715253,0.04052912273802425,0.8850313156365552,2.6
2019-12-11,4615,4575,3345.0,3300.0,1.3863636363636365,1.3439979783477662,0.04196965849127105,1.0094353763846216,3.06
2019-12-10,4590,4620,3340.0,3345.0,1.3811659192825112,1.3448482464085807,0.043439559079419106,0.836050679233003,2.63
2019-12-09,4610,4585,3330.0,3345.0,1.3707025411061287,1.3461094222130816,0.0457854016030509,0.537138870294594,1.79
2019-12-06,4370,4540,3275.0,3295.0,1.377845220030349,1.346848453529793,0.0466161940667802,0.6649355898971805,2.25
2019-12-05,4315,4305,3270.0,3255.0,1.3225806451612903,1.3476922705756678,0.04772913955293231,-0.5261277628214593,-1.9
2019-12-04,4240,4290,3220.0,3270.0,1.311926605504587,1.3495163410511177,0.049322157929288825,-0.7621267423136989,-2.87
2019-12-03,4205,4250,3225.0,3230.0,1.3157894736842106,1.3512684988174373,0.05028054469350646,-0.7056213362344229,-2.7
2019-12-02,4210,4260,3255.0,3280.0,1.298780487804878,1.3525827481551789,0.05062305010482272,-1.0628016336213448,-4.14
2019-11-29,4305,4235,3245.0,3250.0,1.303076923076923,1.3532878208416446,0.05023556138758643,-0.99950904056442,-3.85
2019-11-28,4290,4315,3275.0,3265.0,1.321592649310873,1.3540459686476032,0.04990001385826669,-0.650366940356147,-2.46
2019-11-27,4270,4295,3230.0,3280.0,1.3094512195121952,1.3542208146912356,0.04980888453239789,-0.8988275003412337,-3.42
2019-11-26,4270,4255,3215.0,3225.0,1.3193798449612404,1.3543554500601456,0.049701219411051996,-0.7037172430245786,-2.65
2019-11-25,4315,4255,3190.0,3200.0,1.3296875,1.3546492815071445,0.04955851367482631,-0.5036830133956202,-1.88
2019-11-22,4315,4275,3150.0,3150.0,1.3571428571428572,1.354909532829896,0.0494779312413177,0.04513778682598425,0.16
2019-11-21,4250,4325,3125.0,3135.0,1.379585326953748,1.3547815394360063,0.04948440430338318,0.5012445409198508,1.8
2019-11-20,4235,4275,3145.0,3125.0,1.368,1.3545909814005994,0.04941599196839139,0.27134978101780655,0.98
2019-11-19,4350,4265,3175.0,3160.0,1.3496835443037976,1.3548196138481179,0.04951706698312049,-0.10372321822031844,-0.38
2019-11-18,4320,4330,3195.0,3175.0,1.3637795275590552,1.3553083478858738,0.04964469044734399,0.1706361666645169,0.62
2019-11-15,4305,4320,3140.0,3200.0,1.35,1.355507868964731,0.049708364369942755,-0.11080366522905431,-0.41
2019-11-14,4350,4300,3135.0,3105.0,1.3848631239935587,1.3559637513176723,0.04981243753389152,0.5801637925512829,2.09
2019-11-13,4315,4355,3180.0,3145.0,1.3847376788553258,1.3557981027122212,0.04973665822690147,0.5818560630085079,2.09
2019-11-12,4330,4300,3220.0,3200.0,1.34375,1.3557274570253028,0.04969925129492422,-0.24099874169585522,-0.89
2019-11-11,4245,4355,3225.0,3220.0,1.3524844720496894,1.356269233713345,0.049787126767645476,-0.07601888097136117,-0.28
2019-11-08,4300,4265,3260.0,3225.0,1.3224806201550388,1.356485091534606,0.049805341593951016,-0.6827474783085763,-2.57
2019-11-07,4215,4260,3200.0,3245.0,1.312788906009245,1.3570725679776516,0.049660426032874516,-0.8917294011753228,-3.37
2019-11-06,4265,4230,3140.0,3140.0,1.3471337579617835,1.3574094324310555,0.049444110644613216,-0.20782403273728467,-0.76
2019-11-05,4260,4255,3120.0,3110.0,1.3681672025723473,1.3577138272577434,0.04945018617474019,0.21139203152168531,0.76
2019-11-01,4235,4220,3060.0,3105.0,1.359098228663446,1.3586422635724056,0.050284381814939404,0.009067727882557853,0.03
2019-10-31,4210,4220,3100.0,3070.0,1.3745928338762214,1.3599622946390157,0.05156225848356477,0.2837451203164251,1.06
2019-10-30,4160,4185,3060.0,3090.0,1.354368932038835,1.3607994992216008,0.05229752824833693,-0.12296120673676951,-0.47
2019-10-29,4160,4150,3025.0,3075.0,1.3495934959349594,1.3621306548941048,0.05337637558254233,-0.23488217066664072,-0.93
2019-10-28,4160,4125,3010.0,3005.0,1.3727121464226288,1.363862171191552,0.055022576122368175,0.1608426186988205,0.64
2019-10-25,4180,4180,3025.0,3015.0,1.386401326699834,1.3652331067364485,0.056487429842617204,0.3747421332916641,1.53
2019-10-24,4160,4180,3065.0,3025.0,1.3818181818181818,1.366355598851039,0.057719937653325226,0.2678898071583775,1.12
2019-10-23,4095,4120,3015.0,3070.0,1.3420195439739413,1.3676546268670482,0.05913236778486042,-0.4335203181170468,-1.91
2019-10-21,4075,4090,3005.0,3015.0,1.3565505804311775,1.3693541940605867,0.060193446053723766,-0.21270776918107862,-0.94
2019-10-18,4050,4055,2991.0,2992.0,1.3552807486631016,1.3705338168316576,0.06079486664772162,-0.25089401473549783,-1.13
2019-10-17,4050,4035,2995.0,2977.0,1.3553913335572725,1.371249712621328,0.06092702272386891,-0.2602848187072649,-1.17
2019-10-16,4140,4065,3040.0,3020.0,1.346026490066225,1.3722539083631644,0.06127703107236821,-0.4280138550767042,-1.95
2019-10-15,4000,4080,3020.0,3005.0,1.357737104825291,1.3729796111804495,0.06128441574490796,-0.24871749481310715,-1.12
2019-10-11,3910,3910,2965.0,2948.0,1.3263229308005426,1.3739990594565699,0.061657181688983674,-0.7732453438517373,-3.59
2019-10-10,3890,3875,2950.0,2944.0,1.3162364130434783,1.3755801210289043,0.06193409550017561,-0.9581750973542146,-4.51
2019-10-09,3800,3870,2903.0,2941.0,1.3158789527371642,1.3772145922185361,0.06196395510786223,-0.9898599818975966,-4.66
2019-10-08,3800,3820,2964.0,2925.0,1.305982905982906,1.378874837528619,0.061966458582556304,-1.1763126893656675,-5.58
2019-10-07,3835,3785,2971.0,2965.0,1.2765598650927488,1.3803159743200095,0.061509643708792014,-1.686826698565808,-8.13
2019-10-04,3760,3820,2926.0,2982.0,1.2810194500335346,1.382916562662646,0.06119026746776385,-1.6652503224110395,-7.95
2019-10-03,3800,3785,2901.0,2940.0,1.2874149659863945,1.3854649505437195,0.060872644739106446,-1.6107396840987713,-7.62
2019-10-02,3805,3885,2921.0,2962.0,1.311613774476705,1.388304495094721,0.06119891551171014,-1.2531385560801587,-5.85
2019-10-01,3800,3820,2939.0,2971.0,1.2857623695725344,1.3907525765720614,0.06175197657249004,-1.70019184529713,-8.17
2019-09-30,3835,3790,2913.0,2922.0,1.297056810403833,1.3933937014015025,0.06144031341462398,-1.5679752534390488,-7.43
2019-09-27,3910,3840,3025.0,2988.0,1.285140562248996,1.3960091128585614,0.06145875690429052,-1.803950424546019,-8.63
2019-09-26,3960,3890,3025.0,3060.0,1.2712418300653594,1.3984538003356517,0.060641253725095996,-2.097779357382356,-10.01
2019-09-25,3875,3875,2969.0,2998.0,1.2925283522348232,1.401077405079233,0.05932299834810022,-1.8297971422054051,-8.4
2019-09-24,3840,3825,2942.0,2976.0,1.2852822580645162,1.4037267346517746,0.05885113247063612,-2.0126116799257243,-9.22
2019-09-20,3970,3870,2922.0,2942.0,1.3154316791298437,1.4066971224758247,0.05841849719039686,-1.56226961896212,-6.94
2019-09-19,3925,3970,2874.0,2905.0,1.3666092943201378,1.4094385080701666,0.058893613397147666,-0.727230191518578,-3.13
2019-09-18,3945,3915,2999.0,2896.0,1.3518646408839778,1.4116335473417605,0.060307385074725106,-0.9910710998947271,-4.42
2019-09-17,3865,3900,2978.0,3015.0,1.2935323383084578,1.4135451429692645,0.060653799340595685,-1.9786527136888175,-9.28
2019-09-13,3830,3855,2929.0,2969.0,1.298416975412597,1.4162455516868315,0.05975231763286941,-1.9719498915204885,-9.07
2019-09-12,3795,3800,2929.0,2926.0,1.2987012987012987,1.4187213112137214,0.05865563510342939,-2.046180427520518,-9.24
2019-09-11,3725,3765,2846.0,2916.0,1.2911522633744856,1.4214185477081744,0.05771823872987589,-2.2569345011260866,-10.09
2019-09-10,3755,3700,2783.0,2838.0,1.3037350246652573,1.4236735891809382,0.055858652203358845,-2.1471797077923216,-9.2
2019-09-09,3690,3740,2750.0,2771.0,1.3496932515337423,1.42649495449624,0.055067736290220305,-1.3946769585321992,-5.69
2019-09-06,3700,3660,2764.0,2750.0,1.3309090909090908,1.4291261071820607,0.05604106472784051,-1.7525901185131634,-7.38
2019-09-05,3665,3675,2704.0,2746.0,1.3383102694828841,1.4325174947418695,0.05766739729267917,-1.633630607271137,-7.04
2019-09-04,3650,3625,2690.0,2666.0,1.359714928732183,1.436579315677856,0.06149068027059705,-1.2500168579599706,-5.65
2019-09-03,3670,3655,2661.0,2710.0,1.348708487084871,1.4400394422606566,0.06430510061234908,-1.4202754417002905,-6.77
2019-09-02,3745,3670,2639.0,2663.0,1.3781449493052949,1.443370169248224,0.06593698459907182,-0.9892053805543183,-4.73
2019-08-30,3695,3740,2588.0,2666.0,1.4028507126781695,1.4466013964005036,0.06854773719055102,-0.6382513196710579,-3.12
2019-08-29,3675,3635,2573.0,2559.0,1.4204767487299725,1.4487629164401232,0.0696806774648698,-0.40593990671820657,-1.99
2019-08-28,3700,3660,2599.0,2575.0,1.4213592233009709,1.4499954281790743,0.06998630614820346,-0.40916868533486056,-2.01
2019-08-27,3780,3715,2608.0,2596.0,1.4310477657935285,1.4508042033690147,0.07000119445390213,-0.28223000663933495,-1.38
2019-08-26,3690,3745,2572.0,2572.0,1.4560653188180404,1.4511510525859206,0.0699668831607858,0.07023703229464505,0.34
2019-08-23,3830,3790,2601.0,2639.0,1.436150056839712,1.4509299859841223,0.06997719908443313,-0.21121064200607687,-1.03
2019-08-22,3825,3780,2635.0,2617.0,1.4444019870080245,1.4510774830514868,0.06995754639618432,-0.09542210079320897,-0.46
2019-08-21,3815,3795,2590.0,2617.0,1.450133740924723,1.4512300252686776,0.06995529732131464,-0.015671212702008826,-0.08
2019-08-20,3780,3865,2626.0,2619.0,1.475754104620084,1.451432052310791,0.06997371627727102,0.34758840323581874,1.65
2019-08-19,3825,3755,2626.0,2633.0,1.4261298898594759,1.45105624276996,0.06991774652435295,-0.35650967243061976,-1.75
2019-08-16,3730,3770,2559.0,2616.0,1.441131498470948,1.4518498147582832,0.06996807521441632,-0.1531886686104922,-0.74
2019-08-15,3670,3755,2542.0,2573.0,1.4593859308200545,1.4520695829898966,0.06995994937086432,0.10457908983571779,0.5
2019-08-14,3675,3770,2595.0,2612.0,1.4433384379785605,1.4520864717945736,0.06996186641207006,-0.1250400291565669,-0.61
2019-08-13,3470,3625,2585.0,2563.0,1.4143581740148263,1.4520137384292973,0.06997375772586269,-0.5381383769897672,-2.66
2019-08-09,3520,3540,2595.0,2619.0,1.3516609392898054,1.4524726528878968,0.06983802680422567,-1.443507473094754,-7.46
2019-08-08,3525,3510,2575.0,2581.0,1.359938008523828,1.453660805334945,0.06886404635999781,-1.3609830058658774,-6.89
2019-08-07,3535,3565,2625.0,2671.0,1.334706102583302,1.4546394096657385,0.06804181896192513,-1.7626411067809455,-8.99
2019-08-06,3410,3510,2589.0,2660.0,1.3195488721804511,1.455915493246415,0.06666408394570267,-2.0455785633690433,-10.33
2019-08-05,3620,3540,2680.0,2639.0,1.341417203486169,1.457572979056321,0.064771489029814,-1.7933164315040828,-8.66
2019-08-02,3670,3655,2709.0,2709.0,1.3492063492063493,1.4589994863869493,0.06336036596018782,-1.7328362220885531,-8.14
2019-08-01,3725,3730,2755.0,2768.0,1.347543352601156,1.4599836682001466,0.062210132464258404,-1.8074276833213776,-8.34
2019-07-31,3785,3745,2697.0,2743.0,1.3652934742982137,1.4608686823510566,0.06106585415635972,-1.5651170260899268,-7.0
2019-07-30,3810,3805,2737.0,2747.0,1.3851474335638878,1.4614663220047612,0.060342607574409984,-1.2647595373925908,-5.51
2019-07-29,3780,3775,2739.0,2723.0,1.3863385971355122,1.4614404595608308,0.06037571838835507,-1.243908386186653,-5.42
2019-07-26,3780,3775,2700.0,2738.0,1.3787436084733382,1.4613235371910422,0.06052934155078657,-1.364295837390138,-5.99
2019-07-25,3715,3765,2696.0,2720.0,1.3841911764705883,1.4610372370134324,0.060968451691635554,-1.2604233568455008,-5.55
2019-07-24,3710,3685,2682.0,2685.0,1.37243947858473,1.4605160713210905,0.061784711495685304,-1.425540244571851,-6.42
2019-07-23,3665,3690,2652.0,2675.0,1.3794392523364487,1.4603433989545596,0.062048156517569064,-1.3038928335478053,-5.87
2019-07-22,3685,3670,2701.0,2651.0,1.3843832516031687,1.4607981084388366,0.06157676716567967,-1.2409689620448021,-5.52
2019-07-19,3630,3705,2660.0,2707.0,1.3686738086442556,1.4609184862377311,0.06143592817162793,-1.5014777238455652,-6.74
2019-07-18,3660,3635,2727.0,2660.0,1.3665413533834587,1.4610636986059369,0.06123025024359366,-1.5437197275274528,-6.92
2019-07-17,3695,3685,2730.0,2754.0,1.3380537400145243,1.4606051365702972,0.062059591679043805,-1.9747373973966371,-9.16
2019-07-16,3880,3740,2690.0,2730.0,1.36996336996337,1.4604544785163023,0.062369858666280496,-1.4508788457757915,-6.61
2019-07-12,3925,3895,2691.0,2709.0,1.4377999261720191,1.4598724606690219,0.06340663422517133,-0.34811080522927895,-1.54
2019-07-11,3875,3915,2664.0,2685.0,1.458100558659218,1.4594571862374985,0.06365135578566272,-0.021313412126661494,-0.09
2019-07-10,3850,3845,2650.0,2675.0,1.4373831775700934,1.458802395162978,0.06391399931631991,-0.3351256034985039,-1.49
2019-07-09,3930,3890,2662.0,2675.0,1.4542056074766354,1.4585253476824454,0.0640511317762883,-0.06744205896154215,-0.3
2019-07-08,3930,3925,2660.0,2653.0,1.479457218243498,1.4583339345702255,0.0640851970125878,0.3296125261052616,1.43
2019-07-05,3960,3950,2695.0,2677.0,1.4755323122898767,1.4586128964959217,0.06422193022532384,0.26345230880779924,1.15
2019-07-04,3920,3950,2665.0,2686.0,1.4705882352941178,1.4592082131820505,0.06458193933099025,0.17621059742017414,0.77
2019-07-03,3890,3920,2655.0,2650.0,1.4792452830188678,1.4602753167265168,0.06541696071919596,0.2899854423653236,1.28
2019-07-02,3885,3925,2682.0,2671.0,1.4694870834893299,1.4612916574185566,0.06629009600872358,0.12362972094194564,0.56
2019-07-01,3860,3890,2715.0,2692.0,1.4450222882615156,1.4619128914049062,0.06658166659471836,-0.2536824926027084,-1.17
2019-06-28,3795,3800,2683.0,2697.0,1.4089729328883944,1.4624783986134025,0.06661591320904563,-0.8031934585525226,-3.8
2019-06-27,3750,3830,2646.0,2677.0,1.4307060141949943,1.463135524607264,0.06632732850270537,-0.48893135219439543,-2.27
2019-06-26,3750,3700,2669.0,2642.0,1.400454201362604,1.4634322498423828,0.06623129616822866,-0.9508805070010027,-4.5
2019-06-25,3855,3825,2669.0,2667.0,1.4341957255343083,1.4646748326626904,0.06591153618876301,-0.4624244690807001,-2.13
2019-06-24,3800,3855,2659.0,2668.0,1.4449025487256373,1.4651184997920184,0.06581680367076613,-0.30715485922875957,-1.4
2019-06-21,3915,3810,2712.0,2648.0,1.438821752265861,1.4652236513722618,0.0657907164749854,-0.4013012856675482,-1.83
2019-06-20,3905,3915,2752.0,2718.0,1.4403973509933774,1.4654248770699216,0.0657327109206745,-0.3807469025086639,-1.74
2019-06-19,3890,3900,2697.0,2758.0,1.414068165337201,1.4654978665184504,0.06570791448781779,-0.7827017731750486,-3.64
2019-06-18,3885,3835,2637.0,2606.0,1.4716039907904834,1.4660849925925319,0.06544194105644348,0.0843342680375483,0.38
2019-06-17,3950,3885,2613.0,2639.0,1.4721485411140585,1.4660145302516112,0.06543880570303835,0.09373659553451237,0.42
2019-06-14,3925,3940,2622.0,2626.0,1.5003808073115004,1.4654894833306589,0.06554537283995035,0.5323232208326839,2.33
2019-06-13,3925,3910,2638.0,2615.0,1.4952198852772467,1.4649935932225666,0.06542009243218702,0.4620337717500471,2.02
2019-06-12,3960,3950,2652.0,2662.0,1.483846731780616,1.464666616695931,0.06532942314058421,0.2935907614461996,1.29
2019-06-11,3880,3960,2653.0,2652.0,1.493212669683258,1.46489436218932,0.06542559231791562,0.4328322677819071,1.9
2019-06-10,3900,3915,2630.0,2666.0,1.4684921230307577,1.465397703963574,0.0657857417843129,0.04703783803683826,0.21
2019-06-07,3835,3855,2585.0,2626.0,1.468012185833968,1.4665907558497338,0.06663690429896041,0.021330972667295865,0.1
2019-06-06,3815,3825,2549.0,2565.0,1.4912280701754386,1.4681812812026354,0.06806027991326434,0.3386231881822102,1.55
2019-06-05,3820,3835,2507.0,2543.0,1.5080613448682658,1.46916062085049,0.06890803164406248,0.5645310581314189,2.58
2019-06-04,3760,3760,2449.0,2472.0,1.5210355987055015,1.4696067053159465,0.06926577944657532,0.7424863157603262,3.38
2019-06-03,3705,3750,2462.0,2449.0,1.5312372396896692,1.4701264426432223,0.06979395835847564,0.8755886395290785,3.99
2019-05-31,3790,3765,2517.0,2518.0,1.495234312946783,1.4707281374502392,0.07050905922811768,0.3475606647545693,1.64
2019-05-30,3745,3800,2526.0,2540.0,1.4960629921259843,1.4712388817020696,0.07082276347961966,0.35051033317922076,1.66
2019-05-29,3740,3780,2500.0,2547.0,1.4840989399293287,1.4718323394681043,0.07121369366917481,0.17225058593659306,0.83
2019-05-28,3740,3775,2547.0,2515.0,1.5009940357852882,1.472713697645218,0.07176695150793197,0.394057954892296,1.88
2019-05-27,3730,3750,2500.0,2568.0,1.4602803738317758,1.473174352247953,0.07205729152325714,-0.17894064769303164,-0.88
2019-05-24,3705,3705,2390.0,2445.0,1.5153374233128833,1.474363527530632,0.0725688160433186,0.5646212521614354,2.7
2019-05-23,3735,3750,2382.0,2424.0,1.547029702970297,1.4743961614014158,0.07258778232812048,1.0006303986606715,4.7
2019-05-22,3905,3765,2405.0,2375.0,1.585263157894737,1.474183901460497,0.07239810617507007,1.5342840068997492,7.01
2019-05-21,3900,3925,2400.0,2389.0,1.6429468396818752,1.4732385996585058,0.0713975139760567,2.3769488679995407,10.33
2019-05-20,3870,3925,2427.0,2424.0,1.6192244224422443,1.4714203261324699,0.06873940485294927,2.150209135880129,9.13
2019-05-17,3880,3870,2411.0,2421.0,1.5985130111524164,1.4702196678372643,0.06690932891783366,1.917420864775068,8.03
2019-05-16,3775,3860,2409.0,2382.0,1.6204869857262805,1.4692942524626216,0.06559559557664534,2.304922029208461,9.33
2019-05-15,3700,3770,2405.0,2409.0,1.5649647156496471,1.468025411459377,0.06354714733732562,1.5254705876203989,6.19
2019-05-14,3575,3690,2370.0,2439.0,1.5129151291512914,1.467773947630153,0.06319941295369774,0.7142658358901302,2.98
2019-05-13,3565,3585,2443.0,2419.0,1.4820173625465067,1.4684283696333102,0.06391353852097319,0.2126152490952643,0.92
2019-05-10,3545,3580,2484.0,2457.0,1.457061457061457,1.4699308672569265,0.06551969321856368,-0.19642048921900476,-0.88
2019-05-09,3645,3580,2500.0,2487.0,1.4394853236831524,1.4715234322999018,0.06662974520921289,-0.48083792780764645,-2.23
2019-05-08,3750,3660,2543.0,2529.0,1.4472123368920522,1.4736559430657787,0.06811315793504594,-0.3882305119217008,-1.83
2019-05-07,3820,3775,2613.0,2593.0,1.455842653297339,1.4753215541595814,0.0689681667122404,-0.2824332121733108,-1.34
2019-04-26,3805,3820,2596.0,2607.0,1.4652857690832375,1.4776488540321127,0.07118110395473258,-0.17368492847114927,-0.84
2019-04-25,3855,3810,2597.0,2632.0,1.4475683890577509,1.4799377504227262,0.07347001683691869,-0.44057920167386927,-2.24
2019-04-24,3805,3830,2605.0,2578.0,1.4856477889837083,1.4828410086200716,0.07637819944486281,0.03674844895581613,0.19
2019-04-23,3805,3800,2614.0,2607.0,1.457614115841964,1.4854471129077695,0.07969222397723834,-0.3492561215728551,-1.91
2019-04-22,3760,3805,2595.0,2605.0,1.4606525911708252,1.4885284492934843,0.08295738556329019,-0.3360262372467351,-1.91
2019-04-19,3785,3750,2620.0,2608.0,1.437883435582822,1.491947556627795,0.0869274901563565,-0.6219450365785082,-3.76
2019-04-18,3875,3790,2690.0,2616.0,1.448776758409786,1.495196767349541,0.08936611496881888,-0.5194363541030251,-3.2
2019-04-17,3870,3880,2694.0,2693.0,1.440772372818418,1.49900595460293,0.09330804171791009,-0.6241003531138751,-4.04
2019-04-16,3890,3870,2700.0,2700.0,1.4333333333333333,1.5034422565585372,0.09821448211330121,-0.7138348817471292,-4.89
2019-04-15,3890,3885,2725.0,2716.0,1.4304123711340206,1.5079933528052856,0.10266773048804956,-0.7556510824040792,-5.42
2019-04-12,3905,3845,2665.0,2663.0,1.4438603079233947,1.5123874249356344,0.10624336401098017,-0.6450013857350889,-4.75
2019-04-11,3885,3860,2649.0,2665.0,1.448405253283302,1.5165000649621982,0.10943317348423029,-0.6222501779929548,-4.7
2019-04-10,3820,3845,2695.0,2702.0,1.423019985196151,1.5207527915707029,0.11284849494197202,-0.8660532550727174,-6.87
2019-04-09,3855,3860,2748.0,2730.0,1.413919413919414,1.525141238231152,0.11533481147487853,-0.9643387186353843,-7.87
2019-04-08,3875,3875,2796.0,2748.0,1.4101164483260553,1.5291358539777893,0.11659483909546732,-1.0207948016831296,-8.44
2019-04-05,3835,3855,2812.0,2787.0,1.3832077502691065,1.5328481312575382,0.11717715061105706,-1.2770440329713166,-10.82
2019-04-04,3815,3820,2779.0,2773.0,1.3775694194013703,1.5366100856633989,0.11684123550634636,-1.3611689877533866,-11.55
2019-04-03,3745,3780,2750.0,2785.0,1.3572710951526032,1.5400383491222887,0.11589274779219658,-1.577037885902915,-13.47
2019-04-02,3770,3695,2759.0,2747.0,1.345103749544958,1.5436520930108202,0.11435277704853916,-1.7362791581492123,-14.76
2019-04-01,3725,3725,2689.0,2740.0,1.3594890510948905,1.5478728401128945,0.11277766259094928,-1.6703998353049954,-13.86
2019-03-29,3685,3695,2640.0,2614.0,1.4135424636572302,1.5516644653882365,0.11114897639017939,-1.2426745276190427,-9.77
2019-03-28,3715,3680,2684.0,2641.0,1.3934115865202574,1.5539797128209927,0.1100508480780424,-1.4590357921355463,-11.52
2019-03-27,3715,3740,2748.0,2711.0,1.3795647362596828,1.5563196195825835,0.10846622692875281,-1.629584510568474,-12.81
2019-03-26,3660,3750,2770.0,2815.0,1.3321492007104796,1.5586397088134067,0.10650387983758437,-2.126593964917703,-17.0
2019-03-25,3650,3630,2783.0,2736.0,1.3267543859649122,1.561738246422498,0.10319867692391663,-2.277004584378809,-17.71
2019-03-22,3775,3715,2749.0,2801.0,1.3263120314173509,1.5646183792096564,0.09955018672727953,-2.3938312486058146,-17.97
2019-03-20,3840,3805,2745.0,2705.0,1.4066543438077634,1.5675633336407953,0.09564737840707999,-1.6823146908239885,-11.44
2019-03-19,3805,3855,2702.0,2736.0,1.4089912280701755,1.5693339994205069,0.09386478547736214,-1.7082313727654772,-11.38
2019-03-18,3880,3805,2696.0,2686.0,1.4166046165301565,1.5707768298983609,0.09220603723289794,-1.6720403348295911,-10.88
2019-03-15,3925,3830,2644.0,2660.0,1.4398496240601504,1.5716773622482638,0.09101807568271586,-1.4483687685032793,-9.16
2019-03-14,4040,3955,2679.0,2636.0,1.5003793626707131,1.5726298892321473,0.09000162171738633,-0.8027691632969425,-4.82
2019-03-13,4110,4030,2636.0,2651.0,1.5201810637495285,1.572757922412267,0.08990552834527599,-0.5848011755275007,-3.46
2019-03-12,4075,4120,2633.0,2657.0,1.550621001129093,1.5727054480604679,0.089937342986444,-0.2455536954733421,-1.42
2019-03-11,4015,4080,2629.0,2623.0,1.5554708349218451,1.5720711080907974,0.0902580767069715,-0.18392008532207174,-1.07
2019-03-08,3980,3960,2666.0,2612.0,1.5160796324655437,1.5713529485137439,0.09060093507430227,-0.6100744545613163,-3.65
2019-03-07,3990,4025,2725.0,2706.0,1.4874353288987436,1.5712394179675173,0.09067543027495317,-0.9242204731166571,-5.63
2019-03-06,4000,4000,2753.0,2743.0,1.4582573824279985,1.5704810854466862,0.09160617574970566,-1.225067001217418,-7.7
2019-03-05,4100,4000,2736.0,2753.0,1.452960406828914,1.569596705208567,0.0929949772186381,-1.2542214845155837,-8.03
2019-03-04,4070,4115,2775.0,2755.0,1.4936479128856623,1.5683242582071208,0.09520875897548128,-0.784343227713845,-5.0
2019-03-01,3995,4015,2726.0,2736.0,1.467470760233918,1.5678905681329611,0.0956211221910911,-1.0501843692898953,-6.84
2019-02-28,3995,3985,2724.0,2743.0,1.4527889172438935,1.5675426491641913,0.09603245516050053,-1.194947392821605,-7.9
2019-02-27,3950,3975,2725.0,2734.0,1.4539136795903438,1.5675020892938774,0.09608154336162014,-1.1822084214032988,-7.81
2019-02-26,3925,3940,2715.0,2725.0,1.4458715596330276,1.567477565459187,0.09611076280251955,-1.265269385864988,-8.41
2019-02-25,3955,3950,2700.0,2709.0,1.4581026208933185,1.567460116661237,0.09613295487923584,-1.137565113912243,-7.5
2019-02-22,3850,3940,2724.0,2687.0,1.4663193152214364,1.5669186073389358,0.09685907502279356,-1.0386150403958088,-6.86
2019-02-21,3945,3900,2714.0,2722.0,1.4327700220426158,1.565754439035948,0.09857079044337604,-1.3491260077672294,-9.28
2019-02-20,3970,3955,2720.0,2703.0,1.4631890492045876,1.5652348031608467,0.09936996157385532,-1.0269275779121145,-6.97
2019-02-19,4050,3990,2705.0,2713.0,1.4706966457795798,1.5653017520625463,0.09930285615424675,-0.9526927013661795,-6.43
2019-02-18,4110,4045,2663.0,2695.0,1.5009276437847867,1.5656630948765278,0.09900681576694806,-0.6538484304365642,-4.31
2019-02-15,4075,4005,2606.0,2616.0,1.5309633027522935,1.5658267910084098,0.09890974986207156,-0.3524777719560812,-2.28
2019-02-14,4100,4085,2590.0,2622.0,1.5579710144927537,1.5652221004489308,0.09925905506298674,-0.07305213566234202,-0.47
2019-02-13,4060,4100,2610.0,2583.0,1.5873015873015872,1.5638385361363047,0.10007037131359761,0.23446551518985217,1.48
2019-02-12,3955,4040,2537.0,2582.0,1.5646785437645236,1.5626161378561132,0.10033589530749731,0.020555015750742395,0.13
2019-02-08,3850,3880,2580.0,2517.0,1.541517679777513,1.5616094369746345,0.10068830363382876,-0.19954410266150516,-1.3
2019-02-07,4000,3925,2546.0,2516.0,1.5600158982511925,1.561121503166443,0.10087298577691668,-0.01096036671002823,-0.07
2019-02-06,3985,4015,2596.0,2547.0,1.5763643502159403,1.5608118070771593,0.1009115529857619,0.15412054099470113,0.99
2019-02-05,3950,3955,2564.0,2579.0,1.5335401318340443,1.5599693711279699,0.10104184855505861,-0.26156725823878874,-1.72
2019-02-04,3860,3930,2517.0,2551.0,1.5405723245785967,1.5591872922772005,0.10146948585630801,-0.18345384862760292,-1.21
2019-02-01,3855,3860,2503.0,2490.0,1.5502008032128514,1.5579507163715216,0.10225091236191061,-0.07579309543214553,-0.5
2019-01-31,3820,3845,2489.0,2504.0,1.5355431309904153,1.5566092929421254,0.10300095996382688,-0.20452393802065866,-1.37
2019-01-30,3745,3790,2496.0,2446.0,1.5494685200327065,1.5557060059978463,0.1034776978486578,-0.06027855368663518,-0.4
2019-01-29,3755,3755,2461.0,2474.0,1.5177849636216654,1.5545370126631908,0.10403528955077361,-0.3532652160648705,-2.42
2019-01-28,3795,3765,2504.0,2459.0,1.5311102074013827,1.554034099084005,0.10430255947965356,-0.21978263809618215,-1.5
2019-01-25,3765,3795,2509.0,2506.0,1.514365522745411,1.5540425411960466,0.10430072931579897,-0.38040978918280266,-2.62
2019-01-24,3795,3780,2490.0,2509.0,1.506576325229175,1.5540710228949746,0.10429018183583093,-0.4554090982463104,-3.15
2019-01-23,3760,3800,2486.0,2485.0,1.529175050301811,1.5541712877017586,0.10424807843941634,-0.23977648100702648,-1.63
2019-01-22,3885,3835,2562.0,2508.0,1.5291068580542264,1.5538919361538748,0.10434271461290036,-0.23753530077876728,-1.62
2019-01-21,3885,3885,2548.0,2547.0,1.525323910482921,1.5538349705409664,0.10435739563211142,-0.2732059370143226,-1.87
2019-01-18,3825,3890,2484.0,2516.0,1.5461049284578696,1.5542551437718695,0.10430518311631741,-0.07813816217465448,-0.53
2019-01-17,3920,3880,2458.0,2484.0,1.5619967793880838,1.5538252944810664,0.10440426698186828,0.07826772931068503,0.52
2019-01-16,3920,3915,2471.0,2455.0,1.5947046843177188,1.5528322814048106,0.10467565012476672,0.40002047145634195,2.63
2019-01-15,3865,3905,2417.0,2477.0,1.5765038352846186,1.5516778799718403,0.10468491850624075,0.23714930160926978,1.57
2019-01-11,3860,3885,2447.0,2429.0,1.5994236311239194,1.550296071728769,0.10503150908559541,0.46774115522908316,3.07
2019-01-10,3905,3825,2424.0,2433.0,1.5721331689272504,1.5489130509672544,0.10505842311384266,0.22102100214120285,1.48
2019-01-09,4045,3970,2453.0,2435.0,1.6303901437371664,1.5475129824173133,0.10543864072198249,0.7860226644838981,5.08
2019-01-08,4095,4040,2474.0,2468.0,1.6369529983792546,1.5458021671952045,0.10512051038968422,0.8671079587242472,5.57
2019-01-07,4150,4100,2489.0,2462.0,1.6653127538586514,1.543681018584306,0.1048645739631614,1.1598934766766353,7.3
2019-01-04,3935,4075,2348.0,2424.0,1.681105610561056,1.5412540073072305,0.1041252326904625,1.3431096348141502,8.32
2018-12-28,4030,4085,2349.0,2419.0,1.6887143447705664,1.5386730089544973,0.10301992745268534,1.4564302220556264,8.88
2018-12-27,3985,4030,2334.0,2347.0,1.7170856412441415,1.5350225584316306,0.10248793535956432,1.7764342912535855,10.6
2018-12-26,3885,3760,2240.0,2236.0,1.6815742397137745,1.530420626016375,0.10195709271096678,1.4825218106787086,8.99
2018-12-25,3960,3880,2203.0,2237.0,1.7344658024139472,1.5261066320382983,0.10231460039865133,2.036455887662299,12.01
2018-12-21,4190,4095,2376.0,2309.0,1.7734950194889563,1.5214910596373181,0.10060488764341838,2.504887841481769,14.21
2018-12-20,4365,4245,2464.0,2392.0,1.774665551839465,1.5163787383372762,0.09735884318332748,2.6529363441165033,14.55
2018-12-19,4390,4370,2485.0,2483.0,1.7599677809101892,1.5106307542748056,0.09462767623048049,2.6349270801925253,14.17
2018-12-18,4470,4365,2525.0,2491.0,1.7523083099156964,1.5052037328822778,0.09180180761950346,2.6917179894497063,14.1
2018-12-17,4475,4505,2550.0,2549.0,1.7673597489211454,1.5000924956466204,0.08851430879579769,3.0194807699522346,15.12
2018-12-14,4500,4475,2600.0,2554.0,1.7521534847298355,1.4950166495901962,0.08383388199563704,3.067218516172511,14.68
2018-12-13,4395,4450,2605.0,2597.0,1.713515594917212,1.4903877725452328,0.0789504362424957,2.826175927472316,13.02
2018-12-12,4315,4375,2554.0,2591.0,1.6885372443072173,1.4860396528378343,0.07544437121933954,2.6840649368083587,11.99
2018-12-11,4255,4230,2602.0,2540.0,1.6653543307086613,1.4818131959180925,0.07281494265791871,2.5206520542471176,11.02
2018-12-10,4300,4260,2625.0,2606.0,1.6346891788181122,1.478111973167324,0.07040662124870208,2.22389887305769,9.58
2018-12-07,4395,4315,2661.0,2650.0,1.6283018867924528,1.4745917254084817,0.0690777089811986,2.225177465364515,9.44
2018-12-06,4445,4425,2693.0,2663.0,1.6616597822005257,1.4711184128780672,0.06779890569934247,2.810390040326365,11.47
2018-12-05,4340,4445,2712.0,2704.0,1.643860946745562,1.4670831041541532,0.0652985461939344,2.707224783632775,10.75
2018-12-04,4455,4360,2821.0,2747.0,1.5871860211139426,1.4636766205448246,0.0625957199131649,1.973128526047065,7.78
2018-12-03,4400,4440,2801.0,2830.0,1.568904593639576,1.460896493204482,0.061671990586771704,1.751331510584665,6.88
2018-11-30,4325,4350,2730.0,2800.0,1.5535714285714286,1.4578574353523637,0.06189025178496312,1.5465116146501061,6.16
2018-11-29,4310,4315,2796.0,2758.0,1.5645395213923132,1.4555525752639984,0.06150044440703047,1.7721326598390548,6.97
2018-11-28,4250,4275,2755.0,2771.0,1.5427643450018045,1.45289121348801,0.061043655841096264,1.472276361490285,5.83
2018-11-27,4250,4230,2730.0,2734.0,1.5471836137527433,1.4504428556135665,0.061072371042728654,1.5840347523349494,6.25
2018-11-26,4145,4175,2730.0,2712.0,1.5394542772861357,1.4473951468157678,0.061866875831942704,1.4880197073542314,5.98
2018-11-22,4015,4145,2707.0,2732.0,1.517203513909224,1.444335939350901,0.06290311510637593,1.1584096341667027,4.8
2018-11-21,4065,4025,2702.0,2712.0,1.4841445427728615,1.4423036543520968,0.0629782504055859,0.6643704477546665,2.82
2018-11-20,4115,4150,2746.0,2746.0,1.5112891478514203,1.4407055707866923,0.06341542408534047,1.1130348504764573,4.67
2018-11-19,4185,4160,2772.0,2755.0,1.5099818511796734,1.4384839875717683,0.06382102630319075,1.1202869610439115,4.74
2018-11-16,4195,4200,2791.0,2770.0,1.516245487364621,1.4365667269253835,0.06380422445714343,1.2488007042975158,5.26
2018-11-15,4195,4195,2771.0,2791.0,1.503045503403798,1.434453968364138,0.06375431356906974,1.075872850004882,4.56
2018-11-14,4145,4200,2798.0,2797.0,1.5016088666428316,1.4323359685767312,0.06407821076434007,1.0810679205894929,4.61
2018-11-13,4235,4185,2827.0,2776.0,1.5075648414985592,1.43036677355356,0.06418835837939191,1.2026802039197224,5.12
2018-11-12,4125,4110,2906.0,2873.0,1.4305603898364079,1.4287292250025565,0.0637632340133729,0.028718192578929224,0.13
2018-11-09,4065,4070,2964.0,2924.0,1.3919288645690835,1.4282963652678313,0.06385945455053424,-0.5694928175430773,-2.61
2018-11-08,4095,4040,2900.0,2976.0,1.35752688172043,1.428682928401674,0.06372574961182101,-1.116598033207673,-5.24
2018-11-07,4020,4040,2839.0,2765.0,1.461121157323689,1.4296267495862949,0.0631868109557457,0.4984332530953654,2.16
2018-11-06,4060,4020,2769.0,2789.0,1.4413768375761922,1.4294777286633777,0.0631255080198663,0.18849921824105786,0.83
2018-11-05,4000,4010,2774.0,2766.0,1.4497469269703542,1.429551817884972,0.06314268885583034,0.31983289675060317,1.39
2018-11-02,4025,4060,2808.0,2796.0,1.452074391988555,1.4291030625961112,0.06311716128604479,0.36394744193799483,1.58
2018-11-01,4070,4065,2820.0,2814.0,1.4445628997867803,1.4288035476036216,0.063060716906656,0.24990759630097592,1.09
2018-10-31,3975,4020,2845.0,2836.0,1.4174894217207334,1.4287282517049915,0.06304522447074347,-0.17826615859657252,-0.79
2018-10-30,3840,3915,2796.0,2839.0,1.3790066924973583,1.4291437350775509,0.06307246301380727,-0.7949117599738735,-3.64
2018-10-29,4015,3865,2740.0,2773.0,1.3937973314100252,1.4299500269739858,0.06281236580791903,-0.5755665321461699,-2.59
2018-10-26,4105,3995,2730.0,2721.0,1.468210216832047,1.4304380391719191,0.0626716117754731,0.6026999560095918,2.57
2018-10-25,4165,4080,2735.0,2724.0,1.497797356828194,1.430432425153446,0.06266824672353903,1.0749452106411783,4.5
2018-10-24,4175,4240,2800.0,2802.0,1.5132048536759457,1.4289233321906087,0.062390015346636275,1.3508815636135432,5.57
2018-10-23,4235,4130,2876.0,2780.0,1.485611510791367,1.427033540546681,0.06195354797527302,0.945514375836324,3.94
2018-10-22,4230,4255,2845.0,2926.0,1.4542036910457963,1.4253478952245915,0.06205660605385084,0.46499152396707943,1.98
2018-10-19,4215,4270,2838.0,2855.0,1.4956217162872154,1.4239276395465859,0.06259652128779285,1.1453364382824074,4.79
2018-10-18,4325,4265,2854.0,2864.0,1.4891759776536313,1.4219611498776763,0.06263000235186682,1.0732049377601776,4.51
2018-10-17,4275,4280,2809.0,2844.0,1.5049226441631505,1.419648132291669,0.06330468200186813,1.3470490519005376,5.67
2018-10-16,4190,4240,2757.0,2759.0,1.5367886915549112,1.4171951561348877,0.06351688660866835,1.8828620514233798,7.78
2018-10-15,4175,4190,2798.0,2769.0,1.5131816540267244,1.414230413443365,0.06305318792156343,1.5693297015600909,6.54
2018-10-12,4090,4140,2823.0,2807.0,1.4748842180263626,1.411614388977242,0.06296357670095942,1.0048639604706036,4.29
2018-10-11,4185,4135,2853.0,2856.0,1.447829131652661,1.4096862691283276,0.06321023793464985,0.6034285547820206,2.63
2018-10-10,4360,4285,2963.0,2956.0,1.4495940460081191,1.4077601058595952,0.0642117059704527,0.6515002134933777,2.89
2018-10-09,4345,4330,2993.0,2950.0,1.4677966101694915,1.4056402018321938,0.06540895042384565,0.9502737459403987,4.23
2018-10-05,4445,4400,2999.0,3010.0,1.4617940199335548,1.4031793281478617,0.06648721082920396,0.8815934832379387,4.01
2018-10-04,4560,4455,3005.0,3010.0,1.4800664451827243,1.4008930422906833,0.06737458679410478,1.175122648751719,5.35
2018-10-03,4595,4560,3045.0,2977.0,1.5317433658045012,1.3983689070551937,0.06790522319093338,1.964126653030654,8.71
2018-10-02,4575,4595,3025.0,3030.0,1.5165016501650166,1.3948951907413056,0.06765682110738785,1.7974013179054316,8.02
2018-10-01,4595,4565,3035.0,3015.0,1.5140961857379769,1.3916569266163856,0.06757105895795494,1.8120074039061194,8.09
2018-09-28,4640,4585,3040.0,3040.0,1.5082236842105263,1.3884645915083,0.06736651966984065,1.77772420616589,7.94
2018-09-27,4720,4605,3035.0,3020.0,1.5248344370860927,1.3854348321926557,0.06702122194294857,2.0799323087857164,9.14
2018-09-26,4635,4725,3015.0,3035.0,1.556836902800659,1.3819940500636954,0.0663976015748083,2.63327060902905,11.23
2018-09-25,4505,4640,3055.0,3065.0,1.5138662316476346,1.3776892161460117,0.06538073602971982,2.082830872991725,9.0
2018-09-21,4455,4470,2954.0,3005.0,1.4875207986688852,1.3739989567132904,0.06540119798762711,1.7357761852783087,7.63
2018-09-20,4425,4455,2984.0,2954.0,1.508124576844956,1.370729697168303,0.06577209330274794,2.088954034718441,9.11
2018-09-19,4365,4370,2938.0,2967.0,1.4728682170542635,1.3672014560571235,0.06540360576146839,1.6156106344123322,7.17
2018-09-18,4280,4345,2875.0,2905.0,1.495697074010327,1.3638427830555397,0.0663521069182115,1.9871907175052728,8.82
2018-09-14,4345,4240,2902.0,2890.0,1.467128027681661,1.360191618153564,0.06653009059314997,1.6073390036704267,7.29
2018-09-13,4225,4335,2857.0,2886.0,1.502079002079002,1.3564781496001934,0.06820917658142052,2.134622638421775,9.69
2018-09-12,4275,4240,2890.0,2869.0,1.4778668525618683,1.3522892095289003,0.06878342445193479,1.8256962928724276,8.5
2018-09-11,4280,4260,2835.0,2872.0,1.4832869080779945,1.348386787297211,0.06984256620206108,1.9314886052511975,9.09
2018-09-10,4125,4235,2855.0,2847.0,1.4875307341060766,1.3448697911244638,0.0696018895617479,2.0496705460136964,9.59
2018-09-07,3980,4075,2882.0,2880.0,1.4149305555555556,1.341464619431621,0.06878151929266955,1.0681057481637248,5.19
2018-09-06,3980,3980,2909.0,2901.0,1.3719407100999654,1.3392764743192955,0.06901955944886783,0.47326056615688405,2.38
2018-09-05,3935,3960,2868.0,2916.0,1.3580246913580247,1.3378454033794345,0.06943888858487376,0.29060499656364047,1.49
2018-09-04,3920,3915,2828.0,2820.0,1.3882978723404256,1.3366087183199555,0.06989294138382972,0.7395475565495191,3.72
2018-09-03,3915,3920,2899.0,2820.0,1.3900709219858156,1.3352655544431924,0.06985464799904315,0.7845629333551853,3.94
2018-08-31,3895,3895,2890.0,2899.0,1.343566747154191,1.3336187623393227,0.06999891532946557,0.14211627091713966,0.74
2018-08-30,3965,3910,2925.0,2890.0,1.3529411764705883,1.3323868063346251,0.07062328328719096,0.29104240385395885,1.52
2018-08-29,4000,3970,2900.0,2900.0,1.3689655172413793,1.3313381862596358,0.07089366256951163,0.5307573289058047,2.75
2018-08-28,4000,3995,2879.0,2881.0,1.386671294689344,1.3304766170442437,0.07082375734464208,0.7934438915976483,4.05
2018-08-27,3965,4000,2831.0,2847.0,1.4049877063575693,1.329743973480055,0.07052222340790841,1.0669506609611024,5.36
2018-08-24,3840,3900,2802.0,2811.0,1.3874066168623265,1.3285309328864308,0.06999803699572006,0.8411047866884551,4.24
2018-08-23,3785,3780,2725.0,2756.0,1.3715529753265603,1.3276450812207397,0.06966695911738692,0.6302542074764169,3.2
2018-08-22,3735,3765,2715.0,2713.0,1.3877626244010322,1.3272879914407862,0.06950944570621194,0.8700203597630098,4.36
2018-08-21,3720,3720,2720.0,2714.0,1.3706705969049373,1.3267011564487725,0.0691814249178588,0.63556714115633,3.21
2018-08-20,3735,3730,2705.0,2727.0,1.3678034470113678,1.3269080605025552,0.06933564993482168,0.5898175981224083,2.99
2018-08-17,3750,3740,2702.0,2752.0,1.3590116279069768,1.326913247196374,0.06933872342575718,0.46292142578845386,2.36
2018-08-16,3705,3750,2703.0,2701.0,1.388374676045909,1.327112513415266,0.06945206355573988,0.8820783644747454,4.41
2018-08-15,3695,3750,2748.0,2720.0,1.3786764705882353,1.3268487849522845,0.06925621185231945,0.7483471048989376,3.76
2018-08-14,3700,3685,2716.0,2748.0,1.3409752547307132,1.3267970013864536,0.06921888231675251,0.20483216240589516,1.06
2018-08-13,3730,3750,2763.0,2716.0,1.3807069219440353,1.327189756572547,0.06938159572480927,0.7713452654469837,3.88
2018-08-10,3860,3815,2814.0,2795.0,1.364937388193202,1.3270692198355154,0.0692963159923444,0.5464672661945006,2.77
2018-08-09,3805,3845,2881.0,2829.0,1.3591375044185225,1.3272997043160215,0.06945046126139072,0.45842460257640477,2.34
2018-08-08,3825,3820,2901.0,2897.0,1.318605453917846,1.3276324676524829,0.06966167957359493,-0.12958363608072615,-0.68
2018-08-07,3780,3820,2885.0,2916.0,1.3100137174211248,1.328705081473777,0.070132172588145,-0.2665162558476309,-1.43
2018-08-06,3805,3790,2785.0,2777.0,1.3647821389989196,1.3295145224311486,0.0702619877729307,0.5019444750374438,2.58
2018-08-03,3840,3805,2853.0,2789.0,1.3642882753675152,1.3294283855205167,0.07022264796143815,0.4964194723352124,2.56
2018-08-02,3870,3835,2849.0,2852.0,1.3446704067321178,1.3290990810980965,0.07011623149262207,0.22207875840645808,1.16
2018-08-01,3915,3895,2867.0,2851.0,1.3661873027008067,1.3290041020273533,0.07009989710702942,0.530431601300093,2.72
2018-07-31,3885,3905,2924.0,2876.0,1.35778859527121,1.3291664013499458,0.07019981787844462,0.4077246179017932,2.11
2018-07-30,3955,3960,2930.0,2946.0,1.3441955193482689,1.3295279450341255,0.07041579084891547,0.2082995040929693,1.09
2018-07-27,3955,3990,2907.0,2947.0,1.3539192399049882,1.3301428110993603,0.07074176453039234,0.3361017210054606,1.76
2018-07-26,3965,3995,2859.0,2885.0,1.3847487001733103,1.3305026011107572,0.0709301452636723,0.7647820099747608,3.92
2018-07-25,3965,3965,2828.0,2836.0,1.398095909732017,1.330251878202556,0.0707710097000895,0.9586415654795305,4.85
2018-07-24,4000,3980,2775.0,2801.0,1.4209210996072832,1.3294717291225837,0.07034001498328073,1.3001045067510475,6.44
2018-07-23,3925,3955,2709.0,2769.0,1.4283134705669918,1.32819278112782,0.06953302898526342,1.4399011649613445,7.01
2018-07-20,3945,3925,2715.0,2707.0,1.4499445881049131,1.326562202412122,0.06859360774607864,1.7987446607201478,8.51
2018-07-19,3865,3940,2733.0,2723.0,1.44693352919574,1.3244913140546513,0.06716707189628358,1.8229500212568222,8.46
2018-07-18,3930,3890,2778.0,2747.0,1.4160902803057882,1.3226433114431526,0.06566267501937105,1.4231367947630513,6.6
2018-07-17,3915,3930,2700.0,2749.0,1.429610767551837,1.3212953739474953,0.06476201641974494,1.6725142234965684,7.58
2018-07-13,3860,3875,2668.0,2693.0,1.4389157073895285,1.3200832856881024,0.06356304606566553,1.8695205635466714,8.26
2018-07-12,3870,3865,2680.0,2668.0,1.4486506746626686,1.3179318110591813,0.06222110037773458,2.100876757400841,9.02
2018-07-11,3890,3865,2720.0,2685.0,1.4394785847299814,1.3151492665884446,0.06096681233322583,2.039295042391113,8.64
2018-07-10,4010,3915,2756.0,2737.0,1.4303982462550238,1.3119735348093609,0.060610141274422734,1.9538761823615436,8.28
2018-07-09,3860,4010,2739.0,2732.0,1.4677891654465594,1.3089688557741204,0.060249579596801446,2.6360401306579493,10.82
2018-07-06,3745,3780,2730.0,2730.0,1.3846153846153846,1.3067256919503332,0.05735716090338886,1.3579767798522506,5.63
2018-07-05,3790,3740,2765.0,2727.0,1.3714704803813715,1.3061690482684716,0.05679840982142127,1.1497052878454321,4.76
2018-07-04,3690,3750,2738.0,2759.0,1.3591881116346503,1.305259900749946,0.05628931275021532,0.9580541713843904,3.97
2018-07-03,3795,3725,2815.0,2764.0,1.3476845151953691,1.3047699883096049,0.055976848587937784,0.7666477832946765,3.18
2018-07-02,3865,3795,2920.0,2815.0,1.3481349911190053,1.304208398483852,0.05575432903624274,0.7878597661286374,3.26
2018-06-29,3865,3855,2930.0,2930.0,1.3156996587030716,1.3038028796228873,0.055543568962634626,0.2141882364128869,0.9
2018-06-28,3865,3840,2910.0,2907.0,1.3209494324045408,1.3038976444074313,0.0555698424640954,0.3068532722245332,1.29
2018-06-27,3750,3825,2884.0,2910.0,1.3144329896907216,1.3040074052375297,0.05561152883028661,0.18747163892955396,0.79
2018-06-26,3755,3785,2827.0,2874.0,1.3169798190675017,1.3043102579503654,0.05572920450329969,0.22734150307826834,0.96
2018-06-25,3780,3770,2885.0,2834.0,1.3302752293577982,1.304081961027566,0.055711903870044606,0.4701556850638498,1.97
2018-06-22,3720,3755,2896.0,2881.0,1.303366886497744,1.3039898985528253,0.05567423628180215,-0.011190311653813513,-0.05
2018-06-21,3755,3735,2910.0,2894.0,1.2906012439530061,1.3038252808042583,0.05569408433108686,-0.23744060091981606,-1.02
2018-06-20,3735,3765,2920.0,2934.0,1.2832310838445808,1.3041205746792752,0.055681897976648874,-0.375157665125832,-1.63
2018-06-19,3830,3760,2960.0,2914.0,1.2903225806451613,1.3047980912134285,0.055732718683199206,-0.2597309248549348,-1.12
2018-06-18,3825,3840,3000.0,2975.0,1.2907563025210085,1.3059574914600602,0.05632088042400033,-0.26990325478956806,-1.18
2018-06-15,3875,3820,3030.0,3005.0,1.2712146422628952,1.3066087748264943,0.056423661618629585,-0.6272923725303382,-2.78
2018-06-14,3850,3840,3020.0,3015.0,1.2736318407960199,1.3075832124172018,0.056435059685255175,-0.6016007037209246,-2.67
2018-06-13,3875,3875,3035.0,3040.0,1.274671052631579,1.3083601369602582,0.0563633562085076,-0.5977125315967988,-2.64
2018-06-12,3875,3875,3025.0,3025.0,1.28099173553719,1.3094846779639302,0.05652113102531759,-0.5041113280974028,-2.22
2018-06-11,3880,3870,3095.0,3055.0,1.2667757774140753,1.3107195430411018,0.05689560935112986,-0.7723577641260266,-3.47
2018-06-08,3835,3850,3080.0,3120.0,1.233974358974359,1.3114889265497136,0.05668593757752323,-1.3674391019703305,-6.28
2018-06-07,3885,3835,3085.0,3100.0,1.2370967741935484,1.3130643756848157,0.056149140336017644,-1.3529610789523858,-6.14
2018-06-06,3840,3845,3095.0,3095.0,1.2423263327948304,1.3145327839108023,0.05558042406945132,-1.2991345842511977,-5.81
2018-06-05,3835,3830,3105.0,3080.0,1.2435064935064934,1.316104768016377,0.055181814675460045,-1.3156195557695005,-5.84
2018-06-04,3760,3785,3095.0,3100.0,1.2209677419354839,1.3178912602846158,0.054971039656252885,-1.7631741905413827,-7.94
2018-06-01,3655,3745,3060.0,3065.0,1.2218597063621532,1.319973065666466,0.05421229571397812,-1.8097990135292366,-8.03
2018-05-31,3645,3655,3070.0,3075.0,1.1886178861788619,1.3231855351593749,0.05542813110080796,-2.427786149523476,-11.32
2018-05-30,3635,3635,3060.0,3060.0,1.1879084967320261,1.3269017379479646,0.05562435120355055,-2.4987840434724284,-11.7
2018-05-29,3700,3680,3080.0,3105.0,1.1851851851851851,1.330394869860763,0.055008824884395985,-2.639752530266624,-12.25
2018-05-28,3795,3750,3090.0,3075.0,1.2195121951219512,1.3334018406686028,0.05312049401118947,-2.143986942641413,-9.34
2018-05-25,3820,3795,3070.0,3080.0,1.2321428571428572,1.3366960209501055,0.05361399994907718,-1.9501093726741783,-8.49
2018-05-24,3880,3815,3065.0,3050.0,1.2508196721311475,1.3399506311865155,0.05456872265975572,-1.6333708159363196,-7.13
2018-05-23,3890,3895,3100.0,3080.0,1.2646103896103895,1.3436205435599293,0.057621097516846104,-1.3712018228469252,-6.25
2018-05-22,3955,3935,3105.0,3110.0,1.265273311897106,1.3471106842261091,0.060581167327185874,-1.3508714991742738,-6.47
2018-05-21,3985,3985,3160.0,3095.0,1.2875605815831987,1.3505223197400595,0.06303161327648214,-0.9988914273966802,-4.89
2018-05-18,4005,4015,3195.0,3170.0,1.2665615141955835,1.3529930882130072,0.06413738444641752,-1.3476005416097303,-6.82
2018-05-17,4065,4010,3210.0,3205.0,1.251170046801872,1.3553943702069422,0.06422776973165054,-1.6227299163668434,-8.33
2018-05-16,4050,4065,3110.0,3190.0,1.274294670846395,1.3580974457058486,0.06405032118604548,-1.3083896115998181,-6.58
2018-05-15,4185,4050,3110.0,3105.0,1.3043478260869565,1.3603095079018723,0.06398271611482542,-0.8746374835742385,-4.29
2018-05-14,4125,4135,3100.0,3105.0,1.3317230273752012,1.362398867768913,0.06467597082127184,-0.47430042416344365,-2.3
2018-05-11,4105,4080,3090.0,3105.0,1.3140096618357489,1.3641115872859162,0.06553606017482892,-0.7644940101146098,-3.81
2018-05-10,4115,4095,3040.0,3100.0,1.320967741935484,1.365890893489688,0.06596181252536816,-0.6810478644280309,-3.4
2018-05-09,4120,4115,3065.0,3060.0,1.3447712418300655,1.3672150563842864,0.06604348352657334,-0.3398338996638545,-1.67
2018-05-08,4125,4085,2989.0,3040.0,1.34375,1.3679622542908985,0.06610231707348774,-0.36628450200892415,-1.8
2018-05-07,4110,4135,3005.0,2983.0,1.3861884009386523,1.3689767470445218,0.06630648897294524,0.25957721726380784,1.24
2018-05-02,4130,4095,2995.0,2993.0,1.3681924490477781,1.36911570395856,0.06635331720655363,-0.013914223879836932,-0.07
2018-05-01,4140,4115,3025.0,2995.0,1.3739565943238732,1.3695941340097395,0.066474186958184,0.06562638091200587,0.32
2018-04-27,4165,4140,3020.0,3025.0,1.368595041322314,1.3699504343140574,0.06656816443867154,-0.020360978902941997,-0.1
2018-04-26,4135,4145,3010.0,3015.0,1.3747927031509122,1.3705913893186488,0.06678311126637422,0.06290982484337775,0.31
2018-04-25,4110,4125,2984.0,3010.0,1.3704318936877076,1.3717641236571332,0.0676136867189884,-0.019703554621456166,-0.1
2018-04-24,4090,4115,2975.0,3000.0,1.3716666666666666,1.3723937923525027,0.06781793731748725,-0.010721731072888464,-0.05
2018-04-23,4090,4090,2957.0,2959.0,1.3822237242311592,1.3725667904270298,0.06783240918625787,0.14236460004852455,0.7
2018-04-20,4055,4090,2965.0,2955.0,1.3840947546531304,1.3727186518200185,0.06786659963611898,0.1676244705658928,0.82
2018-04-19,4040,4130,2951.0,2952.0,1.3990514905149052,1.3728394740857235,0.067894805196565,0.3860680703522784,1.87
2018-04-18,3985,4045,2906.0,2951.0,1.3707217892239918,1.3727194370468006,0.06785630409121605,-0.029439384439851193,-0.15
2018-04-17,3910,3950,2938.0,2908.0,1.358321870701513,1.3726737721073807,0.06785878543761618,-0.21149658534725313,-1.06
2018-04-16,3950,3925,2920.0,2930.0,1.3395904436860069,1.372731974986947,0.06784832199586316,-0.48846501027631783,-2.47
2018-04-13,4015,3915,2913.0,2927.0,1.3375469764263752,1.372755826542398,0.06783698063642597,-0.5190214804035213,-2.63
2018-04-12,4040,4000,2925.0,2902.0,1.3783597518952446,1.3730488951367315,0.06773163608179335,0.07841028307805428,0.39
2018-04-11,4100,4055,2940.0,2928.0,1.3849043715846994,1.3728905147637565,0.06773292033211224,0.17737101489254897,0.87
2018-04-10,4045,4075,2913.0,2931.0,1.3903104742408734,1.3728608773325712,0.06772814316758494,0.25764174377444976,1.26
2018-04-09,4025,4035,2955.0,2922.0,1.3809034907597535,1.3733442523164574,0.06797985713379431,0.11119821020539072,0.55
2018-04-06,4045,4035,2974.0,2954.0,1.365944482058226,1.3738956922276466,0.06820630667087182,-0.11657587923341138,-0.58
2018-04-05,4000,4000,3020.0,2986.0,1.3395847287340925,1.3741656344099653,0.06821436670880576,-0.5069446121737397,-2.58
2018-04-04,3980,3975,2994.0,3000.0,1.325,1.3748477059094582,0.06812086991780289,-0.7317538071608046,-3.76
2018-04-03,3820,3905,2980.0,2990.0,1.306020066889632,1.3758994401834146,0.06795185476155274,-1.0283659443733157,-5.35
2018-04-02,3945,3880,3025.0,2997.0,1.2946279612946279,1.3768750221251802,0.06746509249543703,-1.2191054334671678,-6.35
2018-03-30,3965,3925,3000.0,3000.0,1.3083333333333333,1.3781252839028955,0.0667948458071019,-1.044870299889839,-5.33
2018-03-29,3940,3920,2961.0,2981.0,1.3149949681314994,1.3788776963649854,0.06632058484090987,-0.9632413282652459,-4.86
2018-03-28,3815,3905,2916.0,2917.0,1.3387041480973603,1.3789281480264386,0.06627339097613633,-0.6069404226435637,-3.0
2018-03-27,3765,3825,2993.0,2994.0,1.277555110220441,1.3780421101704807,0.06724237497938577,-1.4943999223829563,-7.87
2018-03-26,3705,3705,3080.0,2988.0,1.2399598393574298,1.3778560588822248,0.06753880351704045,-2.0417332310307064,-11.12
2018-03-23,3750,3700,3110.0,3080.0,1.2012987012987013,1.3781524160844787,0.06697952035235967,-2.64041476940118,-14.72
2018-03-22,3770,3820,3000.0,3170.0,1.2050473186119874,1.378691314460838,0.06570490267227427,-2.64278598379423,-14.41
2018-03-20,3795,3770,2870.0,2901.0,1.2995518786625302,1.3798982603866117,0.06329118086381559,-1.2694719963744046,-6.18
2018-03-19,3715,3850,2869.0,2867.0,1.3428671084757586,1.3794380790611953,0.06399525084779369,-0.5714638211578712,-2.72
2018-03-16,3810,3730,2833.0,2862.0,1.3032844164919637,1.3783202748402854,0.06534227181605644,-1.1483509260215725,-5.76
2018-03-15,3770,3765,2837.0,2847.0,1.3224446786090622,1.3778326806688204,0.06603317301231157,-0.8387905583369636,-4.19
2018-03-14,3740,3730,2841.0,2857.0,1.305565278263913,1.3772049158719073,0.06677637136877694,-1.0728291480883192,-5.49
2018-03-13,3750,3770,2832.0,2861.0,1.317721076546662,1.377075944198557,0.06692378974855531,-0.8869023687227187,-4.5
2018-03-12,3800,3770,2816.0,2850.0,1.3228070175438595,1.376808205222702,0.06720030866776806,-0.8035854112786769,-4.08
2018-03-09,3775,3735,2832.0,2810.0,1.3291814946619218,1.3755979813872512,0.0689563051660002,-0.6731289707821474,-3.49
2018-03-08,3685,3740,2824.0,2797.0,1.3371469431533787,1.3739725311553952,0.07142395918826949,-0.5155915244763506,-2.75
2018-03-07,3665,3650,2776.0,2808.0,1.2998575498575498,1.3730262219441571,0.07236950887992097,-1.0110428164990373,-5.63
2018-03-06,3645,3675,2806.0,2777.0,1.3233705437522507,1.372806059275064,0.0726164632453685,-0.6807755888051493,-3.74
2018-03-05,3600,3580,2755.0,2773.0,1.291020555355211,1.3726356848197676,0.07274712271970783,-1.1219018211760337,-6.32
2018-03-02,3650,3635,2775.0,2769.0,1.3127482845792704,1.3720946396128857,0.07349912126674593,-0.8074430552473294,-4.52
2018-03-01,3805,3750,2815.0,2811.0,1.3340448239060831,1.3714861460466454,0.07417374295875082,-0.5047786541038383,-2.81
2018-02-28,3780,3855,2820.0,2799.0,1.377277599142551,1.3699623683832072,0.07607673182023215,0.09615595444648654,0.53
2018-02-27,3795,3775,2820.0,2818.0,1.3396025550035486,1.367669487626509,0.07837833617102372,-0.35809554009563954,-2.1
2018-02-26,3735,3760,2815.0,2797.0,1.3442974615659635,1.3660459704265762,0.08018321318050842,-0.2712351874905836,-1.62
2018-02-23,3730,3720,2762.0,2793.0,1.3319011815252417,1.3641038944817576,0.08241920256785619,-0.3907185698624446,-2.42
2018-02-22,3790,3740,2771.0,2752.0,1.3590116279069768,1.3621796700011422,0.08479888441589793,-0.037359478441103,-0.23
2018-02-21,3695,3820,2799.0,2781.0,1.3736066163250629,1.3597723493680716,0.087378189721637,0.15832631691115934,1.01
2018-02-20,3745,3690,2784.0,2786.0,1.3244795405599425,1.357211873073786,0.08971761415135954,-0.3648373045076962,-2.47
2018-02-19,3625,3740,2730.0,2766.0,1.3521330441070138,1.3550812913105759,0.09232898857094889,-0.03193197769405302,-0.22
2018-02-16,3635,3620,2671.0,2687.0,1.347227391142538,1.3524723518562691,0.09509843081290492,-0.055152968023729945,-0.39
2018-02-15,3640,3625,2678.0,2665.0,1.3602251407129455,1.3498412843823082,0.09789574772193423,0.1060705553844066,0.76
2018-02-14,3805,3660,2737.0,2657.0,1.3774934136243884,1.3469228364646118,0.10076334137294062,0.3033898711896643,2.22
2018-02-13,3880,3765,2788.0,2734.0,1.3771031455742502,1.3435357377804453,0.10389956792990276,0.3230755282490833,2.44
2018-02-09,3945,4030,2775.0,2755.0,1.4627949183303086,1.340143130251721,0.10686010615599824,1.1477790214763222,8.38
2018-02-08,4100,4110,2816.0,2801.0,1.467333095323099,1.335393667344271,0.10919372462248876,1.208305957462089,8.99
2018-02-07,4160,4080,2884.0,2814.0,1.4498933901918976,1.3301485538043887,0.11213841859096596,1.06783061409389,8.26
2018-02-06,4120,4005,2840.0,2839.0,1.4107079957731596,1.3251688014036018,0.11496726823374616,0.7440308505516845,6.06
2018-02-05,4275,4300,2912.0,2932.0,1.4665757162346522,1.3208019571338365,0.11781990672393311,1.2372591623449676,9.94
2018-02-02,4430,4380,2901.0,2967.0,1.4762386248736097,1.315147396385784,0.12082647683589051,1.333244440344178,10.91
2018-02-01,4415,4450,2888.0,2916.0,1.5260631001371743,1.3092543180378227,0.12357301728938799,1.754499379032079,14.21
2018-01-31,4450,4370,2920.0,2863.0,1.5263709395738736,1.3026069179108588,0.12513100277646672,1.7882380600972687,14.66
2018-01-30,4405,4460,2967.0,2932.0,1.5211459754433834,1.295887305383207,0.12645904102137698,1.7812777025732631,14.81
2018-01-29,4335,4370,2980.0,2967.0,1.4728682170542635,1.2891110133250605,0.12781625054104684,1.4376669864071105,12.48
2018-01-26,4300,4285,2968.0,2962.0,1.4466576637407158,1.2830002785216184,0.12982469229680843,1.2606029124639855,11.31
2018-01-25,4315,4305,2990.0,2961.0,1.4539007092198581,1.2772387040713116,0.1320041176715031,1.3383067760672147,12.15
2018-01-24,4340,4335,2990.0,3010.0,1.4401993355481728,1.2714902176502771,0.1335640143176381,1.2631330284568754,11.71
2018-01-23,4275,4370,2954.0,2991.0,1.4610498161150116,1.2661195381627512,0.1347651712669437,1.446444033867929,13.34
2018-01-22,4285,4290,2944.0,2938.0,1.4601769911504425,1.2606728093611301,0.13503160338005968,1.4774628812470538,13.66
2018-01-19,4160,4270,2927.0,2950.0,1.4474576271186441,1.2554037828124576,0.1348539345646881,1.4241619640253078,13.27
2018-01-18,4200,4160,2975.0,2929.0,1.4202799590303858,1.2503868489088155,0.13461460949929693,1.2620703707680234,11.96
2018-01-17,4145,4145,2944.0,2959.0,1.4008110848259547,1.2454074193547426,0.1351442219486905,1.1499098017687608,11.09
2018-01-16,4110,4180,2945.0,2944.0,1.419836956521739,1.2405060759851074,0.13608196655167493,1.317815174786834,12.63
2018-01-15,4185,4120,2966.0,2950.0,1.3966101694915254,1.2355384210417528,0.13624513138921596,1.182220214457672,11.53
2018-01-12,4135,4135,2941.0,2945.0,1.404074702886248,1.2311163823146294,0.13632766545933828,1.2686956824857085,12.32
2018-01-11,4110,4125,2934.0,2945.0,1.400679117147708,1.2267384729083894,0.1359747453370715,1.2792128700673964,12.42
2018-01-10,4260,4165,2920.0,2940.0,1.4166666666666667,1.2226353273647792,0.13530548126002342,1.4340242353449646,13.7
2018-01-09,4250,4280,2958.0,2926.0,1.4627477785372522,1.2186113033407553,0.1339562042201708,1.8225096524475533,16.69
2018-01-05,4105,4175,2950.0,2945.0,1.4176570458404074,1.2142704545005714,0.13122166459474446,1.5499467406389071,14.35
2018-01-04,4090,4075,2894.0,2943.0,1.3846415222562012,1.2105449015494498,0.12934748293811302,1.345960638368578,12.57
2017-12-29,4040,4015,2872.0,2881.0,1.3936133287053107,1.2072345297375489,0.12801974771260818,1.4558597583410653,13.37
2017-12-28,4005,3990,2879.0,2864.0,1.3931564245810055,1.2038374004668866,0.12639915393873888,1.4977871149823918,13.59
2017-12-27,3895,3995,2861.0,2874.0,1.3900487125956855,1.2005250754085528,0.12463733237219447,1.5206008792066688,13.63
2017-12-26,3920,3905,2875.0,2856.0,1.367296918767507,1.196924425907277,0.12300013954023799,1.3851406469705236,12.46
2017-12-25,3925,3915,2910.0,2873.0,1.362687086668987,1.1935712513041024,0.12173124746208278,1.389255748960935,12.41
2017-12-22,3910,3890,2890.0,2900.0,1.3413793103448275,1.1900498408457394,0.1206029377984688,1.25477432193206,11.28
2017-12-21,3875,3910,2874.0,2876.0,1.3595271210013908,1.1869151158614777,0.11968072995110043,1.4422706580285696,12.7
2017-12-20,3955,3930,2854.0,2876.0,1.366481223922114,1.1834717514152646,0.11837290730209533,1.5460418830450566,13.39
2017-12-19,4030,3960,2859.0,2864.0,1.3826815642458101,1.1797209967736613,0.11696299326905608,1.7352545604340688,14.68
2017-12-18,4040,4060,2863.0,2846.0,1.4265635980323261,1.1756201185775466,0.11515286192403283,2.179220518377813,17.59
2017-12-15,3990,4025,2875.0,2830.0,1.4222614840989398,1.170783162264509,0.1120887645870888,2.243564042844289,17.68
2017-12-14,3955,3995,2875.0,2882.0,1.3861901457321304,1.1660045819215656,0.10885885284543657,2.0226702565311396,15.88
2017-12-13,3980,3965,2845.0,2851.0,1.3907400911960714,1.1616554757983293,0.10646463570809603,2.151743758611495,16.47
2017-12-12,3960,3980,2838.0,2835.0,1.4038800705467371,1.1573461162672039,0.10360755572317012,2.3794978325543106,17.56
2017-12-11,3920,3910,2836.0,2835.0,1.379188712522046,1.1526577453566107,0.10024680132725619,2.2597326215519207,16.42
2017-12-08,3870,3925,2771.0,2827.0,1.3883975946232756,1.148230916585409,0.09743694232712809,2.4648421050770204,17.3
2017-12-07,3735,3850,2822.0,2821.0,1.3647642679900744,1.1437954045341976,0.09391108619414443,2.3529582332703844,16.19
2017-12-06,3650,3715,2869.0,2817.0,1.318778842740504,1.1395288958863696,0.09099884660588227,1.96980460236457,13.59
2017-12-05,3560,3645,2846.0,2865.0,1.2722513089005236,1.1357680218060069,0.08932628946910406,1.5279184650530369,10.73
2017-12-04,3665,3600,2873.0,2849.0,1.2636012636012637,1.1327081644194283,0.0885256404480397,1.4785896890366277,10.36
2017-12-01,3620,3625,2895.0,2872.0,1.2621866295264623,1.1297238368014648,0.08783275512857568,1.5081252151442737,10.49
2017-11-30,3620,3560,2801.0,2867.0,1.2417160795256366,1.1269459274607956,0.08688898294744198,1.3208826731723164,9.24
2017-11-29,3515,3625,2755.0,2798.0,1.2955682630450323,1.1243432014392136,0.08633396989652332,1.9832872484729083,13.22
2017-11-28,3490,3470,2773.0,2743.0,1.2650382792562886,1.1214402154169765,0.08416085014809163,1.7062335229103944,11.35
2017-11-27,3540,3485,2794.0,2768.0,1.2590317919075145,1.118749549826522,0.08274077819822226,1.695442623767907,11.14
2017-11-24,3470,3505,2761.0,2767.0,1.2667148536320925,1.116681385313542,0.08113139587486794,1.8492652160201069,11.84
2017-11-22,3600,3520,2765.0,2760.0,1.2753623188405796,1.1146701450395802,0.0792346714468262,2.028053765690677,12.6
2017-11-21,3600,3565,2755.0,2751.0,1.2958924027626317,1.1124829053261034,0.0770013366810805,2.3819001765665804,14.15
2017-11-20,3565,3575,2754.0,2755.0,1.2976406533575318,1.1099350752315056,0.0739931064518503,2.53679818468187,14.47
2017-11-17,3420,3430,2798.0,2784.0,1.2320402298850575,1.1075578166024234,0.0707158463667608,1.7603185096169007,10.1
2017-11-16,3410,3320,2705.0,2750.0,1.2072727272727273,1.1059369627436384,0.06922142517068752,1.4639364081166084,8.39
2017-11-15,3495,3425,2750.0,2705.0,1.266173752310536,1.1045722502846906,0.06821171386907338,2.3691165763115976,12.76
2017-11-14,3575,3560,2781.0,2774.0,1.2833453496755587,1.1023653081550233,0.06557416798247205,2.7599289032368852,14.1
2017-11-13,3640,3650,2818.0,2785.0,1.310592459605027,1.0998046058069646,0.06211547322674774,3.393483826945945,16.08
2017-11-10,3575,3535,2816.0,2827.0,1.250442164839052,1.0970483225458962,0.057083580448240495,2.68717976498063,12.27
2017-11-09,3595,3610,2885.0,2849.0,1.2671112671112672,1.0952103659460066,0.05426463818554615,3.1678254368431014,13.57
2017-11-08,3525,3580,2909.0,2935.0,1.2197614991482113,1.0930992640639123,0.05048415504916304,2.5089502827362633,10.38
2017-11-07,3535,3540,2905.0,2937.0,1.2053115423901941,1.0915573639837366,0.048311288780166994,2.3546086490070306,9.44
2017-11-06,3515,3550,2945.0,2915.0,1.2178387650085762,1.0901138289318955,0.04647327243642975,2.748352534274281,10.49
2017-11-02,3520,3530,2946.0,2945.0,1.198641765704584,1.08843859031046,0.04403976575489455,2.5023560753584624,9.19
2017-11-01,3510,3520,2946.0,2964.0,1.1875843454790824,1.0867280062029316,0.04217829558042865,2.3911904899957506,8.49
2017-10-31,3500,3480,2939.0,2953.0,1.1784625804266848,1.0853840951481235,0.04051636572779,2.297305881379168,7.9
2017-10-30,3425,3475,2950.0,2941.0,1.1815708942536551,1.0841123330742504,0.03904503228343503,2.496055336103585,8.25
2017-10-27,3425,3430,2968.0,2945.0,1.1646859083191852,1.0826742134412028,0.03737975820381866,2.194013520119671,7.04
2017-10-26,3400,3400,2944.0,2940.0,1.1564625850340136,1.081224669986997,0.03626257482743387,2.074808956756611,6.51
2017-10-25,3365,3360,2934.0,2922.0,1.1498973305954825,1.0801450778061692,0.03519616783164162,1.9818138475463656,6.07
2017-10-24,3300,3335,2916.0,2922.0,1.1413415468856947,1.0788623962227972,0.034374125461017375,1.8176215343646518,5.47
2017-10-23,3330,3285,2963.0,2924.0,1.1234610123119015,1.077535435807975,0.0338536076894677,1.356593274347379,4.09
2017-10-20,3235,3295,2932.0,2935.0,1.122657580919932,1.076499150037029,0.033620684666082805,1.3729176351208747,4.11
2017-10-19,3190,3260,2964.0,2946.0,1.1065852002715546,1.0754815898432257,0.03336216721107007,0.9323018565175295,2.81
2017-10-18,3220,3195,2990.0,2975.0,1.0739495798319327,1.0747374985640923,0.03328239874205783,-0.023673736327300465,-0.07
2017-10-17,3245,3240,3015.0,3010.0,1.0764119601328903,1.0744906133195393,0.033355922847636214,0.05760136879220373,0.18
2017-10-16,3210,3255,2974.0,3005.0,1.0831946755407653,1.0742942170909764,0.03338738066841415,0.2665815128830736,0.82
2017-10-13,3175,3190,3060.0,3060.0,1.042483660130719,1.0742526145890423,0.033378206992920156,-0.9517873283325791,-3.05
2017-10-12,3160,3170,3110.0,3065.0,1.034257748776509,1.0748629296865764,0.033209793906876686,-1.2226869285587267,-3.93
2017-10-11,3185,3175,3125.0,3090.0,1.0275080906148868,1.0754993832146829,0.0328812894964978,-1.4595319506830058,-4.67
2017-10-10,3160,3195,3090.0,3125.0,1.0224,1.0762520116582257,0.03241692835116722,-1.6612311652373661,-5.27
2017-10-06,3135,3135,3080.0,3095.0,1.012924071082391,1.0772339476280937,0.03188180452155926,-2.0171341462875705,-6.35
2017-10-05,3140,3135,3070.0,3090.0,1.0145631067961165,1.0782859641196716,0.031032853910797787,-2.0533998422034565,-6.28
2017-10-04,3175,3140,3075.0,3095.0,1.0145395799676897,1.0792012346397513,0.030139376330085597,-2.1454211249724917,-6.37
2017-10-03,3195,3145,3100.0,3075.0,1.0227642276422764,1.080411425709275,0.029330082014015477,-1.965463241441046,-5.64
2017-10-02,3220,3190,3050.0,3075.0,1.0373983739837398,1.0817693446803143,0.028985256841111803,-1.5308117136861126,-4.28
2017-09-29,3190,3205,3000.0,3045.0,1.0525451559934318,1.082784072166141,0.02874529431897317,-1.0519605691687148,-2.87
2017-09-28,3190,3195,2975.0,3000.0,1.065,1.0838528719969733,0.029089274592281385,-0.648103889189999,-1.77
2017-09-27,3120,3175,2956.0,2964.0,1.071187584345479,1.0848245654295365,0.029654972498484915,-0.4598547877511689,-1.27
2017-09-26,3095,3130,2970.0,2990.0,1.0468227424749164,1.085235729933175,0.029676817066502676,-1.2943769330848074,-3.67
2017-09-25,3090,3080,2960.0,2981.0,1.033210332103321,1.0860666407795037,0.029461304878046504,-1.7940925866990105,-5.12
2017-09-22,3085,3080,2950.0,2941.0,1.0472628357701461,1.087087826906359,0.028934149178157283,-1.376400974882555,-3.8
2017-09-21,3115,3115,2904.0,2925.0,1.064957264957265,1.0877772106117238,0.028590979011763773,-0.7981519501332782,-2.14
2017-09-20,3165,3125,2904.0,2905.0,1.0757314974182444,1.0880511189991073,0.028469191090871915,-0.4327352168714416,-1.15
2017-09-19,3140,3175,2839.0,2905.0,1.0929432013769362,1.0880576900814507,0.028466403533428684,0.17162376307032876,0.45
2017-09-15,3150,3135,2784.0,2812.0,1.114864864864865,1.087936211867483,0.028464735701103982,0.946035588742094,2.42
2017-09-14,3165,3150,2796.0,2770.0,1.1371841155234657,1.0874514899946588,0.02831116486586555,1.7566435632173132,4.37
2017-09-13,3150,3170,2781.0,2785.0,1.1382405745062836,1.087024430310016,0.027794614143875653,1.8426643352972265,4.5
2017-09-12,3175,3150,2788.0,2772.0,1.1363636363636365,1.0864269164628026,0.027161655908907793,1.8385005711104982,4.39
2017-09-11,3180,3150,2774.0,2766.0,1.13882863340564,1.0856957208524591,0.02653850806779377,2.00210623812953,4.67
2017-09-08,3100,3140,2729.0,2743.0,1.1447320452059788,1.0849685131053592,0.02580985434181607,2.3155315527601856,5.22
2017-09-07,3040,3080,2741.0,2750.0,1.12,1.0838059053929425,0.025044122858321877,1.445213106955778,3.23
2017-09-06,3020,3035,2704.0,2720.0,1.1158088235294117,1.0829133443020824,0.02493091335832407,1.319465466608986,2.95
2017-09-05,3060,3020,2757.0,2749.0,1.0985813022917426,1.0819606245044862,0.025020752250878624,0.6642757028487324,1.51
2017-09-04,3090,3050,2812.0,2757.0,1.1062749365252085,1.0814774896125676,0.025044979824857476,0.9901164658966527,2.24
2017-09-01,3090,3110,2831.0,2824.0,1.1012747875354107,1.0810658468659853,0.024887244075571052,0.8120200295404449,1.84
2017-08-31,3040,3045,2824.0,2806.0,1.085174625801853,1.0803819143233258,0.025026912091172873,0.1915023100359932,0.44
2017-08-30,3005,3020,2810.0,2809.0,1.0751156995372018,1.0796501320135776,0.02567020221353016,-0.176641868211925,-0.42
2017-08-29,2965,2985,2758.0,2806.0,1.063791874554526,1.078970192094613,0.026444982864360207,-0.5739583049812742,-1.43
2017-08-28,2950,2965,2792.0,2787.0,1.0638679583781845,1.0783151681839191,0.027403861196317082,-0.5271961386111634,-1.36
2017-08-25,2990,2950,2768.0,2783.0,1.0600071864893998,1.0775319175708304,0.028618190247418202,-0.6123633580572622,-1.65
2017-08-24,2945,2940,2765.0,2754.0,1.0675381263616557,1.0772728690256468,0.028862539393278187,-0.3372794933718906,-0.91
2017-08-23,2955,2920,2827.0,2775.0,1.0522522522522522,1.0769234575173898,0.029135606810525808,-0.8467716298335242,-2.34
2017-08-22,2950,2930,2790.0,2798.0,1.0471765546819156,1.076881882313511,0.029172982600618142,-1.0182478781228854,-2.84
2017-08-21,2945,2955,2816.0,2799.0,1.0557341907824223,1.076843752023483,0.029213624378690118,-0.7225930260286072,-2.0
2017-08-18,2930,2940,2823.0,2814.0,1.044776119402985,1.0768794198691127,0.029189452318287287,-1.0998253792523174,-3.07
2017-08-17,2975,2965,2861.0,2860.0,1.0367132867132867,1.0769870567466573,0.029085571512480674,-1.3846649021866073,-3.88
2017-08-16,3000,2975,2871.0,2853.0,1.0427620049071153,1.0770748658447755,0.028973578235168464,-1.1842810942837163,-3.29
2017-08-15,2970,2980,2850.0,2866.0,1.0397766922540126,1.0772166263091487,0.028831006359709827,-1.2985996252790166,-3.6
2017-08-14,3020,2975,2800.0,2823.0,1.0538434289762664,1.077558753633905,0.02853542115736998,-0.831083744194665,-2.25
2017-08-10,2860,2970,2837.0,2838.0,1.0465116279069768,1.077706348247979,0.02844084704848257,-1.0968281038825982,-2.98
2017-08-09,3080,3060,2846.0,2839.0,1.0778443113772456,1.0779173916151403,0.02826677929314249,-0.0025853754733384795,-0.01
2017-08-08,3095,3060,2780.0,2878.0,1.0632383599722028,1.077965414037195,0.028269673644219062,-0.5209488531893175,-1.39
2017-08-07,3000,3070,2685.0,2781.0,1.1039194534340167,1.0781844910196001,0.02821831569060002,0.9119949856890028,2.33
2017-08-04,2940,2995,2671.0,2684.0,1.1158718330849478,1.078088650957323,0.028142852966803796,1.3425498179659403,3.39
2017-08-03,2920,2965,2649.0,2668.0,1.1113193403298351,1.0778013298986968,0.027864265937770704,1.2029030481547278,3.02
2017-08-02,2950,2920,2642.0,2643.0,1.1048051456678016,1.07743570080526,0.027600718462186993,0.9916207398745012,2.48
2017-08-01,2925,2945,2620.0,2631.0,1.1193462561763587,1.0773734283346585,0.027544108179641032,1.5238405094823153,3.75
2017-07-31,2850,2915,2602.0,2625.0,1.1104761904761904,1.0770601951493202,0.027196393922506112,1.2286921355120226,3.01
2017-07-28,2855,2875,2588.0,2602.0,1.1049192928516525,1.0766793095142952,0.026924412033388117,1.0488616539643543,2.56
2017-07-27,2840,2865,2601.0,2603.0,1.1006530925854783,1.0764332240375543,0.02674895064102591,0.9054511660273155,2.2
2017-07-26,2875,2845,2617.0,2607.0,1.0912926735711546,1.0761857101662655,0.026609215023423383,0.5677342751971745,1.38
2017-07-25,2890,2880,2633.0,2609.0,1.1038712150249137,1.0761779009303887,0.026604865895353914,1.0409116213346967,2.51
2017-07-24,2890,2915,2608.0,2620.0,1.1125954198473282,1.075996573950039,0.026461460283398876,1.3831000067766572,3.29
2017-07-21,2890,2905,2614.0,2620.0,1.1087786259541985,1.0753930142447519,0.02613401504865423,1.277477327815568,3.01
2017-07-20,2860,2895,2605.0,2622.0,1.1041189931350115,1.0745443070367686,0.026069522711455993,1.134454451874049,2.68
2017-07-19,2820,2860,2601.0,2607.0,1.0970464135021096,1.0735600941990089,0.02632653388280975,0.8921158937081511,2.14
2017-07-18,2825,2855,2643.0,2614.0,1.092195868400918,1.0723763348564463,0.027224570958777856,0.7280016854804263,1.81
2017-07-14,2850,2830,2631.0,2644.0,1.0703479576399395,1.0714920258102794,0.027640409954936936,-0.04139114333705843,-0.11
2017-07-13,2860,2855,2640.0,2627.0,1.086791016368481,1.0706394205220724,0.028631038876621273,0.5641288783131547,1.49
2017-07-12,2855,2855,2655.0,2636.0,1.0830804248861912,1.0696237613464283,0.02938133859490355,0.4580003561205003,1.24
2017-07-11,2850,2855,2680.0,2659.0,1.0737119217751034,1.068451894091433,0.030550718531441617,0.17217361608883577,0.49
2017-07-10,2820,2830,2660.0,2680.0,1.0559701492537314,1.0672694999672254,0.03200568207587124,-0.3530420219356124,-1.07
2017-07-07,2850,2835,2690.0,2636.0,1.0754931714719271,1.0664215726695245,0.03311691883216297,0.27392641351623315,0.84
2017-07-06,2840,2865,2734.0,2719.0,1.0536962118425892,1.0651274153505526,0.034600412645930737,-0.3303776641319257,-1.08
2017-07-05,2830,2840,2693.0,2726.0,1.041819515774028,1.064018091118117,0.03624382424745907,-0.6124788375676236,-2.13
2017-07-04,2875,2835,2725.0,2711.0,1.0457395794909627,1.063036231632153,0.03779611243695275,-0.4576304552496689,-1.65
2017-07-03,2825,2845,2695.0,2719.0,1.0463405663847003,1.0621043344730658,0.03905185666072091,-0.4036624487619059,-1.51
2017-06-30,2835,2835,2707.0,2698.0,1.0507783543365457,1.061194907475741,0.04018608905459786,-0.2592079344930311,-0.99
2017-06-29,2840,2875,2701.0,2724.0,1.0554331864904551,1.0602528588541373,0.04123371517777346,-0.11688668709338564,-0.46
2017-06-28,2870,2840,2687.0,2675.0,1.0616822429906543,1.0592069374284403,0.0423232050424816,0.05848577771294522,0.23
2017-06-27,2900,2900,2667.0,2685.0,1.080074487895717,1.0581271883673755,0.04326871574168858,0.5072325155053216,2.03
2017-06-26,2880,2910,2667.0,2674.0,1.088257292445774,1.0567705871050728,0.0441454578674602,0.7132490376526435,2.89
2017-06-23,2930,2890,2669.0,2671.0,1.0819917633845002,1.0551802647710358,0.045120158335323735,0.5942243911071166,2.48
2017-06-22,2915,2905,2662.0,2680.0,1.083955223880597,,,,
2017-06-21,2920,2910,2665.0,2655.0,1.0960451977401129,,,,
2017-06-20,2895,2925,2678.0,2679.0,1.0918253079507279,,,,
2017-06-19,2865,2890,2592.0,2668.0,1.083208395802099,,,,
2017-06-16,2855,2855,2555.0,2583.0,1.105303910181959,,,,
2017-06-15,2820,2870,2540.0,2552.0,1.1246081504702194,,,,
2017-06-14,2875,2845,2552.0,2555.0,1.1135029354207437,,,,
2017-06-13,2900,2885,2545.0,2547.0,1.13270514330585,,,,
2017-06-12,2850,2905,2552.0,2553.0,1.1378770074422249,,,,
2017-06-09,2825,2830,2531.0,2568.0,1.10202492211838,,,,
2017-06-08,2820,2815,2555.0,2538.0,1.1091410559495667,,,,
2017-06-07,2795,2820,2514.0,2541.0,1.1097992916174735,,,,
2017-06-06,2750,2765,2522.0,2516.0,1.098966613672496,,,,
2017-06-05,2715,2755,2532.0,2538.0,1.0855003940110324,,,,
2017-06-02,2735,2725,2501.0,2532.0,1.0762243285939967,,,,
2017-06-01,2705,2715,2455.0,2505.0,1.0838323353293413,,,,
2017-05-31,2695,2665,2415.0,2471.0,1.0785107244030756,,,,
2017-05-30,2655,2680,2410.0,2425.0,1.1051546391752578,,,,
2017-05-29,2645,2645,2453.0,2419.0,1.093427035965275,,,,
2017-05-26,2650,2640,2441.0,2441.0,1.081523965587874,,,,
2017-05-25,2620,2650,2450.0,2444.0,1.0842880523731588,,,,
2017-05-24,2625,2610,2469.0,2468.0,1.0575364667747165,,,,
2017-05-23,2580,2600,2484.0,2469.0,1.0530579181855002,,,,
2017-05-22,2590,2590,2453.0,2480.0,1.0443548387096775,,,,
2017-05-19,2620,2590,2429.0,2438.0,1.062346185397867,,,,
2017-05-18,2560,2610,2432.0,2427.0,1.0754017305315204,,,,
2017-05-17,2555,2605,2496.0,2481.0,1.0499798468359531,,,,
2017-05-16,2600,2585,2532.0,2509.0,1.0302909525707453,,,,
2017-05-15,2580,2590,2514.0,2529.0,1.0241202056148675,,,,
2017-05-12,2555,2560,2521.0,2523.0,1.0146650812524771,,,,
2017-05-11,2525,2550,2485.0,2537.0,1.0051241623965312,,,,
2017-05-10,2605,2590,2473.0,2489.0,1.040578545600643,,,,
2017-05-09,2600,2595,2483.0,2492.0,1.0413322632423756,,,,
2017-05-08,2570,2605,2459.0,2483.0,1.049134111961337,,,,
2017-05-02,2570,2545,2426.0,2437.0,1.0443167829298317,,,,
2017-05-01,2545,2555,2411.0,2414.0,1.0584092792046396,,,,
2017-04-28,2540,2550,2436.0,2422.0,1.0528488852188274,,,,
2017-04-27,2540,2530,2418.0,2425.0,1.043298969072165,,,,
2017-04-26,2550,2545,2392.0,2416.0,1.0533940397350994,,,,
2017-04-25,2510,2540,2357.0,2384.0,1.0654362416107384,,,,
2017-04-24,2500,2510,2353.0,2357.0,1.0649130250318202,,,,
2017-04-21,2475,2488,2310.0,2342.0,1.062339880444065,,,,
2017-04-20,2460,2483,2293.0,2296.0,1.081445993031359,,,,
2017-04-19,2450,2480,2250.0,2297.0,1.0796691336525903,,,,
2017-04-18,2473,2483,2257.0,2264.0,1.096731448763251,,,,
2017-04-17,2410,2448,2216.0,2237.0,1.094322753687975,,,,
2017-04-14,2435,2403,2211.0,2217.0,1.083897158322057,,,,
2017-04-13,2443,2450,2225.0,2227.0,1.1001347103726986,,,,
2017-04-12,2468,2458,2270.0,2243.0,1.0958537672759696,,,,
2017-04-11,2485,2470,2292.0,2283.0,1.081909767849321,,,,
2017-04-10,2468,2488,2297.0,2290.0,1.0864628820960698,,,,
2017-04-07,2455,2465,2278.0,2278.0,1.0820895522388059,,,,
2017-04-06,2480,2453,2282.0,2249.0,1.0907069808803913,,,,
2017-04-05,2480,2488,2309.0,2282.0,1.0902716914986854,,,,
2017-04-04,2470,2473,2337.0,2317.0,1.0673284419507985,,,,
2017-04-03,2463,2455,2377.0,2349.0,1.0451255853554704,,,,
2017-03-31,2460,2448,2424.0,2376.0,1.0303030303030303,,,,
2017-03-30,2498,2440,2430.0,2420.0,1.0082644628099173,,,,
2017-03-29,2515,2498,2477.0,2435.0,1.0258726899383983,,,,
2017-03-28,2510,2515,2461.0,2499.0,1.0064025610244098,,,,
2017-03-27,2480,2475,2502.0,2449.0,1.0106165781951817,,,,
2017-03-24,2448,2483,2480.0,2495.0,0.995190380761523,,,,
2017-03-23,2458,2435,2496.0,2472.0,0.985032362459547,,,,
2017-03-22,2460,2473,2535.0,2492.0,0.9923756019261637,,,,
2017-03-21,2500,2495,2584.0,2550.0,0.9784313725490196,,,,
2017-03-17,2493,2500,2581.0,2576.0,0.9704968944099379,,,,
2017-03-16,2495,2495,2550.0,2577.0,0.9681800543267365,,,,
2017-03-15,2498,2505,2560.0,2567.0,0.9758472925594078,,,,
2017-03-14,2515,2505,2573.0,2561.0,0.9781335415853183,,,,
2017-03-13,2505,2515,2569.0,2566.0,0.9801247077162899,,,,
2017-03-10,2500,2505,2558.0,2564.0,0.9769890795631825,,,,
2017-03-09,2500,2490,2548.0,2539.0,0.9807010634107917,,,,
2017-03-08,2470,2483,2552.0,2538.0,0.9783293932230103,,,,
2017-03-07,2440,2468,2546.0,2547.0,0.9689831173930114,,,,
