DATE,OPEN_1662,CLOSE_1662,OPEN_2815,CLOSE_2815,saya_divide,saya_divide_mean,saya_divide_std,saya_divide_sigma,deviation_rate(%)
2020-05-15,1900,1927,6920,7020,0.2745014245014245,0.31854557840412717,0.04121360392466034,-1.0686799917623475,-16.05
2020-05-14,1860,1820,6920,7070,0.25742574257425743,0.3199354953902883,0.041461838310196515,-1.5076454726479929,-24.28
2020-05-13,1897,1906,6310,6320,0.30158227848101266,0.321623701276514,0.04145995978310942,-0.48339223917110835,-6.65
2020-05-12,1922,1916,6290,6280,0.3050955414012739,0.3227145602926269,0.04199120816072361,-0.4195882820021584,-5.77
2020-05-11,1914,1898,6250,6240,0.30416666666666664,0.32380160912489864,0.04257229212869557,-0.4612141248790594,-6.46
2020-05-08,1882,1883,6300,6220,0.3027331189710611,0.32482181114510067,0.04300415027826867,-0.5136409400280996,-7.3
2020-05-07,1890,1877,6070,6160,0.3047077922077922,0.3258868924014594,0.04343097852049482,-0.48764962050470284,-6.95
2020-05-01,1905,1884,6130,5990,0.31452420701168615,0.3269895162407245,0.04392621545501044,-0.2837783564988745,-3.96
2020-04-30,1880,1871,6360,6240,0.2998397435897436,0.32792860351006714,0.04439999842734066,-0.6326320025954547,-9.37
2020-04-28,1833,1829,6330,6280,0.29124203821656053,0.3289685236375188,0.04464264357383724,-0.8450773162337502,-12.95
2020-04-27,1845,1861,6620,6370,0.2921507064364207,0.33044947812368014,0.045205330965099266,-0.847218035342512,-13.11
2020-04-24,1832,1852,6500,6530,0.28361408882082695,0.33177189081508063,0.04551524753670471,-1.058058663866827,-16.98
2020-04-23,1755,1819,6520,6620,0.274773413897281,0.3331923898328231,0.04565238251684904,-1.279647911343538,-21.26
2020-04-22,1766,1723,6450,6520,0.26426380368098157,0.3343749927766773,0.045270959821017705,-1.548701184443313,-26.53
2020-04-21,1760,1813,6550,6580,0.275531914893617,0.3357676308134871,0.044695630631540265,-1.3476869006824952,-21.86
2020-04-20,1850,1816,6370,6620,0.2743202416918429,0.337077451586991,0.04434929613260619,-1.4150666497051385,-22.88
2020-04-17,1898,1859,6580,6430,0.2891135303265941,0.33837458087472116,0.043915372277912125,-1.1217268121145731,-17.04
2020-04-16,1828,1868,6280,6430,0.29051321928460344,0.3394448046825982,0.043679254458316955,-1.1202477241155773,-16.84
2020-04-15,1902,1868,6220,6180,0.3022653721682848,0.3404344190856956,0.043399324649427765,-0.8794848128567381,-12.63
2020-04-14,1948,1966,6110,6190,0.31760904684975766,0.3416241802825043,0.04355946079034216,-0.5513184276622447,-7.56
2020-04-13,1917,1947,6170,6070,0.32075782537067543,0.34272966173846503,0.04398595979925546,-0.49951931180006925,-6.85
2020-04-10,1958,1918,6410,6250,0.30688,0.34372420856298,0.044319924975797696,-0.8313238026260196,-12.01
2020-04-09,1990,1960,6560,6350,0.30866141732283464,0.3448987982537017,0.04449490987127917,-0.814416323927824,-11.74
2020-04-08,1916,1910,6420,6450,0.2961240310077519,0.3459665813396775,0.04457332804223486,-1.1182146929818197,-16.83
2020-04-07,1929,1930,6320,6520,0.2960122699386503,0.34719872801753593,0.04445560290212914,-1.1514062286271256,-17.29
2020-04-06,1865,1934,6270,6330,0.30552922590837284,0.3483814094289696,0.04425756995326446,-0.9682452869836334,-14.03
2020-04-03,1900,1865,6310,6220,0.29983922829581994,0.34949950227363547,0.04422009495365657,-1.123025041666246,-16.56
2020-04-02,1797,1827,6510,6410,0.28502340093603745,0.350647400015496,0.04403310672322197,-1.4903331598188156,-23.02
2020-04-01,1761,1776,6590,6710,0.2646795827123696,0.35201354396593165,0.04356283595809786,-2.0047813539404715,-33.0
2020-03-31,1766,1777,6930,6820,0.26055718475073314,0.35349173851824306,0.04244080443571154,-2.1897453406729195,-35.67
2020-03-30,1721,1789,6700,6970,0.25667144906743183,0.35512875383267767,0.04117350995449029,-2.3912779083947955,-38.36
2020-03-27,1759,1776,6510,6700,0.2650746268656716,0.35661548035050217,0.039573552720318934,-2.3131825977764473,-34.53
2020-03-26,1760,1728,6300,6550,0.2638167938931298,0.35794048703065634,0.038123472430257044,-2.4689171037532356,-35.68
2020-03-25,1850,1813,6410,6550,0.276793893129771,0.35922665228297807,0.0365197790414717,-2.2572085953640846,-29.78
2020-03-24,1701,1713,5880,6010,0.28502495840266223,0.36032479943561396,0.03524040681144612,-2.1367472128186176,-26.42
2020-03-23,1551,1621,5660,5980,0.2710702341137124,0.3612980035525861,0.03413809286381649,-2.64302314129878,-33.29
2020-03-19,1600,1545,6090,5730,0.2696335078534031,0.3625430688027665,0.03248760282065451,-2.8598466147922323,-34.46
2020-03-18,1742,1595,6130,6120,0.26062091503267976,0.3637583799128506,0.030641685572121345,-3.365920084174748,-39.57
2020-03-17,1602,1755,5440,6060,0.2896039603960396,0.3650737434851801,0.02820673296285153,-2.6755946244655413,-26.06
2020-03-16,1737,1682,5890,5610,0.2998217468805704,0.365972340532779,0.026827955723396264,-2.4657336673073322,-22.06
2020-03-13,1652,1697,6040,5920,0.2866554054054054,0.36662805057437137,0.025783807127849556,-3.1016616270987405,-27.9
2020-03-12,1871,1791,6530,6430,0.2785381026438569,0.367583053934242,0.02407377712829642,-3.6988359082929816,-31.97
2020-03-11,1973,1936,6580,6620,0.29244712990936556,0.3686894699338598,0.021750696508128366,-3.505282692717543,-26.07
2020-03-10,1878,2023,6440,6500,0.31123076923076926,0.3696198044980312,0.019881641982696586,-2.9368316418774256,-18.76
2020-03-09,2035,1974,6650,6570,0.3004566210045662,0.37029373538424326,0.018713334002191072,-3.7319439909264744,-23.24
2020-03-06,2273,2261,6970,6750,0.33496296296296296,0.37112363892422323,0.01688903443438597,-2.141074204197095,-10.8
2020-03-05,2281,2334,7020,7020,0.33247863247863246,0.3714629878061949,0.016407893872211286,-2.375951211726636,-11.73
2020-03-04,2258,2289,6870,6910,0.3312590448625181,0.37195339616326994,0.015772745494082467,-2.5800423468456595,-12.28
2020-03-03,2421,2292,7130,6790,0.3375552282768778,0.37221522299640536,0.01524935072934676,-2.272883307275884,-10.27
2020-03-02,2261,2321,6750,6980,0.33252148997134673,0.37231287557219966,0.01504922217376223,-2.6440825407061745,-11.97
2020-02-28,2345,2311,6910,6880,0.33590116279069765,0.3724554461821055,0.014718596259116978,-2.483544133413229,-10.88
2020-02-27,2484,2454,7200,7140,0.34369747899159664,0.37252876084825726,0.014549051469170678,-1.9816605857607879,-8.39
2020-02-26,2555,2561,7290,7280,0.3517857142857143,0.3724763238734673,0.014659536900611614,-1.4114094959500219,-5.88
2020-02-25,2566,2605,7490,7420,0.35107816711590295,0.37205029740587314,0.015683188755836314,-1.3372363628643862,-5.97
2020-02-21,2785,2766,7480,7420,0.3727762803234501,0.3717825568403689,0.01620176781617799,0.06133426267773836,0.27
2020-02-20,2782,2798,7530,7500,0.37306666666666666,0.37134714619509246,0.01660304263154317,0.10356658774743974,0.46
2020-02-19,2716,2732,7600,7490,0.36475300400534044,0.37092203830459325,0.016957950889124065,-0.36378418239253774,-1.69
2020-02-18,2769,2754,7610,7470,0.3686746987951807,0.370592972672626,0.017310261776445655,-0.11081715009391013,-0.52
2020-02-17,2821,2814,7530,7620,0.36929133858267715,0.37006461160932513,0.017953564710050465,-0.04307072378863567,-0.21
2020-02-14,2958,2921,7580,7500,0.3894666666666667,0.36958141869119016,0.01844871120735909,1.0778665106722691,5.11
2020-02-13,2986,2966,7800,7660,0.3872062663185379,0.36879193198942156,0.01884356845728689,0.9772211866800323,4.76
2020-02-12,2907,2886,7950,7870,0.36670902160101654,0.36788066457136653,0.019569607076773535,-0.059870541383560856,-0.32
2020-02-10,2769,2877,7860,7830,0.3674329501915709,0.36725086845698895,0.020341998581760043,0.008951024839084285,0.05
2020-02-07,2820,2804,7300,7260,0.3862258953168044,0.36646430641692,0.021431117038363423,0.9220979412556776,5.12
2020-02-06,2803,2823,7350,7380,0.382520325203252,0.3654224824434111,0.02232567973349398,0.7658375003109087,4.47
2020-02-05,2686,2735,7430,7420,0.36859838274932616,0.36444228941341056,0.02315200213347898,0.17951334454594217,1.13
2020-02-04,2672,2667,7290,7370,0.36187245590230666,0.3636996364205399,0.02388839904845332,-0.07648819473113753,-0.5
2020-02-03,2649,2705,7360,7330,0.369031377899045,0.36300432220258677,0.02467737255157504,0.24423409274475413,1.63
2020-01-31,2700,2717,7500,7510,0.3617842876165113,0.3621218185225426,0.02561185392619764,-0.013178698699590409,-0.09
2020-01-30,2755,2723,7440,7430,0.3664872139973082,0.36145770865971166,0.026249809105545623,0.19160159669633564,1.37
2020-01-29,2785,2783,7430,7450,0.37355704697986575,0.3607568867427888,0.02680201678078668,0.47758197981029954,3.43
2020-01-28,2837,2785,7460,7470,0.3728246318607764,0.3600015924586452,0.02722548562487055,0.4709939642148135,3.44
2020-01-27,2911,2883,7460,7470,0.3859437751004016,0.359185487586729,0.027741362396929217,0.9645628477365106,6.93
2020-01-24,2951,2965,7600,7510,0.3948069241011984,0.3582889823500962,0.02794782100966074,1.3066471886476947,9.25
2020-01-23,2932,2931,7720,7610,0.38515111695137977,0.3573562415943434,0.027880773796719584,0.99691907978202,7.22
2020-01-22,2943,2958,7720,7810,0.37874519846350835,0.3565581855298452,0.02793034062621921,0.794369579325338,5.86
2020-01-21,3010,2984,7850,7770,0.38404118404118404,0.35579308403839943,0.028097534335735048,1.0053586789947637,7.36
2020-01-20,3030,3025,7920,7890,0.38339670468948034,0.35491329682261225,0.028231979944328855,1.0089057842572513,7.43
2020-01-17,3050,3035,7860,7850,0.3866242038216561,0.3540765212998046,0.02830530969537138,1.1498790464452622,8.42
2020-01-16,3030,3015,7900,7920,0.3806818181818182,0.35336597635996025,0.028147789592889914,0.9704435842719906,7.18
2020-01-15,3065,3015,7890,7880,0.38261421319796957,0.3528398850582506,0.02800067745029122,1.0633431349143772,7.78
2020-01-14,3050,3045,7900,7860,0.38740458015267176,0.3525390001741437,0.027799640176263157,1.2541737863318891,9.0
2020-01-10,2991,3045,7870,7910,0.38495575221238937,0.35213712473901687,0.027509053777194595,1.193011862173886,8.53
2020-01-09,3050,3000,7920,7940,0.3778337531486146,0.35176446121650445,0.02725003501933392,0.9566700341344142,6.9
2020-01-08,3185,3130,7850,7780,0.4023136246786632,0.35116523205805705,0.02716418675506435,1.8829348024221753,12.71
2020-01-07,3090,3115,7850,7960,0.3913316582914573,0.350277700959282,0.02655921895036443,1.5457516807591192,10.49
2020-01-06,2984,3090,8010,7920,0.39015151515151514,0.34959163275819427,0.026151319481219282,1.5509688687964358,10.4
2019-12-30,2985,2955,8190,8130,0.3634686346863469,0.3488577680565876,0.025772346153363695,0.5669203161720049,4.02
2019-12-27,3035,3005,8180,8150,0.36871165644171777,0.348217015412502,0.02599753172446949,0.7883302632890237,5.56
2019-12-26,3020,3035,8060,8120,0.3737684729064039,0.3475228122006505,0.026135774407120078,1.0042044401256918,7.02
2019-12-25,3025,3010,8180,8100,0.37160493827160496,0.346780766629626,0.026170106837201675,0.9485697477814876,6.68
2019-12-24,3060,3040,8200,8230,0.36938031591737547,0.3460222103454393,0.026263921911201648,0.8893609130772612,6.32
2019-12-23,3050,3020,8180,8280,0.3647342995169082,0.345325995187934,0.026327514319207688,0.7371871151092515,5.32
2019-12-20,3060,3085,8090,7880,0.39149746192893403,0.3447412779029706,0.026376911241631586,1.7726178625557392,11.94
2019-12-19,3080,3080,7690,7690,0.40052015604681407,0.3438194483898809,0.025931099863460778,2.1865909257798015,14.16
2019-12-18,3065,3060,7740,7740,0.3953488372093023,0.34261918778259814,0.025355807567431974,2.0795886420289866,13.34
2019-12-17,3050,3065,7680,7760,0.3949742268041237,0.34136526813424006,0.0250405823078884,2.1408830677629846,13.57
2019-12-16,3015,3005,7750,7730,0.388745148771022,0.34011617973611535,0.02466905999113743,1.9712534264530965,12.51
2019-12-13,3085,3050,7970,7850,0.3885350318471338,0.3390320846395541,0.024291872473811486,2.037839909663106,12.74
2019-12-12,3040,3020,7900,7850,0.38471337579617837,0.3380566235077346,0.023747241387538302,1.9647230399118096,12.13
2019-12-11,3065,3045,7920,7820,0.38938618925831203,0.3372172503797594,0.023189288942279535,2.249699807890028,13.4
2019-12-10,3000,3045,7960,7890,0.38593155893536124,0.33641432341187083,0.022398093954431254,2.210778989686928,12.83
2019-12-09,2994,3065,7890,7910,0.38748419721871047,0.3356598371348821,0.021658230065217794,2.3928252644733,13.37
2019-12-06,2964,2933,7710,7810,0.37554417413572344,0.33495291119807563,0.020803558293815742,1.951169235779936,10.81
2019-12-05,2920,2967,7760,7740,0.38333333333333336,0.33451557638725987,0.02028392125819276,2.4067218721999226,12.74
2019-12-04,2824,2846,7730,7730,0.36817593790426906,0.33410305168745746,0.01958962661763198,1.7393331114409147,9.25
2019-12-03,2823,2850,7870,7820,0.36445012787723785,0.33398961929256443,0.01941586166145817,1.5688466015978904,8.36
2019-12-02,2779,2839,7870,7880,0.3602791878172589,0.333583394746309,0.019090296796184073,1.3983959157872317,7.41
2019-11-29,2808,2805,7910,7810,0.3591549295774648,0.3331471699336763,0.018847554524528083,1.3799010163330292,7.24
2019-11-28,2850,2814,7910,7860,0.3580152671755725,0.3324365407471204,0.018858316722696684,1.3563631794171298,7.14
2019-11-27,2860,2850,7890,7820,0.36445012787723785,0.331743923391676,0.018860083806366508,1.7341494778788498,8.97
2019-11-26,2895,2861,8020,7930,0.36078184110970996,0.3308990027677272,0.018795275775539123,1.5899122044739238,8.28
2019-11-25,2841,2867,7880,7980,0.35927318295739347,0.3300429040869671,0.018876759279691815,1.5484797171659201,8.14
2019-11-22,2838,2831,7920,7930,0.3569987389659521,0.32992836635163236,0.018724499968803994,1.4457193868685618,7.58
2019-11-21,2844,2792,7930,8000,0.349,0.32992183484194826,0.018715139197071542,1.01939744915373,5.47
2019-11-20,2853,2834,8000,7910,0.35828065739570164,0.3299627001320171,0.018760044845231354,1.5094823864924134,7.9
2019-11-19,2933,2903,8010,8030,0.36151930261519305,0.3299011672220685,0.018674434291113706,1.6931241343235828,8.75
2019-11-18,2936,2934,7980,8100,0.3622222222222222,0.3298591814588042,0.01860671708060356,1.7393203015460812,8.93
2019-11-15,2913,2934,8090,8110,0.3617755856966708,0.3298385847206817,0.018571703396907214,1.7196592199134302,8.83
2019-11-14,2967,2956,8210,8150,0.3626993865030675,0.32986357493315344,0.01861586972816812,1.763861267262168,9.05
2019-11-13,2981,2959,8230,8210,0.3604141291108404,0.32980503695179086,0.018519176464791988,1.652832252948315,8.49
2019-11-12,2950,2991,8270,8100,0.36925925925925923,0.3297098500192504,0.018379423456967497,2.151830786890976,10.71
2019-11-11,2998,2937,8550,8370,0.35089605734767026,0.32948546048489524,0.01799389364854737,1.1898812608856049,6.1
2019-11-08,2920,2997,8500,8690,0.3448791714614499,0.32950941795412664,0.018023555951335837,0.8527592195914111,4.46
2019-11-07,2858,2883,8430,8400,0.3432142857142857,0.32987626417513144,0.018603329707470497,0.7169695828052832,3.89
2019-11-06,2872,2878,8590,8430,0.3413997627520759,0.3302351900931956,0.019109993661478746,0.5842269158563603,3.27
2019-11-05,2776,2888,8480,8500,0.33976470588235297,0.3305850966239976,0.01954648639673414,0.4696296343003679,2.7
2019-11-01,2737,2693,8400,8420,0.319833729216152,0.3308583438741171,0.019814309900912343,-0.5563965998865038,-3.45
2019-10-31,2817,2787,8450,8420,0.3309976247030879,0.3313908508797182,0.02004617725117707,-0.01961601814167341,-0.12
2019-10-30,2830,2823,8300,8300,0.3401204819277108,0.33162522253135035,0.020142733814187568,0.4217530487533339,2.5
2019-10-29,2811,2825,8250,8280,0.34118357487922707,0.3317607481094462,0.02023342647408726,0.46570593378479724,2.76
2019-10-28,2787,2792,8400,8210,0.34007308160779537,0.33180086890520194,0.02025504296933217,0.4084026242313211,2.43
2019-10-25,2757,2764,8330,8400,0.32904761904761903,0.33174957308798875,0.020238893724013544,-0.13350304997964552,-0.82
2019-10-24,2760,2761,8290,8290,0.3330518697225573,0.3318803773502694,0.020252705667003074,0.05784374648749203,0.35
2019-10-23,2715,2718,8420,8230,0.3302551640340219,0.3320345575488404,0.02030498515577271,-0.08763333246331664,-0.54
2019-10-21,2667,2688,8430,8430,0.3188612099644128,0.33241049808472484,0.020528347353737167,-0.6600281984143938,-4.25
2019-10-18,2663,2674,8540,8370,0.31947431302270013,0.3329150674267263,0.020653803781349282,-0.6507641181409578,-4.21
2019-10-17,2609,2631,8580,8530,0.30844079718640094,0.33353776286093345,0.020941205517328837,-1.1984489457287828,-8.14
2019-10-16,2642,2628,8600,8530,0.3080890973036342,0.334264083737313,0.02100274499814262,-1.2462650208814876,-8.5
2019-10-15,2687,2642,8580,8550,0.3090058479532164,0.3348361533490221,0.020865880719807366,-1.237920687013502,-8.36
2019-10-11,2617,2644,8380,8450,0.3128994082840237,0.3354108319306197,0.020739711584733266,-1.085426070397572,-7.19
2019-10-10,2567,2580,8340,8330,0.3097238895558223,0.3359666254337062,0.020687467354398983,-1.2685330412039846,-8.47
2019-10-09,2556,2556,8310,8440,0.3028436018957346,0.3364860231788961,0.02051033269268364,-1.640266971152655,-11.11
2019-10-08,2642,2605,8330,8350,0.3119760479041916,0.3369240344128789,0.020134532884693253,-1.239064578828811,-8.0
2019-10-07,2607,2615,8340,8330,0.31392557022809126,0.3373007522415893,0.019927481520025273,-1.1730123543212492,-7.45
2019-10-04,2592,2605,8140,8220,0.31690997566909973,0.3375795191910396,0.01974392763006599,-1.0468810415646164,-6.52
2019-10-03,2600,2602,8360,8350,0.3116167664670659,0.3377850873315436,0.01960744221657737,-1.3346116528321774,-8.4
2019-10-02,2699,2709,8450,8500,0.31870588235294117,0.33805686377864946,0.019382820849576658,-0.9983573379687373,-6.07
2019-10-01,2728,2732,8440,8410,0.3248513674197384,0.338217856638221,0.01927124770942312,-0.6935974992395926,-4.11
2019-09-30,2784,2739,8360,8420,0.32529691211401424,0.33828142749857654,0.019234879845115526,-0.6750505066377925,-3.99
2019-09-27,2813,2783,8830,8660,0.3213625866050808,0.33840299758435305,0.01918116817359722,-0.8883927623724328,-5.3
2019-09-26,2812,2783,8900,8750,0.31805714285714287,0.33851252929346837,0.019106859351525347,-1.0705781656728683,-6.43
2019-09-25,2838,2812,8780,8770,0.32063854047890533,0.33852212300748313,0.019096764095932705,-0.9364718775777677,-5.58
2019-09-24,2895,2890,8460,8670,0.3333333333333333,0.3385572872953506,0.019066205051238752,-0.2739902328742602,-1.57
2019-09-20,3005,2897,8470,8490,0.34122497055359247,0.33862356409846955,0.019056567755032373,0.13650970565966394,0.76
2019-09-19,2949,3010,8410,8360,0.36004784688995217,0.33864157459209837,0.01905965592013895,1.1231195561739051,5.95
2019-09-18,2881,2951,8320,8260,0.3572639225181598,0.3381111275293073,0.019010059906745078,1.0075083972805792,5.36
2019-09-17,2863,2981,8270,8350,0.3570059880239521,0.3376548631854425,0.018955474459643514,1.020872618077085,5.42
2019-09-13,2797,2763,8290,8300,0.3328915662650602,0.3372355240858639,0.018870431797157937,-0.23019917442789503,-1.3
2019-09-12,2736,2780,8230,8280,0.3357487922705314,0.3370879459279283,0.01894695257653993,-0.07067910535940398,-0.4
2019-09-11,2730,2753,7920,8100,0.33987654320987654,0.3368326105570649,0.019091762457892434,0.15943696447748668,0.9
2019-09-10,2664,2701,8300,8060,0.3351116625310174,0.33655000756335085,0.019201169606043542,-0.07490924052255439,-0.43
2019-09-09,2626,2640,8190,8370,0.3154121863799283,0.3362462603736871,0.019400673056614467,-1.0738840829367842,-6.61
2019-09-06,2626,2606,8180,8230,0.3166464155528554,0.3364489278205942,0.019260862411593152,-1.028121786271608,-6.25
2019-09-05,2560,2599,8060,8170,0.31811505507955934,0.33662932112517585,0.01913751364899143,-0.9674331987526623,-5.82
2019-09-04,2537,2524,8020,8020,0.314713216957606,0.336907842382483,0.0190176675243882,-1.1670529730533288,-7.05
2019-09-03,2552,2550,7980,8040,0.31716417910447764,0.3373249994897149,0.018868806810393133,-1.0684735175799494,-6.36
2019-09-02,2556,2551,8130,7950,0.3208805031446541,0.3376302188726334,0.01872481456891336,-0.8945197116016784,-5.22
2019-08-30,2585,2595,7890,8050,0.32236024844720496,0.3377429967370408,0.01864891098583366,-0.8248604061395906,-4.77
2019-08-29,2564,2543,8360,8190,0.3105006105006105,0.3379162215934255,0.018565372045700378,-1.4767067972205958,-8.83
2019-08-28,2573,2540,8440,8430,0.3013048635824436,0.3384497937003309,0.018343510262522882,-2.024963029773917,-12.33
2019-08-27,2608,2564,8490,8510,0.30129259694477084,0.33910597576614526,0.017877338662436456,-2.115157045205348,-12.55
2019-08-26,2561,2604,8360,8470,0.3074380165289256,0.3400435255776493,0.017712745673909958,-1.8407936098100282,-10.61
2019-08-23,2625,2646,8310,8390,0.31537544696066744,0.34083396594453924,0.017562199187046063,-1.4496202162796383,-8.07
2019-08-22,2624,2632,8200,8180,0.321760391198044,0.3413537782612838,0.017376958747750148,-1.127549840433191,-6.09
2019-08-21,2592,2607,7850,7920,0.32916666666666666,0.34177858578285486,0.01728195604595564,-0.7297738220517963,-3.83
2019-08-20,2612,2615,7620,7940,0.32934508816120905,0.34237834498478126,0.017611257681052494,-0.7400525879304096,-3.96
2019-08-19,2573,2562,7630,7660,0.33446475195822456,0.3430905968113689,0.01814196440085273,-0.4754636632810769,-2.58
2019-08-16,2539,2598,7490,7580,0.3427440633245383,0.3437733305443454,0.018757554150771946,-0.05487214439227723,-0.3
2019-08-15,2520,2576,7210,7310,0.3523939808481532,0.3444069130488075,0.019499927404235257,0.4095947453430507,2.27
2019-08-14,2448,2604,7220,7240,0.3596685082872928,0.34475030943972435,0.019860986614437456,0.7511308041829118,4.15
2019-08-13,2347,2398,7190,7180,0.333983286908078,0.34486797133835956,0.019974831072051658,-0.5449199740923555,-3.26
2019-08-09,2293,2365,7170,7220,0.3275623268698061,0.3453657966075062,0.020161744823831863,-0.8830321925638022,-5.44
2019-08-08,2195,2193,7260,7170,0.3058577405857741,0.34604009300357447,0.02039932155684532,-1.9697886670312594,-13.14
2019-08-07,2205,2219,7180,7250,0.3060689655172414,0.3469050792266584,0.020049559690123533,-2.036758629145009,-13.34
2019-08-06,2176,2228,7500,7400,0.30108108108108106,0.347772218183655,0.019667396663084626,-2.3740374947647456,-15.51
2019-08-05,2271,2251,7390,7590,0.29657444005270095,0.3486358027483116,0.019009223948130722,-2.7387421410609503,-17.55
2019-08-02,2334,2311,6630,6590,0.3506828528072838,0.34967125193206694,0.01824489723160421,0.055445687765482594,0.29
2019-08-01,2387,2410,6730,6760,0.35650887573964496,0.34993352459612137,0.01839829176385028,0.35738922003852064,1.84
2019-07-31,2405,2387,6850,6780,0.3520648967551622,0.3501379623158383,0.018554742068484512,0.10385131909738733,0.55
2019-07-30,2419,2412,6910,6820,0.3536656891495601,0.35052109702576945,0.018884322264871505,0.16651866451358946,0.89
2019-07-29,2421,2419,6890,6750,0.3583703703703704,0.3512002166275686,0.019875054459998903,0.36076146393624386,2.0
2019-07-26,2431,2449,6790,6790,0.36067746686303387,0.351904446456939,0.021019424263575393,0.4173768175609658,2.43
2019-07-25,2436,2451,6860,6740,0.3636498516320475,0.3524963144663328,0.021866044667947452,0.5100848066072154,3.07
2019-07-24,2464,2458,6890,6860,0.35830903790087465,0.3530282804085361,0.022603796312707043,0.23362259238594693,1.47
2019-07-23,2417,2427,6780,6870,0.3532751091703057,0.3536460725621187,0.023360218268798666,-0.01588013380459333,-0.11
2019-07-22,2426,2393,6830,6790,0.3524300441826215,0.35433213416957776,0.02408362824092511,-0.07897854791347547,-0.54
2019-07-19,2438,2423,6570,6870,0.3526928675400291,0.354908928982775,0.024544778364307452,-0.09028647192709799,-0.63
2019-07-18,2465,2428,6690,6520,0.37239263803680983,0.3553780074709456,0.024832432299861994,0.6851777691530756,4.57
2019-07-17,2472,2491,6760,6730,0.37013372956909363,0.3553669995453713,0.024825069370715304,0.5948313699836731,3.99
2019-07-16,2481,2511,6970,6830,0.36764275256222545,0.3554229346052554,0.02486297550989342,0.49148654601326947,3.32
2019-07-12,2530,2511,7040,6970,0.3602582496413199,0.3556721423488702,0.02507695816257984,0.1828813232736172,1.27
2019-07-11,2496,2522,7090,7010,0.35977175463623395,0.35591694463435436,0.02520979757049838,0.1529092009207826,1.07
2019-07-10,2430,2447,7000,7020,0.3485754985754986,0.35625243823699704,0.02542537241780783,-0.3019401067306122,-2.2
2019-07-09,2416,2459,7080,7020,0.3502849002849003,0.3566626884199248,0.025546138974708903,-0.24965761524035618,-1.82
2019-07-08,2441,2430,7200,7060,0.34419263456090654,0.35707652060345396,0.025690456830666675,-0.5015047465862086,-3.74
2019-07-05,2424,2441,7190,7260,0.3362258953168044,0.3575535032088596,0.0257787647325722,-0.827332423151647,-6.34
2019-07-04,2470,2433,7190,7180,0.33885793871866293,0.35811553631634724,0.025767155013487877,-0.7473699594543469,-5.68
2019-07-03,2485,2464,7070,7150,0.3446153846153846,0.35850810584802867,0.02569495256469231,-0.5406789990238858,-4.03
2019-07-02,2539,2545,7150,7100,0.35845070422535213,0.358964081510784,0.02574775181118907,-0.01993872277457584,-0.14
2019-07-01,2528,2554,6860,7160,0.35670391061452517,0.35944581104885154,0.02606961436358662,-0.10517610257235678,-0.77
2019-06-28,2548,2490,6970,6800,0.36617647058823527,0.3599980637992472,0.02644173024553108,0.23366121398323694,1.69
2019-06-27,2502,2515,6970,6930,0.3629148629148629,0.36049634148870136,0.026901579719894864,0.08990258012145501,0.67
2019-06-26,2481,2471,7070,7040,0.3509943181818182,0.36099756673992656,0.027289379236750188,-0.3665619679848612,-2.85
2019-06-25,2514,2507,7060,7120,0.35210674157303373,0.36162644963239643,0.027593387044601618,-0.3449996205241189,-2.7
2019-06-24,2520,2514,7180,7090,0.35458392101551484,0.3621236122700085,0.027752836849348872,-0.27167281296040036,-2.13
2019-06-21,2493,2507,7320,7190,0.3486787204450626,0.3626632883259743,0.027993472268835317,-0.4995653181788554,-4.01
2019-06-20,2400,2417,7060,7200,0.33569444444444446,0.3632619864677879,0.02816760445029242,-0.9786967177841511,-8.21
2019-06-19,2357,2368,6970,6960,0.34022988505747126,0.3639613526954512,0.028125587916269613,-0.8437678781552572,-6.98
2019-06-18,2322,2307,6920,6890,0.334833091436865,0.3647425483820374,0.02826889794775054,-1.0580340627517244,-8.93
2019-06-17,2299,2313,7010,6960,0.33232758620689656,0.365474515692621,0.028195612004289806,-1.1756059588520842,-9.97
2019-06-14,2321,2324,6950,7000,0.332,0.3662497242421924,0.028072604864743462,-1.2200408336601059,-10.32
2019-06-13,2288,2289,7080,6920,0.33078034682080926,0.36707263312730837,0.027960929662042444,-1.29796422168919,-10.97
2019-06-12,2354,2337,7220,7090,0.3296191819464034,0.36804587630177305,0.027951102235335253,-1.3747827914561224,-11.66
2019-06-11,2340,2371,7040,7090,0.33441466854724966,0.3689461278376616,0.0277857921284861,-1.2427739735017371,-10.33
2019-06-10,2276,2340,7180,7100,0.3295774647887324,0.36956749157906554,0.027526494968693603,-1.45278310354495,-12.13
2019-06-07,2261,2241,7000,7030,0.31877667140825033,0.37019167512893136,0.027140679232277597,-1.894388982702198,-16.13
2019-06-06,2276,2250,6780,6960,0.3232758620689655,0.37087959111509294,0.026474458731210924,-1.798100181364881,-14.73
2019-06-05,2310,2314,6670,6840,0.33830409356725144,0.3712438091752676,0.026000714303005535,-1.2668773336049668,-9.74
2019-06-04,2207,2261,6810,6600,0.3425757575757576,0.3712224257503754,0.02602844038161937,-1.1005910363667952,-8.36
2019-06-03,2201,2181,6780,6810,0.32026431718061676,0.370595785597059,0.027247755449261838,-1.847178513847304,-15.72
2019-05-31,2298,2271,7170,7030,0.32304409672830725,0.3703122803884311,0.027873399666640965,-1.6958169518408148,-14.63
2019-05-30,2300,2344,7130,7200,0.32555555555555554,0.37010192499019323,0.02828581091812526,-1.5748662664676454,-13.68
2019-05-29,2304,2330,7230,7240,0.3218232044198895,0.3699170027898864,0.028619798128067017,-1.6804380713933829,-14.94
2019-05-28,2322,2327,7230,7350,0.3165986394557823,0.36977038763321013,0.028892665310871268,-1.84031994297948,-16.79
2019-05-27,2325,2320,7340,7280,0.31868131868131866,0.3696891028818667,0.02905028652222718,-1.755844444478045,-16.01
2019-05-24,2366,2305,7220,7380,0.31233062330623307,0.36952808826923916,0.029364326085525305,-1.9478555304288325,-18.31
2019-05-23,2402,2430,7370,7350,0.3306122448979592,0.3693796719624874,0.029679483605277508,-1.3062028834502595,-11.73
2019-05-22,2440,2440,7310,7390,0.3301759133964817,0.3691135685652685,0.030112191061020314,-1.2930860823074037,-11.79
2019-05-21,2390,2451,7000,7230,0.3390041493775934,0.3688411580857992,0.030552405042047044,-0.9765846147674243,-8.8
2019-05-20,2433,2422,7190,7000,0.346,0.3684963293468673,0.031029435663677604,-0.7249996290844913,-6.5
2019-05-17,2440,2445,7310,7190,0.34005563282336576,0.36797583551970686,0.03172210430769429,-0.8801497664065424,-8.21
2019-05-16,2378,2391,7180,7260,0.3293388429752066,0.3675510820356979,0.032301099936200374,-1.1830011713522557,-11.6
2019-05-15,2420,2381,6710,7100,0.33535211267605636,0.36722338952618716,0.03280778996351827,-0.9714545504458285,-9.5
2019-05-14,2316,2366,6570,6750,0.3505185185185185,0.3668194883413001,0.03337916792891837,-0.488357584511839,-4.65
2019-05-13,2328,2366,6200,6750,0.3505185185185185,0.3661637122486892,0.03416681947750769,-0.457906061185182,-4.46
2019-05-10,2247,2356,6060,6340,0.37160883280757095,0.3654881566931336,0.03496114587842373,0.1750708096274017,1.65
2019-05-09,2275,2248,6330,6130,0.366721044045677,0.36448172232743536,0.0358457382873975,0.06247107258016613,0.61
2019-05-08,2282,2275,6500,6420,0.3543613707165109,0.36343891691746466,0.036887903042467085,-0.24608463621538065,-2.56
2019-05-07,2357,2295,6540,6490,0.35362095531587057,0.3624555016673793,0.038080666966436236,-0.23199557821020717,-2.5
2019-04-26,2415,2417,6460,6460,0.37414860681114553,0.36145197112161515,0.03927330026897262,0.32328924746773086,3.39
2019-04-25,2435,2465,6400,6440,0.3827639751552795,0.36024850821598503,0.04023690039362413,0.5595725992567315,5.88
2019-04-24,2496,2476,6470,6420,0.3856697819314642,0.3588879381542753,0.0411670448158371,0.6505651279317924,6.94
2019-04-23,2522,2525,6520,6470,0.3902627511591963,0.35751329344280813,0.041963418559150006,0.7804287362867205,8.39
2019-04-22,2428,2492,6610,6590,0.3781487101669196,0.35599232977655854,0.042807633451269096,0.5175801277494866,5.86
2019-04-19,2451,2421,6590,6570,0.3684931506849315,0.35460034697433296,0.04375150824574515,0.3175388522051606,3.77
2019-04-18,2470,2447,6520,6590,0.37132018209408196,0.3532362931218386,0.044877399484106496,0.4029620517260112,4.87
2019-04-17,2437,2473,6550,6540,0.37813455657492356,0.35192404170029945,0.04575967708737738,0.5727862726079895,6.93
2019-04-16,2441,2432,6510,6560,0.37073170731707317,0.3505132165509741,0.04655408448850625,0.434301114246824,5.45
2019-04-15,2433,2453,6670,6610,0.37110438729198186,0.34938292559190404,0.047075646508407704,0.4614161102641124,5.85
2019-04-12,2422,2389,6570,6530,0.3658499234303216,0.34827099372410036,0.04753213614644876,0.36983252029868174,4.8
2019-04-11,2400,2440,6520,6520,0.37423312883435583,0.34728352861672074,0.04792434945054779,0.562336276373326,7.2
2019-04-10,2393,2411,6470,6510,0.3703533026113671,0.3460516393285969,0.048400869958606665,0.5020914562807128,6.56
2019-04-09,2397,2443,6350,6570,0.37184170471841704,0.3443596611020762,0.04972177517016126,0.5527164611941124,7.39
2019-04-08,2419,2380,6090,6250,0.3808,0.342597605039164,0.05104080131635735,0.7484677743214252,10.03
2019-04-05,2395,2375,5770,5870,0.4045996592844974,0.340614429781432,0.052389694918792314,1.221332355575786,15.81
2019-04-04,2356,2389,5860,5810,0.41118760757314976,0.33841034581609697,0.053123567936410654,1.3699618565561666,17.7
2019-04-03,2385,2398,5920,5920,0.40506756756756757,0.3363859088979173,0.05320455842430606,1.2908980114432003,16.96
2019-04-02,2463,2389,6060,5920,0.4035472972972973,0.33417780827392884,0.05374211969632454,1.2907843869082207,17.19
2019-04-01,2437,2440,6010,6030,0.4046434494195688,0.33213334183296556,0.05398033557576897,1.3432689295683453,17.92
2019-03-29,2340,2396,5860,5920,0.4047297297297297,0.3300425631946565,0.054167811051691966,1.3788108672842574,18.45
2019-03-28,2315,2295,5850,5800,0.3956896551724138,0.3279272664546175,0.054307386757475956,1.2477563875501356,17.13
2019-03-27,2290,2335,6090,6020,0.38787375415282394,0.3259439213924547,0.05451229699190166,1.1360708716708363,15.97
2019-03-26,2251,2300,6060,6190,0.3715670436187399,0.3239717276741547,0.054910307098646714,0.8667829130709445,12.81
2019-03-25,2239,2231,5920,5960,0.3743288590604027,0.3221752507688404,0.05552437680834225,0.9392920963630966,13.93
2019-03-22,2343,2318,6080,6000,0.3863333333333333,0.32031272165147145,0.05608376129221795,1.177178744090809,17.09
2019-03-20,2310,2302,6050,6080,0.3786184210526316,0.3183185549848048,0.05635913347287684,1.0699218095119656,15.93
2019-03-19,2331,2325,6050,6040,0.3849337748344371,0.3163406835554591,0.05680939482313935,1.2074251361508779,17.82
2019-03-18,2304,2314,6070,6100,0.37934426229508195,0.31430944779923203,0.057043560938155755,1.140090369995624,17.14
2019-03-15,2298,2307,5990,6050,0.3813223140495868,0.31244022953612405,0.057178611475255485,1.2046827080309919,18.06
2019-03-14,2279,2257,5990,5940,0.37996632996632995,0.31048578475977345,0.057295814630012605,1.2126635366863483,18.29
2019-03-13,2286,2240,6080,5920,0.3783783783783784,0.30859448451863825,0.057312236554393645,1.2176089794281535,18.44
2019-03-12,2260,2254,6000,6120,0.36830065359477127,0.306639878750079,0.0573986781246844,1.0742542661130547,16.74
2019-03-11,2247,2235,5820,5900,0.3788135593220339,0.3047809672989175,0.05762877095279512,1.2846463806031536,19.54
2019-03-08,2300,2257,5780,5720,0.39458041958041956,0.30280159612719554,0.057601429167302425,1.5933428177042952,23.26
2019-03-07,2343,2333,5890,5860,0.39812286689419796,0.30073318441658203,0.05705127565639909,1.7070552999403847,24.46
2019-03-06,2390,2389,5950,5920,0.4035472972972973,0.29867821285799273,0.056276790941990985,1.863451747762263,25.99
2019-03-05,2377,2371,5930,5920,0.40050675675675673,0.29651025496076283,0.05531886428719942,1.879946436645452,25.97
2019-03-04,2378,2381,5970,5980,0.39816053511705685,0.29468239408101515,0.05410391899651317,1.912581250217947,25.99
2019-03-01,2300,2313,5920,5940,0.3893939393939394,0.292541079513019,0.05313551003703941,1.8227520506231472,24.87
2019-02-28,2358,2319,5910,5870,0.3950596252129472,0.2906891870948615,0.05213869659110576,2.0017845658207345,26.42
2019-02-27,2325,2330,5950,5920,0.3935810810810811,0.28869482187205603,0.05095559433054704,2.05838555289203,26.65
2019-02-26,2360,2325,5950,5990,0.38814691151919867,0.28665158939655266,0.04976739589029962,2.0393938703638077,26.15
2019-02-25,2322,2365,6030,5930,0.3988195615514334,0.28464631062984425,0.04865496317889809,2.3465900179964923,28.63
2019-02-22,2302,2315,5980,5940,0.3897306397306397,0.2825167164758251,0.04708102313911177,2.27722160875787,27.51
2019-02-21,2360,2335,5950,5980,0.3904682274247492,0.28049017003824606,0.04567258089570704,2.407966776338677,28.17
2019-02-20,2368,2319,5850,5890,0.39371816638370116,0.27856268348260005,0.04401076367049677,2.616529987147149,29.25
2019-02-19,2339,2354,5940,5830,0.4037735849056604,0.2765457218396903,0.04211247880141348,3.021144009734706,31.51
2019-02-18,2310,2359,5940,5940,0.3971380471380471,0.27435333087154923,0.03963938973631983,3.097543052081744,30.92
2019-02-15,2245,2248,5920,5900,0.38101694915254236,0.2722732963519397,0.03715713321346361,2.926588877992348,28.54
2019-02-14,2238,2232,5940,5930,0.3763912310286678,0.27054269697559485,0.035012815426793305,3.023136893243755,28.12
2019-02-13,2122,2200,5950,5940,0.37037037037037035,0.26887756088316445,0.03284160475087538,3.0903730270519336,27.4
2019-02-12,2040,2072,5800,5910,0.3505922165820643,0.267297413231325,0.03070165927034793,2.713039142844847,23.76
2019-02-08,2030,2000,6160,5940,0.3367003367003367,0.2660371553368165,0.029157786473832166,2.423475507200704,20.99
2019-02-07,2098,2072,7120,7010,0.2955777460770328,0.2649870449533728,0.02798875462732128,1.092963996826027,10.35
2019-02-06,2115,2096,7050,7010,0.2990014265335235,0.2644658866351584,0.027777401468511174,1.243296279441943,11.55
2019-02-05,2099,2114,6870,6880,0.3072674418604651,0.2636492558044501,0.027650099758981205,1.5775055582519961,14.2
2019-02-04,2114,2107,6590,6760,0.3116863905325444,0.2626060794825657,0.027460028130707137,1.7873365175141496,15.75
2019-02-01,2040,2067,6570,6650,0.31082706766917295,0.2616418318233578,0.026985278160994674,1.8226692180964412,15.82
2019-01-31,2036,2040,6540,6570,0.3105022831050228,0.26075288217651343,0.026443070367835452,1.8813776250818075,16.02
2019-01-30,2030,1996,6620,6510,0.306605222734255,0.2598244569069832,0.025896810733135232,1.8064296144163938,15.26
2019-01-29,1991,2009,6650,6670,0.3011994002998501,0.25910069953818443,0.025331640059708935,1.6619019006442248,13.98
2019-01-28,2060,2041,6630,6570,0.3106544901065449,0.25848558308140346,0.02485759505099517,2.098710954061216,16.79
2019-01-25,2081,2066,6720,6670,0.30974512743628185,0.25754909390662534,0.02418858582994108,2.1578786745377774,16.85
2019-01-24,2022,2073,6750,6620,0.3131419939577039,0.2565955241382418,0.023512346069257926,2.404969272436656,18.06
2019-01-23,2055,2072,6810,6750,0.30696296296296294,0.2555532145904977,0.02270125210683368,2.264621710314805,16.75
2019-01-22,2121,2105,6830,6830,0.308199121522694,0.25452715943266263,0.022085170863929384,2.4302262554686025,17.41
2019-01-21,2098,2112,6820,6930,0.3047619047619048,0.25353569495521716,0.021308899979527375,2.4039818975124687,16.81
2019-01-18,2039,2050,6770,6720,0.30505952380952384,0.252601669792721,0.020565356859753643,2.5507874419365297,17.2
2019-01-17,2025,2031,6700,6740,0.30133531157270027,0.25167302308561895,0.019731212437900904,2.5169405399379814,16.48
2019-01-16,2114,2024,6810,6750,0.29985185185185187,0.2507707785309523,0.018972217399280553,2.5869972016429017,16.37
2019-01-15,1992,2064,6970,6970,0.2961262553802009,0.24987975353123787,0.01819974167593265,2.5410526518691974,15.62
2019-01-11,2052,2034,7330,7050,0.2885106382978723,0.24907018908527634,0.01745997564708669,2.2589063129178464,13.67
2019-01-10,2074,2040,7250,7270,0.28060522696011003,0.24838406110393862,0.016898682105288446,1.9067265515390568,11.48
2019-01-09,2052,2032,7350,7300,0.27835616438356164,0.24783663910495463,0.01650648204125689,1.8489418400798807,10.96
2019-01-08,2064,2044,7400,7200,0.2838888888888889,0.24726928862049088,0.01617569228249183,2.263866029896858,12.9
2019-01-07,2058,2024,7230,7210,0.2807212205270458,0.24661067732529907,0.015668942214359164,2.1769525176043794,12.15
2019-01-04,1957,1978,6990,7000,0.2825714285714286,0.24595628493220215,0.01524996282068462,2.4009988791292454,12.96
2018-12-28,1951,1972,7160,7140,0.2761904761904762,0.24533598428241063,0.014683656409858211,2.101281250857294,11.17
2018-12-27,2005,1971,7350,7200,0.27375,0.24480959765054314,0.014269937455899466,2.0280679182298966,10.57
2018-12-26,1870,1858,6820,6980,0.266189111747851,0.2443821681834585,0.01387121673606835,1.5721002691630799,8.19
2018-12-25,1806,1853,6690,6790,0.27290132547864504,0.24403023088592699,0.013646498815123727,2.1156411606998913,10.58
2018-12-21,1970,1958,6990,7190,0.27232267037552155,0.24364896545580456,0.013227574063389468,2.1677221221598337,10.53
2018-12-20,2041,1996,7020,6980,0.2859598853868195,0.24324729152088656,0.012801291346357933,3.3365847796351416,14.94
2018-12-19,2102,2060,7330,7160,0.2877094972067039,0.24258915971572895,0.011819653130505923,3.8173994611163056,15.68
2018-12-18,2138,2168,7660,7430,0.2917900403768506,0.24192223268103769,0.010603529502094191,4.7029442117328975,17.09
2018-12-17,2242,2204,8720,7820,0.2818414322250639,0.24116149527247616,0.008909972405207014,4.565663629756505,14.43
2018-12-14,2328,2269,9500,9320,0.2434549356223176,0.24058425027293812,0.0075551770534598205,0.3799626837421208,1.18
2018-12-13,2267,2301,9700,9600,0.2396875,0.24048554935218672,0.007565376411310554,-0.1054870648595359,-0.33
2018-12-12,2272,2251,9420,9700,0.2320618556701031,0.24049744548745242,0.007564813624489684,-1.11510874372908,-3.64
2018-12-11,2336,2235,9230,9340,0.2392933618843683,0.24061422758279122,0.007501024579434112,-0.1760913705101544,-0.55
2018-12-10,2329,2412,9500,9300,0.2593548387096774,0.24069345745225618,0.007518017774086689,2.4822209548032452,7.2
2018-12-07,2327,2306,9570,9630,0.23946002076843198,0.24052004902078322,0.007230057079261846,-0.14661409180181265,-0.44
2018-12-06,2389,2357,9590,9420,0.2502123142250531,0.24060455966824051,0.007254176017096385,1.3244446418406928,3.84
2018-12-05,2344,2404,9640,9700,0.24783505154639177,0.24055044676062443,0.00719721820695913,1.0121417159095876,2.94
2018-12-04,2444,2387,9810,9700,0.24608247422680413,0.24055487993023272,0.0072018047749948895,0.7675290387992121,2.25
2018-12-03,2372,2420,9860,9800,0.24693877551020407,0.24053003449970362,0.007185889016531428,0.8918508198160158,2.6
2018-11-30,2340,2354,9800,9810,0.2399592252803262,0.24056812417320078,0.007227210774700743,-0.08425088348136478,-0.25
2018-11-29,2290,2302,9800,9720,0.2368312757201646,0.24068908917489973,0.007291643985535384,-0.5290732052179135,-1.63
2018-11-28,2273,2276,9700,9700,0.23463917525773195,0.24085597942039616,0.00734448659484185,-0.8464586438254742,-2.65
2018-11-27,2278,2273,9770,9600,0.23677083333333335,0.24110999837112218,0.007453724412905389,-0.5821472323656074,-1.83
2018-11-26,2248,2236,9850,9710,0.23027806385169927,0.24171934909722823,0.008817407535020827,-1.2975792714680199,-4.97
2018-11-22,2358,2298,9710,9880,0.23259109311740891,0.24246783769769378,0.010103303230564202,-0.9775757843638746,-4.25
2018-11-21,2250,2315,9890,9680,0.23915289256198347,0.24326895857927056,0.011564800424939303,-0.3559132770169437,-1.72
2018-11-20,2361,2338,9930,9960,0.23473895582329318,0.24403719629451875,0.013080304828650413,-0.7108580872564372,-3.96
2018-11-19,2427,2405,10310,10100,0.2381188118811881,0.24472956577243038,0.013917346196783581,-0.47500103811242933,-2.78
2018-11-16,2352,2392,10340,10320,0.2317829457364341,0.2453206572803351,0.014551020679741494,-0.9303616455406976,-5.84
2018-11-15,2316,2314,9910,10110,0.22888229475766567,0.24593067080775038,0.014924893625979613,-1.1422778933853692,-7.45
2018-11-14,2300,2299,9840,9980,0.23036072144288577,0.24647276125306572,0.015033785883262363,-1.071722048942977,-6.99
2018-11-13,2362,2349,9880,9810,0.23944954128440368,0.24694020122331822,0.015070530995059794,-0.49704021320615854,-3.13
2018-11-12,2400,2440,9950,10000,0.244,0.24722931150619284,0.01513191735255212,-0.2134105963543477,-1.32
2018-11-09,2488,2383,9690,9890,0.2409504550050556,0.2474851724222744,0.015237021014091735,-0.4288710641781798,-2.71
2018-11-08,2447,2513,10100,9540,0.2634171907756813,0.24776040291468013,0.015302788548863189,1.0231329937682698,5.94
2018-11-07,2463,2397,9960,10090,0.23756194251734392,0.24774885397644658,0.015291290618827192,-0.6661904291165698,-4.29
2018-11-06,2468,2495,9910,9960,0.2505020080321285,0.2480892005370197,0.01534474685516994,0.15723996738961588,0.96
2018-11-05,2388,2418,9940,9850,0.24548223350253806,0.2482376091374076,0.015421001172215476,-0.17867683194486755,-1.12
2018-11-02,2358,2413,10020,10040,0.2403386454183267,0.2485177913792317,0.015558676584705552,-0.5256967658126679,-3.4
2018-11-01,2400,2368,9980,9960,0.23775100401606425,0.24898583940910318,0.01583120506067452,-0.7096639421939401,-4.73
2018-10-31,2400,2391,10000,10000,0.2391,0.24967265899402274,0.016434774359129677,-0.6433102617042943,-4.42
2018-10-30,2350,2356,9660,9910,0.23773965691220988,0.2505129012831346,0.017452195952707947,-0.7318989773858661,-5.37
2018-10-29,2407,2373,9730,9650,0.24590673575129535,0.25160518608362714,0.019104017183087012,-0.2982854484331543,-2.32
2018-10-26,2371,2359,9880,9730,0.24244604316546764,0.25258589717349733,0.020614538063039155,-0.49187878850460137,-4.18
2018-10-25,2362,2336,9960,9760,0.23934426229508196,0.25356584365109786,0.021820815485186384,-0.6517438069933993,-5.94
2018-10-24,2421,2421,10030,10040,0.24113545816733067,0.25461839634430633,0.022982433109859778,-0.5866627833756771,-5.59
2018-10-23,2456,2467,9980,9820,0.25122199592668026,0.25571752082274646,0.02424769883266929,-0.1854000632014328,-1.79
2018-10-22,2485,2505,9940,9960,0.25150602409638556,0.2566057796729458,0.025265605063331396,-0.20184577269283888,-2.03
2018-10-19,2501,2506,9850,9950,0.25185929648241207,0.2575504933591513,0.026358281310741274,-0.21591684259094784,-2.26
2018-10-18,2563,2530,10000,9880,0.2560728744939271,0.25847322676008055,0.027336100883582584,-0.0878088750248585,-0.94
2018-10-17,2567,2582,10010,10010,0.25794205794205793,0.25910224811204136,0.027812265056852133,-0.041715055124486686,-0.45
2018-10-16,2489,2529,10180,9860,0.25649087221095335,0.2597007170078925,0.028260177344823483,-0.11358190565379102,-1.25
2018-10-15,2440,2456,10600,10330,0.2377541142303969,0.2601607689037185,0.0284841388576121,-0.7866361972650477,-9.42
2018-10-12,2430,2430,10430,10610,0.2290292177191329,0.26076991632651547,0.028486957325836525,-1.1142186315066733,-13.86
2018-10-11,2500,2499,10430,10440,0.239367816091954,0.26154863166204695,0.02840679884486336,-0.7808277057625509,-9.27
2018-10-10,2593,2632,10560,10780,0.24415584415584415,0.2620613785701128,0.028348813491868442,-0.6316149499309613,-7.33
2018-10-09,2615,2546,10490,10570,0.24087038789025544,0.26247750524093677,0.028311962658973882,-0.763179777076763,-8.97
2018-10-05,2669,2715,10610,10760,0.25232342007434944,0.2629531428674206,0.0282445396281701,-0.37634611620539443,-4.21
2018-10-04,2700,2719,10950,10660,0.2550656660412758,0.26334501311456576,0.028298174572143082,-0.29257530559728134,-3.25
2018-10-03,2680,2647,11420,11010,0.24041780199818347,0.2636634358129628,0.02833755640740092,-0.8203118674236951,-9.67
2018-10-02,2679,2661,11210,11170,0.23822739480752014,0.2642806326724826,0.0283286392906234,-0.9196784073418556,-10.94
2018-10-01,2601,2634,11260,11210,0.23496877787689563,0.26487438235091104,0.028242901111898495,-1.0588715498995405,-12.73
2018-09-28,2638,2606,11100,11330,0.23000882612533097,0.26546727176416535,0.028075119803966587,-1.2629846599559174,-15.42
2018-09-27,2630,2619,11100,11200,0.23383928571428572,0.2661922385990595,0.0278512593837785,-1.1616333911139836,-13.84
2018-09-26,2628,2671,11070,11380,0.23471001757469245,0.2669694815252155,0.027750753640681844,-1.1624716347606339,-13.74
2018-09-25,2592,2606,10690,11070,0.23541102077687442,0.26781753482091786,0.027723802466800503,-1.1689058195696826,-13.77
2018-09-21,2528,2568,10980,10990,0.23366696997270245,0.26863539486534643,0.027660431505214786,-1.2642038822153383,-14.97
2018-09-20,2560,2519,10800,10810,0.23302497687326548,0.26945523045471387,0.027522725186986282,-1.323642674696832,-15.63
2018-09-19,2564,2533,10670,10760,0.2354089219330855,0.27016953660499465,0.027261932356083634,-1.2750605576259586,-14.77
2018-09-18,2453,2508,10140,10580,0.23705103969754254,0.2709834301719829,0.027122856728156595,-1.2510625563720466,-14.31
2018-09-14,2404,2441,10300,10190,0.2395485770363101,0.27175071574437726,0.026965598433394074,-1.1941933640971294,-13.44
2018-09-13,2380,2417,10100,10250,0.23580487804878048,0.27247207863257034,0.026817748043420478,-1.3672736623680029,-15.55
2018-09-12,2362,2359,10030,10060,0.23449304174950297,0.273122553821805,0.0265103778086511,-1.4571467955351474,-16.47
2018-09-11,2310,2328,9810,10050,0.2316417910447761,0.27380224773807943,0.0261624625281289,-1.6114865581928297,-18.2
2018-09-10,2288,2318,9670,9820,0.2360488798370672,0.2746131951242906,0.02578293350840715,-1.4957303161274713,-16.34
2018-09-07,2286,2289,9540,9670,0.23671147880041365,0.27538736432976885,0.02548332903276374,-1.5176936058718966,-16.34
2018-09-06,2308,2313,9710,9570,0.24169278996865204,0.27644240452091295,0.025498253995788714,-1.362823295979409,-14.38
2018-09-05,2341,2326,9740,9700,0.2397938144329897,0.2775347836931658,0.025739950920976185,-1.4662409177097526,-15.74
2018-09-04,2365,2360,9790,9660,0.2443064182194617,0.2788189757754398,0.0262230588246432,-1.316114866185817,-14.13
2018-09-03,2368,2359,10000,9740,0.2421971252566735,0.2800151651132696,0.026663945850993187,-1.4183212067687074,-15.61
2018-08-31,2370,2366,9870,10000,0.2366,0.2812718514182585,0.027069917944517893,-1.6502396316759167,-18.88
2018-08-30,2378,2346,9850,9870,0.23768996960486322,0.2825405987018197,0.02717618686997954,-1.6503650534763281,-18.87
2018-08-29,2336,2345,9840,9990,0.23473473473473475,0.2837463991070882,0.02716571296675854,-1.8041736814464187,-20.88
2018-08-28,2358,2333,10000,9780,0.2385480572597137,0.2849127444583484,0.026913075940849605,-1.722756897076219,-19.44
2018-08-27,2314,2344,9810,9930,0.23605236656596174,0.28611674668017445,0.02683168395213155,-1.865867986650742,-21.21
2018-08-24,2361,2324,9750,9660,0.24057971014492754,0.2869623863396727,0.02623326683995979,-1.7680861662296972,-19.28
2018-08-23,2390,2348,9650,9750,0.2408205128205128,0.2877190062471877,0.025697455698962788,-1.8250247797320978,-19.47
2018-08-22,2356,2342,9460,9550,0.24523560209424083,0.2884751619274636,0.025134541761218356,-1.7203241755511036,-17.63
2018-08-21,2370,2328,9370,9450,0.24634920634920635,0.2891939334855504,0.024653950329768217,-1.7378443033776831,-17.39
2018-08-20,2350,2340,9520,9520,0.24579831932773108,0.2899835100918294,0.02421348360801674,-1.8248175883898512,-17.98
2018-08-17,2370,2368,9560,9620,0.24615384615384617,0.29074053393140814,0.023702375404994366,-1.881106303301864,-18.11
2018-08-16,2350,2370,9730,9550,0.2481675392670157,0.29159223836917386,0.02322784693847794,-1.869510300165757,-17.5
2018-08-15,2430,2408,9740,9860,0.24421906693711967,0.29232163571795405,0.022705828966195808,-2.1185118963262237,-19.7
2018-08-14,2425,2443,9810,9780,0.2497955010224949,0.2931053529410908,0.02203653295173867,-1.9653659681151785,-17.34
2018-08-13,2486,2443,9790,9810,0.2490316004077472,0.29383816968421433,0.021491205720548325,-2.0848792691806195,-17.99
2018-08-10,2514,2486,9880,9970,0.2493480441323972,0.29467721678398257,0.02094703515907545,-2.163989906320761,-18.18
2018-08-09,2675,2509,9750,9890,0.253690596562184,0.2953997216835801,0.020295471655035213,-2.0550951379860263,-16.44
2018-08-08,2810,2788,9850,9870,0.2824721377912867,0.296047848523138,0.01972119733739612,-0.6883816686986068,-4.81
2018-08-07,2766,2804,9420,9790,0.286414708886619,0.29635766019488535,0.01968798007086809,-0.5050264817658324,-3.47
2018-08-06,2751,2757,9440,9420,0.2926751592356688,0.29656101963195264,0.01966298166090042,-0.19762315112213322,-1.33
2018-08-03,2747,2757,9440,9290,0.29677072120559744,0.2966105819582655,0.01965780859162584,0.00814634279225585,0.05
2018-08-02,2696,2709,9650,9450,0.2866666666666667,0.2965978320706977,0.019658010695974372,-0.5051968664390202,-3.46
2018-08-01,2666,2720,9610,9630,0.2824506749740395,0.29675713409789806,0.019625268992163783,-0.7289815558487908,-5.07
2018-07-31,2718,2656,9830,9570,0.277533960292581,0.2969421392582136,0.01955480597650309,-0.9925017404393247,-6.99
2018-07-30,2657,2690,10030,9980,0.2695390781563126,0.2970631967517954,0.01946216559422974,-1.414237201005179,-10.21
2018-07-27,2710,2694,10240,10150,0.26541871921182264,0.2970111471645915,0.019540767780319927,-1.6167444548717522,-11.9
2018-07-26,2674,2674,10010,10240,0.2611328125,0.2969374403802007,0.019669793518494513,-1.820284887410508,-13.71
2018-07-25,2615,2624,9860,9970,0.26318956870611837,0.2970742948240292,0.019454734345680992,-1.7417213474021727,-12.87
2018-07-24,2563,2595,9830,9920,0.2615927419354839,0.29715392739025676,0.019327682029729818,-1.839909483199936,-13.59
2018-07-23,2599,2573,9780,9800,0.26255102040816325,0.2972857263408535,0.019117292959059652,-1.816925963685121,-13.23
2018-07-20,2575,2573,9710,9780,0.2630879345603272,0.2974896181672206,0.018825062116981692,-1.8274406423265053,-13.08
2018-07-19,2605,2564,9740,9800,0.26163265306122446,0.29775616211848044,0.01847433956924066,-1.9553342581945807,-13.81
2018-07-18,2597,2601,9710,9760,0.2664959016393443,0.29806897870051235,0.018053874074186915,-1.748825594519387,-11.85
2018-07-17,2626,2647,9270,9610,0.27544224765868885,0.29827715340851224,0.017776497218536247,-1.284555976866609,-8.29
2018-07-13,2698,2667,9100,9220,0.28926247288503254,0.29850923657104284,0.017589499454391748,-0.5256979432522488,-3.2
2018-07-12,2779,2710,8910,8970,0.30211817168338906,0.298581144691879,0.017562553738434954,0.20139593843743783,1.17
2018-07-11,2850,2829,8880,8850,0.31966101694915255,0.29854478222412323,0.017558015511614372,1.2026549760741039,6.61
2018-07-10,2846,2840,8990,8890,0.3194600674915636,0.2981319391807717,0.017420133222651183,1.224337841633679,6.68
2018-07-09,2803,2834,8690,8970,0.3159420289855073,0.29785014306557317,0.017242880960850894,1.0492379992073733,5.73
2018-07-06,2800,2785,8850,8750,0.3182857142857143,0.29750182510334217,0.0171374317202177,1.2127773590398934,6.53
2018-07-05,2881,2828,9060,8740,0.32356979405034325,0.29702736787021194,0.017047801856660758,1.5569412645279483,8.2
2018-07-04,2904,2886,8840,9080,0.31784140969162994,0.2964608516972884,0.016861308467441914,1.2680248413476323,6.73
2018-07-03,2881,2869,8990,8900,0.32235955056179777,0.29603025178114933,0.016721590700980952,1.5745690258465577,8.17
2018-07-02,2895,2896,9460,9020,0.3210643015521064,0.2955135197891625,0.016497275471186363,1.5487879685085038,7.96
2018-06-29,2862,2893,9550,9540,0.30324947589098533,0.29501403271996895,0.01628181778441922,0.5058061255848981,2.72
2018-06-28,2814,2892,9510,9550,0.30282722513089005,0.2949250550563772,0.016254781118267357,0.4861443545143929,2.61
2018-06-27,2733,2779,9280,9550,0.2909947643979058,0.2947127555466955,0.016254166099567237,-0.2287408118026261,-1.28
2018-06-26,2631,2653,9160,9360,0.28344017094017093,0.29475079881672583,0.016248757675558882,-0.6960918552910765,-3.99
2018-06-25,2683,2676,9420,9310,0.2874328678839957,0.2948405014136227,0.016204579159878694,-0.45713211411054544,-2.58
2018-06-22,2588,2681,9470,9650,0.2778238341968912,0.294895364762471,0.016186361840305228,-1.0546860828892657,-6.14
2018-06-21,2638,2638,9660,9580,0.27536534446764094,0.2950302106241643,0.016085391857240585,-1.2225295057186638,-7.14
2018-06-20,2687,2688,9570,9720,0.2765432098765432,0.29532755066680705,0.015924444994687984,-1.1795915522663347,-6.79
2018-06-19,2744,2696,9620,9570,0.2817136886102403,0.2955924036768363,0.015774303681671823,-0.8798305996049565,-4.93
2018-06-18,2710,2703,9670,9690,0.2789473684210526,0.29581890514471715,0.015695157650635373,-1.074951720729071,-6.05
2018-06-15,2788,2804,9850,9780,0.28670756646216766,0.2962201076815757,0.015643256189261708,-0.6080921455430682,-3.32
2018-06-14,2768,2788,9850,9860,0.2827586206896552,0.2964708925544119,0.01563951237102918,-0.8767710616193817,-4.85
2018-06-13,2772,2772,9810,9920,0.2794354838709677,0.2967390093920504,0.01557436921751277,-1.1110257680051354,-6.19
2018-06-12,2858,2804,9750,9860,0.2843813387423935,0.2971247240556486,0.015499094773548605,-0.8222019091723648,-4.48
2018-06-11,2782,2822,9490,9660,0.29213250517598344,0.2975209032085852,0.01554797407291176,-0.3465659260385333,-1.84
2018-06-08,2822,2831,9550,9490,0.2983140147523709,0.29793719030313315,0.01581382567836982,0.023828797465067365,0.13
2018-06-07,2813,2831,9710,9540,0.2967505241090147,0.29831998559003803,0.016161960307346807,-0.0971083613112136,-0.53
2018-06-06,2830,2863,9800,9700,0.29515463917525775,0.2986745895049557,0.016413437723537157,-0.21445539861830767,-1.19
2018-06-05,2798,2780,9550,9700,0.2865979381443299,0.2990382753518754,0.016632149978862257,-0.7479692777756265,-4.34
2018-06-04,2745,2840,9520,9580,0.2964509394572025,0.29944863617661766,0.016699690515874856,-0.17950612417430722,-1.01
2018-06-01,2772,2781,9350,9440,0.29459745762711864,0.2996104764112578,0.016728645934434763,-0.2996667395428715,-1.7
2018-05-31,2741,2775,9320,9450,0.29365079365079366,0.30007139919845177,0.01705718769273069,-0.37641642123656743,-2.19
2018-05-30,2631,2641,9280,9280,0.2845905172413793,0.3005883593211126,0.01743805014287109,-0.9174100285675258,-5.62
2018-05-29,2728,2672,9340,9360,0.28547008547008546,0.30107217357027405,0.01749077659014746,-0.8920180313192746,-5.47
2018-05-28,2799,2755,9690,9420,0.2924628450106157,0.3015892774115158,0.017594851481750228,-0.5186990302456516,-3.12
2018-05-25,2950,2847,9520,9680,0.2941115702479339,0.30189556059272477,0.017633211500232875,-0.44143917542689715,-2.65
2018-05-24,3060,2991,9620,9470,0.3158394931362196,0.30227891336017076,0.01777180662763013,0.7630388997686927,4.29
2018-05-23,3165,3110,9610,9610,0.32362122788761705,0.3023412243918588,0.0178273490858211,1.1936717788671796,6.58
2018-05-22,3270,3230,9650,9610,0.33610822060353795,0.30226869892911473,0.017751533088426485,1.9062872770400698,10.07
2018-05-21,3250,3240,9620,9700,0.334020618556701,0.3021473122465247,0.017549699775582225,1.816173878628012,9.54
2018-05-18,3200,3240,9520,9630,0.3364485981308411,0.30233505421007245,0.017960182564685064,1.8993985054386802,10.14
2018-05-17,3175,3155,9600,9510,0.33175604626708727,0.3023450335620055,0.017979332283212367,1.6358234133390697,8.87
2018-05-16,3100,3150,9550,9600,0.328125,0.30261483812630935,0.018561078457445545,1.3743900674832592,7.77
2018-05-15,3070,3090,9400,9590,0.3222106360792492,0.302815141481056,0.018913015667010667,1.0255104177819794,6.02
2018-05-14,3000,3055,9300,9290,0.32884822389666307,0.3030009104499467,0.019169300243129687,1.3483702127301227,7.86
2018-05-11,2781,2854,9300,9530,0.29947534102833157,0.3030443376400964,0.01923139574616341,-0.18558177778005805,-1.19
2018-05-10,2790,2780,9320,9350,0.29732620320855613,0.30354713141237977,0.01962052396184236,-0.3170622872213804,-2.09
2018-05-09,2781,2773,9340,9320,0.2975321888412017,0.3040954939006725,0.020009853027258294,-0.3280036615226489,-2.21
2018-05-08,2851,2794,9380,9340,0.29914346895074945,0.30456113426301457,0.020256522128970833,-0.2674528864220372,-1.81
2018-05-07,2845,2854,9230,9340,0.30556745182012846,0.3051966681521819,0.020816563475895666,0.017811953849919456,0.12
2018-05-02,2900,2820,9440,9320,0.30257510729613735,0.3057427563168618,0.02134951955145821,-0.14837097448912456,-1.05
2018-05-01,2839,2936,9330,9470,0.31003167898627243,0.30634265578714753,0.02187767165052449,0.16862046647621468,1.19
2018-04-27,2845,2847,9370,9400,0.3028723404255319,0.3068259213439263,0.02234905919335391,-0.17690144735802013,-1.31
2018-04-26,2860,2830,9280,9340,0.3029978586723769,0.3072297213244546,0.02254669737297751,-0.18769323870686438,-1.4
2018-04-25,2831,2819,9060,9250,0.30475675675675673,0.30756213481272804,0.022665326200790988,-0.12377399871145046,-0.92
2018-04-24,2789,2817,9110,9030,0.31196013289036545,0.30781610570669893,0.022739066228662588,0.1822426278192099,1.33
2018-04-23,2760,2747,9050,9050,0.30353591160220994,0.3078707996170381,0.02275389646669868,-0.19051189853010334,-1.43
2018-04-20,2768,2760,8960,9130,0.3023001095290252,0.30796502627038075,0.022750382446006252,-0.24900314334495982,-1.87
2018-04-19,2750,2785,9030,9110,0.3057080131723381,0.30804899478611114,0.0227409389603738,-0.10294129094019487,-0.77
2018-04-18,2670,2715,8960,9000,0.3016666666666667,0.30809947893108536,0.022739888739992626,-0.282886707932976,-2.13
2018-04-17,2613,2629,8830,8870,0.2963923337091319,0.30807587929839486,0.022747469698353923,-0.513619569305697,-3.94
2018-04-16,2618,2615,8640,8840,0.29581447963800905,0.30813772722007376,0.02272191087679996,-0.5423508457929598,-4.17
2018-04-13,2579,2586,8760,8660,0.29861431870669747,0.308182548919648,0.022700863440916458,-0.4214919065899758,-3.2
2018-04-12,2555,2581,8720,8710,0.2963260619977038,0.30814747163212036,0.02271764747677851,-0.5203624031273559,-3.99
2018-04-11,2470,2505,9050,8740,0.2866132723112128,0.30802141473710826,0.0228089397492139,-0.938585601140591,-7.47
2018-04-10,2369,2404,9060,9050,0.2656353591160221,0.307976090041809,0.02285476728869315,-1.852599520745676,-15.94
2018-04-09,2438,2378,9020,9150,0.25989071038251366,0.3081786512139048,0.022543813070496698,-2.141959777629013,-18.58
2018-04-06,2431,2448,8960,9020,0.2713968957871397,0.3085258573966589,0.02199119420146643,-1.6883558605036246,-13.68
2018-04-05,2381,2409,8840,8950,0.26916201117318433,0.30868322138844406,0.02176601922044012,-1.8157298224815495,-14.68
2018-04-04,2389,2370,8590,8730,0.27147766323024053,0.3088170612394683,0.021552404430898113,-1.7324933804460805,-13.75
2018-04-03,2376,2370,8440,8530,0.27784290738569756,0.3088594415777998,0.021481949050289776,-1.4438417165729136,-11.16
2018-04-02,2430,2409,8600,8510,0.2830787309048179,0.30859125624777173,0.021987105843845188,-1.1603403160082353,-9.01
2018-03-30,2425,2429,8520,8520,0.285093896713615,0.3082906577257615,0.022482381526348613,-1.0317750806319437,-8.14
2018-03-29,2437,2381,8330,8440,0.2821090047393365,0.30794436511917345,0.023030353599127196,-1.1217960796232012,-9.16
2018-03-28,2432,2416,8350,8250,0.29284848484848486,0.3077455149601779,0.023315187764277566,-0.6389410311555608,-5.09
2018-03-27,2454,2481,8270,8420,0.2946555819477435,0.307440603419322,0.02365507114400355,-0.5404769824511583,-4.34
2018-03-26,2379,2458,8010,8210,0.2993909866017052,0.3070603771781706,0.024082838697551363,-0.3184587445351766,-2.56
2018-03-23,2394,2350,8160,8140,0.28869778869778867,0.30654435942578007,0.024649594374859515,-0.7240107263668961,-6.18
2018-03-22,2437,2494,8190,8360,0.29832535885167466,0.3060650621252647,0.025331992538304007,-0.30553077346312074,-2.59
2018-03-20,2370,2391,8320,8250,0.2898181818181818,0.30541809415845866,0.02612850024106423,-0.597045838695312,-5.38
2018-03-19,2393,2386,8460,8440,0.28270142180094787,0.3049716160030444,0.026671706507483142,-0.8349744773866754,-7.88
2018-03-16,2429,2392,8540,8510,0.2810810810810811,0.30474130740001554,0.026936278038132897,-0.878377713707861,-8.42
2018-03-15,2434,2430,8500,8510,0.28554641598119856,0.304499732491774,0.02722706434482326,-0.6961204583254694,-6.64
2018-03-14,2429,2439,8590,8600,0.2836046511627907,0.30423229448520556,0.027508969731207387,-0.7498515402055911,-7.27
2018-03-13,2497,2456,8490,8660,0.2836027713625866,0.30383520086929394,0.028014178441760254,-0.7222210549122228,-7.13
2018-03-12,2466,2512,8550,8470,0.2965761511216057,0.30341139375510673,0.02855231709816023,-0.23939362294142766,-2.3
2018-03-09,2455,2410,8470,8400,0.2869047619047619,0.3028319130777092,0.029120536311031002,-0.5469387995754053,-5.55
2018-03-08,2420,2436,8410,8290,0.29384800965018093,0.30243406800106326,0.02953627404686015,-0.2906953780717331,-2.92
2018-03-07,2422,2420,8330,8340,0.290167865707434,0.30206091707839494,0.029817832835120427,-0.3988570006654839,-4.1
2018-03-06,2458,2449,8410,8400,0.29154761904761906,0.3018413628516465,0.029964855993409995,-0.3435272242353265,-3.53
2018-03-05,2413,2387,8090,8290,0.2879372738238842,0.3017128477978262,0.030029328823570064,-0.4587373249291391,-4.78
2018-03-02,2425,2423,8160,8140,0.29766584766584764,0.30176574039921655,0.03000850482990942,-0.13662435888117155,-1.38
2018-03-01,2491,2475,8400,8350,0.2964071856287425,0.30184348247695864,0.03000533514619852,-0.1811776746278023,-1.83
2018-02-28,2587,2530,8420,8470,0.2987012987012987,0.30189138666857546,0.029999485170255854,-0.10633809044295542,-1.07
2018-02-27,2617,2633,8670,8520,0.309037558685446,0.30188108473422287,0.030000711528946115,0.23854347402121598,2.32
2018-02-26,2598,2603,8400,8520,0.30551643192488265,0.301439679996948,0.03013540959982286,0.13528111885887978,1.33
2018-02-23,2526,2535,8160,8370,0.30286738351254483,0.3009714006409627,0.030340598631245743,0.06248996252926787,0.63
2018-02-22,2535,2507,8100,8130,0.3083640836408364,0.3005179178226679,0.030562234658323386,0.2567274908358722,2.54
2018-02-21,2603,2585,8040,8230,0.3140947752126367,0.299988096053862,0.030765381036190934,0.45852444155267386,4.49
2018-02-20,2640,2603,8090,8050,0.32335403726708073,0.2993680242336489,0.030942956427274126,0.7751687557653603,7.42
2018-02-19,2602,2626,8050,8030,0.32702366127023663,0.29861727780235325,0.031034813036203347,0.9153070596799213,8.69
2018-02-16,2605,2590,8020,8010,0.3233458177278402,0.2977773899628891,0.031106972293193993,0.8219516680684901,7.91
2018-02-15,2620,2573,8050,7980,0.32243107769423557,0.29698293196505,0.031204546802572255,0.8155268490259835,7.89
2018-02-14,2535,2539,8080,8000,0.317375,0.2962216083661978,0.031270858661270086,0.6764570126755528,6.67
2018-02-13,2605,2515,8200,8150,0.3085889570552147,0.295541892259593,0.03135759930766824,0.41607345854537986,4.23
2018-02-09,2710,2686,8090,8160,0.32916666666666666,0.2949344528168821,0.031539707494979335,1.0853687801395704,10.4
2018-02-08,2748,2799,8240,8420,0.3324228028503563,0.2940914020561098,0.031458361691584634,1.218480516246988,11.53
2018-02-07,2862,2782,8800,8670,0.32087658592848906,0.29323162888230253,0.0312796648551956,0.883799656235596,8.62
2018-02-06,2752,2821,8730,8700,0.3242528735632184,0.2925098563893992,0.03125798143928004,1.0155171803234122,9.79
2018-02-05,3015,2943,9560,9330,0.31543408360128616,0.29179978713941473,0.031133464311057606,0.7591283843564202,7.49
2018-02-02,3125,3135,9760,9710,0.32286302780638515,0.2912134962134102,0.0310968807854652,1.0177719048840443,9.8
2018-02-01,3025,3125,9490,9750,0.32051282051282054,0.2906329605584988,0.03090644323330709,0.9667841662906385,9.32
2018-01-31,3050,3010,9490,9460,0.3181818181818182,0.29022844467637093,0.030710638658894854,0.910217915554517,8.79
2018-01-30,3235,3100,9520,9480,0.3270042194092827,0.2898452336844643,0.030538274280326086,1.2168004447048153,11.36
2018-01-29,3130,3300,9490,9480,0.34810126582278483,0.2894885191132261,0.03025709906475116,1.9371568498396223,16.84
2018-01-26,3270,3200,9350,9490,0.33719704952581664,0.2887699932043903,0.029486728731073636,1.642333972109733,14.36
2018-01-25,3250,3270,9300,9290,0.3519913885898816,0.2881832734681385,0.028950210974263254,2.20406390746059,18.13
2018-01-24,3200,3205,9510,9340,0.3431477516059957,0.2874275806420572,0.02799884547038905,1.9900881635589904,16.24
2018-01-23,3200,3190,9580,9490,0.3361433087460485,0.28685062916205306,0.027281354076143523,1.8068267229851298,14.66
2018-01-22,3200,3155,9530,9500,0.33210526315789474,0.28638026953388795,0.026725892551099126,1.7108874301047918,13.77
2018-01-19,3205,3210,9480,9520,0.33718487394957986,0.2860318013484991,0.02629432918299369,1.945403217746467,15.17
2018-01-18,3200,3195,9550,9440,0.3384533898305085,0.2855293777703722,0.02566457689275771,2.062142394993893,15.64
2018-01-17,3190,3155,9400,9490,0.33245521601685984,0.28493804182734134,0.024939024691026962,1.9053341010009563,14.29
2018-01-16,3220,3260,9370,9400,0.3468085106382979,0.2843306043364861,0.02432143229760881,2.5688415689216773,18.02
2018-01-15,3265,3240,9260,9350,0.34652406417112297,0.2835197911504455,0.02321346984301083,2.714125610982149,18.18
2018-01-12,3255,3215,9360,9250,0.34756756756756757,0.2826558488956536,0.022028036567380654,2.946777325040214,18.68
2018-01-11,3160,3255,9430,9400,0.34627659574468084,0.2816666044364705,0.020717722349505096,3.118585634957779,18.66
2018-01-10,3150,3155,9590,9470,0.3331573389651531,0.2806343357957223,0.01935683589825471,2.7134085056828168,15.77
2018-01-09,3145,3135,9570,9560,0.32792887029288703,0.2797008374514531,0.018469213322453378,2.6112662190545066,14.71
2018-01-05,3055,3115,9750,9620,0.3238045738045738,0.27878086239675814,0.017748376543823524,2.536779141272163,13.9
2018-01-04,3070,3050,9680,9650,0.3160621761658031,0.2778818560907045,0.017142327205551977,2.2272541888439146,12.08
2017-12-29,2992,2988,9730,9620,0.3106029106029106,0.2770228452569786,0.016818719814090093,1.9965886653156488,10.81
2017-12-28,3000,3015,9700,9770,0.3085977482088025,0.27628961121671625,0.01653511481333845,1.9539106535882107,10.47
2017-12-27,2940,2999,9700,9690,0.3094943240454076,0.27563699200855235,0.016209801843705608,2.0886949984525764,10.94
2017-12-26,2929,2903,9800,9680,0.299896694214876,0.27498069805098324,0.015817406901533874,1.5752263515125595,8.31
2017-12-25,2915,2920,9720,9700,0.30103092783505153,0.27449737944468006,0.015601019222224859,1.7007573679912131,8.81
2017-12-22,2892,2905,9710,9710,0.29917610710607623,0.27409460203498565,0.015297796131506312,1.6395502238021333,8.38
2017-12-21,2830,2874,9730,9710,0.29598352214212154,0.27363177181222464,0.015055141435407858,1.4846589403224268,7.55
2017-12-20,2767,2797,9750,9750,0.28687179487179487,0.27316898498104863,0.014893548751370453,0.9200500243090386,4.78
2017-12-19,2788,2767,9850,9770,0.2832139201637666,0.27282587590090984,0.0148703141069797,0.6985759808517378,3.67
2017-12-18,2828,2783,9950,9910,0.2808274470232089,0.2725908911268836,0.014843527129043924,0.5548920970548183,2.93
2017-12-15,2817,2825,9990,9880,0.2859311740890688,0.27244416826421725,0.014815746953669566,0.9103156166899239,4.72
2017-12-14,2767,2815,10020,9940,0.28319919517102615,0.27233111566702123,0.014744580752317049,0.7370897610837155,3.84
2017-12-13,2796,2792,10040,10000,0.2792,0.27233974178268955,0.014751124245761077,0.4650668046052041,2.46
2017-12-12,2724,2796,10440,10180,0.27465618860510804,0.2723968600622595,0.014785830502516664,0.15280362793716548,0.82
2017-12-11,2739,2701,10490,10480,0.2577290076335878,0.27249846879375156,0.014827134564811191,-0.9961102798119664,-5.73
2017-12-08,2652,2733,10250,10490,0.2605338417540515,0.2728461925607096,0.014782422284655108,-0.8329048223334098,-4.73
2017-12-07,2689,2656,10010,10250,0.2591219512195122,0.2731467404759958,0.014758165723482528,-0.9503070719803601,-5.41
2017-12-06,2727,2696,10000,10090,0.267195242814668,0.27343094886557007,0.014690433493552615,-0.42447393085022406,-2.33
2017-12-05,2650,2716,10050,10060,0.2699801192842942,0.27361834562804116,0.014699334421137428,-0.2475095973403548,-1.35
2017-12-04,2667,2688,10140,10100,0.26613861386138615,0.27376640389466667,0.014717855345658844,-0.5182677675610118,-2.87
2017-12-01,2597,2646,10220,10150,0.26068965517241377,0.2739636021339385,0.014713413649451449,-0.9021663685788929,-5.09
2017-11-30,2549,2573,10130,10180,0.25275049115913556,0.2742607539363476,0.014667308104161832,-1.4665446873041759,-8.51
2017-11-29,2546,2533,10020,10140,0.24980276134122287,0.2747541703495736,0.014557435063034677,-1.7139976170465099,-9.99
2017-11-28,2532,2530,9750,9870,0.2563323201621074,0.27528649243936293,0.01436397183859649,-1.3195634529389026,-7.39
2017-11-27,2581,2572,9730,9690,0.2654282765737874,0.2757475160493227,0.01430297906128158,-0.7214748362087465,-3.89
2017-11-24,2575,2556,9600,9720,0.26296296296296295,0.27600813566133553,0.014290650395659365,-0.9128466750774975,-4.96
2017-11-22,2529,2554,9880,9620,0.2654885654885655,0.27627444295566456,0.014231046623182473,-0.7579117511658497,-4.06
2017-11-21,2452,2490,9780,9810,0.25382262996941896,0.2765763462575679,0.014239202176474597,-1.5979628638001677,-8.96
2017-11-20,2398,2425,9500,9630,0.2518172377985462,0.27704539471427564,0.014060233470843576,-1.7942914652195898,-10.02
2017-11-17,2410,2397,9390,9470,0.25311510031678985,0.27747991075154915,0.013774527125280885,-1.7688309887634317,-9.63
2017-11-16,2405,2401,9080,9340,0.2570663811563169,0.27796344982697124,0.013545363209461323,-1.5427470158982448,-8.13
2017-11-15,2463,2422,9090,9110,0.26586169045005487,0.27843564745165394,0.013425408606740531,-0.9365790919232089,-4.73
2017-11-14,2507,2529,9050,9240,0.2737012987012987,0.2788100168315118,0.013460990576417788,-0.3795202218745329,-1.87
2017-11-13,2578,2540,8750,9010,0.28190899001109876,0.27913691724238165,0.013629604183732878,0.20338615350441444,0.98
2017-11-10,2554,2560,8520,8770,0.2919042189281642,0.2791989012281633,0.013652621269042178,0.930613795667991,4.35
2017-11-09,2590,2604,8700,8580,0.3034965034965035,0.2791049259102893,0.013588951970043568,1.7949564940684666,8.04
2017-11-08,2575,2610,8640,8700,0.3,0.2789088516235349,0.013339394011971843,1.5811174298874593,7.03
2017-11-07,2471,2589,8720,8690,0.29792865362485615,0.27877770408255126,0.013178774762848405,1.4531661620238276,6.43
2017-11-06,2419,2442,8850,8850,0.2759322033898305,0.2786624648913627,0.013047948100990532,-0.2092483416089729,-0.99
2017-11-02,2377,2393,8830,8850,0.2703954802259887,0.278950680674122,0.013222034552385365,-0.6470411504551592,-3.16
2017-11-01,2357,2374,8690,8830,0.26885617214043034,0.27930406393519147,0.013342292471635011,-0.7830657150540496,-3.89
2017-10-31,2325,2329,8620,8670,0.26862745098039215,0.27958461761611525,0.013340875032018473,-0.8213229349218546,-4.08
2017-10-30,2345,2320,8690,8670,0.2675893886966551,0.27994757888363136,0.013407972169049634,-0.9217046419221658,-4.62
2017-10-27,2311,2334,8730,8740,0.26704805491990846,0.28032294617412756,0.01345074873601749,-0.9869258221047955,-4.97
2017-10-26,2290,2305,8700,8730,0.26403207331042383,0.2807035073441535,0.013473529929824004,-1.2373471629603927,-6.31
2017-10-25,2326,2300,8750,8720,0.26376146788990823,0.2811848226194045,0.01351409420635998,-1.2892728482902311,-6.61
2017-10-24,2299,2319,8690,8740,0.26533180778032034,0.2815630961101448,0.013417819401507602,-1.2096815320081546,-6.12
2017-10-23,2309,2299,8710,8630,0.266396292004635,0.2820474757526822,0.013478717128605953,-1.1611775511506657,-5.88
2017-10-20,2295,2291,8650,8710,0.26303099885189435,0.2825040069568273,0.013520667242924753,-1.4402401712181045,-7.4
2017-10-19,2307,2311,8680,8690,0.26593785960874566,0.2829211693963778,0.013395500760812393,-1.2678368723113078,-6.39
2017-10-18,2314,2315,8610,8640,0.2679398148148148,0.2833651141545958,0.013377016561847638,-1.1531195516177515,-5.76
2017-10-17,2333,2310,8670,8660,0.26674364896073904,0.2837536662007198,0.013346515953736387,-1.2744912079634352,-6.38
2017-10-16,2330,2336,8590,8620,0.27099767981438516,0.28424531849536905,0.013389954687037835,-0.9893714348270559,-4.89
2017-10-13,2300,2302,8310,8480,0.2714622641509434,0.284521045101627,0.01332708878771127,-0.9798674833415203,-4.81
2017-10-12,2335,2310,8120,8270,0.279322853688029,0.2847252258281451,0.013242493560642755,-0.4079573167528017,-1.93
2017-10-11,2340,2333,8090,8040,0.29017412935323383,0.28473226439588684,0.013239760263893372,0.4110244331377891,1.88
2017-10-10,2362,2330,7960,8050,0.2894409937888199,0.2844783795367881,0.013315325539159692,0.37269943100053887,1.71
2017-10-06,2396,2396,8200,7980,0.30025062656641605,0.2842805419476462,0.013350305224937966,1.196233670293787,5.32
2017-10-05,2360,2389,8100,8120,0.29421182266009854,0.28402229829930964,0.013225632220339156,0.7704376010939464,3.46
2017-10-04,2375,2369,8120,8080,0.2931930693069307,0.2838288712911479,0.013181203501891222,0.7104205632239265,3.19
2017-10-03,2396,2395,8190,8110,0.29531442663378543,0.2836572541294317,0.013141898375132247,0.8870234856184857,3.95
2017-10-02,2399,2426,8160,8090,0.29987639060568605,0.2834105259869935,0.013094346921866555,1.2574788736653837,5.49
2017-09-29,2445,2431,8030,8080,0.30086633663366336,0.28314947274917796,0.012957931835211451,1.3672601546137315,5.89
2017-09-28,2434,2460,7980,8040,0.30597014925373134,0.2828127581953696,0.01282056241846357,1.8062695147454333,7.57
2017-09-27,2377,2411,8070,8050,0.2995031055900621,0.2823744338465975,0.012581073618163343,1.361463438123109,5.72
2017-09-26,2364,2394,8090,8140,0.2941031941031941,0.2819807323080111,0.012500652433248105,0.9697463280349092,4.12
2017-09-25,2328,2321,8150,8090,0.2868974042027194,0.28171785311866127,0.012450165864111424,0.41602265709476327,1.81
2017-09-22,2268,2308,8060,8070,0.28599752168525405,0.2815762526927953,0.012450844434418575,0.3550979225342175,1.55
2017-09-21,2250,2282,8150,8100,0.2817283950617284,0.28130222794293414,0.012576051867431867,0.033887194748132975,0.15
2017-09-20,2210,2228,8200,8150,0.27337423312883435,0.2811491013746314,0.012639687446831112,-0.6151155460530214,-2.84
2017-09-19,2152,2210,8170,8220,0.2688564476885645,0.28136331431374484,0.01264224646019305,-0.9892914732014626,-4.65
2017-09-15,2126,2142,8280,8140,0.26314496314496316,0.28149512352276107,0.012562444291101186,-1.460715761406126,-6.97
2017-09-14,2136,2131,8240,8230,0.2589307411907655,0.2817312763231456,0.012380426720640778,-1.8416598754521785,-8.81
2017-09-13,2088,2110,8260,8230,0.25637910085054677,0.2820759314301199,0.012097461411362686,-2.124150654899966,-10.02
2017-09-12,2096,2076,8170,8250,0.25163636363636366,0.2824199859114601,0.011722883226355438,-2.6259429255329083,-12.23
2017-09-11,2081,2073,8020,8110,0.2556103575832306,0.28287799787826184,0.011169189923179515,-2.4413265852380657,-10.67
2017-09-08,2097,2085,8020,8030,0.25965130759651306,0.2833438487086123,0.010742660541411833,-2.205463071346894,-9.12
2017-09-07,2105,2103,7960,8080,0.2602722772277228,0.28376031228665033,0.010416587545586943,-2.254868492789504,-9.02
2017-09-06,2113,2096,7740,7950,0.26364779874213834,0.28420305873520824,0.010110025459590933,-2.033156105810795,-7.8
2017-09-05,2115,2107,8000,7780,0.27082262210796915,0.2846842825297575,0.00997827157189774,-1.3891845217790628,-5.12
2017-09-04,2135,2121,8150,8020,0.2644638403990025,0.2850110574256461,0.009920104530262682,-2.071270213329042,-7.77
2017-09-01,2134,2132,8140,8160,0.2612745098039216,0.28535188055962696,0.009643568340023898,-2.4967283796576183,-9.22
2017-08-31,2130,2110,8030,8080,0.26113861386138615,0.2859120800780308,0.009446961752660502,-2.622373929868811,-9.49
2017-08-30,2137,2138,7970,8050,0.26559006211180125,0.286616898559879,0.009543815038684414,-2.203189852574534,-7.92
2017-08-29,2150,2137,7790,7920,0.2698232323232323,0.2873328531698546,0.009945230956522113,-1.7606047484638265,-6.49
2017-08-28,2193,2178,7820,7850,0.2774522292993631,,,,
2017-08-25,2200,2214,7690,7800,0.28384615384615386,,,,
2017-08-24,2198,2197,7670,7750,0.2834838709677419,,,,
2017-08-23,2195,2182,7760,7730,0.28227684346701165,,,,
2017-08-22,2186,2191,7720,7720,0.2838082901554404,,,,
2017-08-21,2200,2191,7900,7740,0.2830749354005168,,,,
2017-08-18,2195,2179,7740,7770,0.28043758043758044,,,,
2017-08-17,2225,2205,7890,7840,0.28125,,,,
2017-08-16,2247,2229,8000,7930,0.2810844892812106,,,,
2017-08-15,2238,2239,7950,7970,0.28092848180677543,,,,
2017-08-14,2225,2244,7850,7930,0.28297604035308954,,,,
2017-08-10,2235,2263,7760,7810,0.28975672215108833,,,,
2017-08-09,2229,2228,7690,7690,0.2897269180754226,,,,
2017-08-08,2257,2240,7620,7700,0.2909090909090909,,,,
2017-08-07,2277,2257,7990,7920,0.2849747474747475,,,,
2017-08-04,2262,2255,7940,7970,0.28293601003764113,,,,
2017-08-03,2289,2282,7890,7920,0.2881313131313131,,,,
2017-08-02,2293,2286,8070,7910,0.28900126422250316,,,,
2017-08-01,2314,2298,7890,8080,0.2844059405940594,,,,
2017-07-31,2328,2289,7980,7910,0.28938053097345134,,,,
2017-07-28,2337,2334,7930,7980,0.2924812030075188,,,,
2017-07-27,2354,2328,7860,7920,0.29393939393939394,,,,
2017-07-26,2310,2344,7950,7860,0.29821882951653944,,,,
2017-07-25,2281,2281,7930,7960,0.2865577889447236,,,,
2017-07-24,2274,2276,7940,7990,0.2848560700876095,,,,
2017-07-21,2287,2293,7930,7940,0.28879093198992445,,,,
2017-07-20,2300,2301,7860,7930,0.2901639344262295,,,,
2017-07-19,2295,2268,7750,7840,0.2892857142857143,,,,
2017-07-18,2312,2306,7740,7750,0.29754838709677417,,,,
2017-07-14,2271,2298,7830,7740,0.29689922480620157,,,,
2017-07-13,2304,2267,7770,7820,0.28989769820971867,,,,
2017-07-12,2300,2281,7750,7710,0.2958495460440986,,,,
2017-07-11,2283,2292,7710,7750,0.29574193548387095,,,,
2017-07-10,2300,2279,7730,7710,0.29559014267185474,,,,
2017-07-07,2295,2296,7810,7650,0.30013071895424837,,,,
2017-07-06,2325,2302,7830,7880,0.2921319796954315,,,,
2017-07-05,2363,2362,7830,7830,0.3016602809706258,,,,
2017-07-04,2378,2363,7930,7860,0.3006361323155216,,,,
2017-07-03,2355,2331,7890,7920,0.2943181818181818,,,,
2017-06-30,2339,2343,7810,7830,0.2992337164750958,,,,
2017-06-29,2375,2341,7740,7880,0.29708121827411166,,,,
2017-06-28,2300,2350,7860,7740,0.30361757105943155,,,,
2017-06-27,2290,2313,7920,7930,0.29167717528373266,,,,
2017-06-26,2267,2277,8020,7940,0.2867758186397985,,,,
2017-06-23,2247,2250,8240,8040,0.2798507462686567,,,,
2017-06-22,2227,2226,8230,8210,0.2711327649208283,,,,
2017-06-21,2261,2249,8140,8190,0.2746031746031746,,,,
2017-06-20,2284,2292,8160,8160,0.28088235294117647,,,,
2017-06-19,2288,2274,8090,8130,0.27970479704797047,,,,
2017-06-16,2256,2265,8190,8080,0.28032178217821785,,,,
2017-06-15,2250,2256,8140,8150,0.27680981595092025,,,,
2017-06-14,2262,2262,8150,8070,0.28029739776951673,,,,
2017-06-13,2250,2249,8100,8160,0.27561274509803924,,,,
2017-06-12,2228,2223,8130,8140,0.2730958230958231,,,,
2017-06-09,2235,2203,8190,8160,0.2699754901960784,,,,
2017-06-08,2239,2239,8170,8160,0.2743872549019608,,,,
2017-06-07,2222,2271,8260,8220,0.2762773722627737,,,,
2017-06-06,2216,2174,8370,8190,0.26544566544566545,,,,
2017-06-05,2226,2216,7870,8200,0.2702439024390244,,,,
2017-06-02,2230,2275,8000,7860,0.28944020356234096,,,,
2017-06-01,2220,2216,7950,7950,0.2787421383647799,,,,
2017-05-31,2240,2230,7800,7940,0.28085642317380355,,,,
2017-05-30,2241,2264,8010,7950,0.2847798742138365,,,,
2017-05-29,2240,2249,7840,7970,0.2821831869510665,,,,
2017-05-26,2252,2245,7800,7850,0.2859872611464968,,,,
2017-05-25,2290,2275,7810,7830,0.2905491698595147,,,,
2017-05-24,2315,2298,7900,7900,0.2908860759493671,,,,
2017-05-23,2290,2295,7680,7820,0.29347826086956524,,,,
2017-05-22,2321,2302,7680,7680,0.29973958333333334,,,,
2017-05-19,2278,2277,7790,7710,0.2953307392996109,,,,
2017-05-18,2285,2268,7560,7820,0.29002557544757035,,,,
2017-05-17,2343,2305,7450,7600,0.30328947368421055,,,,
2017-05-16,2435,2355,7560,7500,0.314,,,,
2017-05-15,2468,2417,7260,7570,0.31928665785997357,,,,
