DATE,OPEN_1969,CLOSE_1969,OPEN_7267,CLOSE_7267,saya_divide,saya_divide_mean,saya_divide_std,saya_divide_sigma,deviation_rate(%)
2020-06-12,1835,1843,2780.0,2815.5,0.6545906588527792,0.6594274331454145,0.037642913441454755,-0.12849096550823114,-0.74
2020-06-11,1815,1837,2919.0,2867.0,0.6407394489012905,0.6588547697953265,0.03803677725870639,-0.4762580376046321,-2.83
2020-06-10,1825,1815,2965.0,3039.0,0.5972359328726555,0.6586118572553541,0.038209472419854555,-1.6063012780780026,-10.28
2020-06-09,1850,1828,3040.0,3026.0,0.6040978189028421,0.6589120638518745,0.037812458845110274,-1.449634502045104,-9.07
2020-06-08,1850,1845,3084.0,3040.0,0.6069078947368421,0.6592573359934272,0.03742662329758137,-1.3987219963807962,-8.63
2020-06-05,1852,1831,2943.0,3026.0,0.6050892267019167,0.6596652307302694,0.03701834665322193,-1.4742960980836415,-9.02
2020-06-04,1849,1842,2947.5,2916.0,0.6316872427983539,0.6599321005428326,0.03669467067265453,-0.76972642693663,-4.47
2020-06-03,1850,1838,2895.0,2897.5,0.6343399482312339,0.6598575868434973,0.036757570417708656,-0.6942145066250028,-4.02
2020-06-02,1813,1826,2828.0,2824.5,0.6464861037351743,0.6598138502541648,0.03678984432935922,-0.36226699954679104,-2.06
2020-06-01,1820,1799,2800.0,2794.5,0.6437645374843443,0.6603908859313967,0.03691546109814214,-0.4503898353822601,-2.58
2020-05-29,1791,1830,2812.0,2784.0,0.6573275862068966,0.660746185231855,0.03688194937931937,-0.09269030196314244,-0.52
2020-05-28,1800,1811,2861.5,2898.0,0.6249137336093857,0.6610423064762522,0.03694242069743548,-0.9779698293938399,-5.78
2020-05-27,1741,1789,2793.5,2811.5,0.6363151342699627,0.6618664067363269,0.03681646053133529,-0.6940176241172612,-4.02
2020-05-26,1705,1730,2680.0,2743.5,0.6305813741570986,0.6624134679228657,0.036737473605077856,-0.8664747638326248,-5.05
2020-05-25,1700,1693,2564.0,2630.0,0.6437262357414448,0.6630390378263686,0.03658926833569619,-0.5278269548255055,-3.0
2020-05-22,1708,1670,2590.0,2523.0,0.6619104240982957,0.6633636236889973,0.03652442436201723,-0.039787063481082054,-0.22
2020-05-21,1720,1712,2584.0,2556.5,0.6696655583805985,0.6633856965873249,0.03652403970090508,0.17193776604940933,0.94
2020-05-20,1702,1716,2558.5,2574.0,0.6666666666666666,0.6634424314611926,0.036537053042142456,0.08824562839687983,0.48
2020-05-19,1726,1702,2590.0,2579.0,0.6599457153935634,0.6633401199072405,0.036538624746661016,-0.0928990769962492,-0.51
2020-05-18,1693,1678,2470.0,2487.5,0.674572864321608,0.6633366552203176,0.03653895876698285,0.3075131169704711,1.67
2020-05-15,1675,1658,2466.0,2453.0,0.6759070525886669,0.6629711054896221,0.03656185293674944,0.35380994287744255,1.91
2020-05-14,1690,1669,2450.0,2414.0,0.6913835956917979,0.6626058761415752,0.036567621721841845,0.7869726877270158,4.16
2020-05-13,1655,1684,2459.5,2522.0,0.6677240285487708,0.6618630848645854,0.03654131849689227,0.16039223337504319,0.88
2020-05-12,1712,1682,2550.0,2523.0,0.6666666666666666,0.6613358316724546,0.03673770887896878,0.14510526532218762,0.8
2020-05-11,1720,1714,2579.5,2614.0,0.6557000765110941,0.6607459511741073,0.037001609541239294,-0.13636905868620233,-0.77
2020-05-08,1692,1701,2424.0,2538.0,0.6702127659574468,0.6603923010195454,0.03717449557567768,0.26417211009385505,1.47
2020-05-07,1664,1677,2382.5,2401.0,0.6984589754269055,0.6598206833317,0.03734829688461856,1.0345395993443074,5.53
2020-05-01,1714,1704,2543.5,2456.0,0.6938110749185668,0.6588184586929566,0.03730651948747531,0.9379759008973746,5.04
2020-04-30,1740,1710,2589.5,2610.5,0.6550469258762689,0.6579772304173539,0.03721921614865925,-0.0787309579379888,-0.45
2020-04-28,1664,1708,2495.0,2483.0,0.6878775674587193,0.6577146782332416,0.03730830814295458,0.8084764688310793,4.38
2020-04-27,1675,1661,2438.5,2533.5,0.6556147621866982,0.6570073968094473,0.03723252385933896,-0.03740371262529297,-0.21
2020-04-24,1690,1641,2400.5,2446.5,0.6707541385652973,0.6566612481080566,0.03736430851234521,0.3771751978919778,2.1
2020-04-23,1627,1659,2400.0,2435.0,0.6813141683778234,0.6562313281671815,0.03738517656575973,0.6709300988995386,3.68
2020-04-22,1617,1627,2354.5,2343.0,0.694408877507469,0.6555799670493891,0.03736805493742097,1.0390936997685691,5.59
2020-04-21,1588,1625,2429.5,2387.5,0.680628272251309,0.6547337285337659,0.03719741043381215,0.6961383444586545,3.8
2020-04-20,1668,1613,2433.0,2451.5,0.6579645115235571,0.6540015662956431,0.037220933397642,0.10647087179616563,0.6
2020-04-17,1705,1671,2330.0,2469.5,0.6766551933589795,0.6535791774359118,0.037353080046667805,0.6177808066761098,3.41
2020-04-16,1637,1699,2289.5,2280.0,0.7451754385964913,0.6528691286514834,0.037413779831839626,2.46717413637138,12.39
2020-04-15,1703,1655,2370.5,2371.0,0.6980177140447069,0.651268379295316,0.035970680810488556,1.2996510962828218,6.7
2020-04-14,1742,1715,2334.5,2390.5,0.7174231332357247,0.6502811399534791,0.03568904293153105,1.8813055147221678,9.36
2020-04-13,1735,1734,2375.0,2336.5,0.7421356730151937,0.6490662200655052,0.034925488460226826,2.6648003235710234,12.54
2020-04-10,1705,1757,2406.5,2412.5,0.7282901554404145,0.647485543167441,0.03332350815188599,2.424853106841942,11.1
2020-04-09,1671,1689,2416.0,2418.5,0.6983667562538763,0.6460593521434742,0.03210121667534683,1.629452386163709,7.49
2020-04-08,1661,1687,2380.0,2424.5,0.6958135698082079,0.6450073088057745,0.03165962166024129,1.6047652605475304,7.3
2020-04-07,1662,1652,2350.5,2355.5,0.7013372956909361,0.6439922389171178,0.031231954490672984,1.8361020854760672,8.18
2020-04-06,1565,1629,2170.0,2293.5,0.71026814911707,0.6430959416626543,0.030530089359174294,2.200196883283295,9.46
2020-04-03,1580,1554,2219.5,2135.5,0.7276984312807305,0.6420262501137195,0.02954747081789615,2.8994759549816216,11.77
2020-04-02,1579,1566,2278.5,2222.5,0.7046119235095613,0.6407361508811195,0.027841769835871517,2.2942425357652314,9.07
2020-04-01,1645,1597,2396.0,2296.5,0.6954060526888743,0.6396104539619069,0.026928181328559054,2.0720151148043815,8.02
2020-03-31,1712,1661,2547.5,2430.0,0.6835390946502058,0.6384766260159619,0.0263388230846302,1.7108763170416574,6.59
2020-03-30,1690,1711,2450.0,2541.0,0.6733569460842188,0.6375059481544066,0.025999524378543384,1.378909760341574,5.32
2020-03-27,1678,1750,2570.0,2565.0,0.682261208576998,0.6368056512910557,0.025730397328424425,1.7666092251023056,6.66
2020-03-26,1608,1668,2550.0,2528.0,0.6598101265822784,0.6358848952947849,0.025319616339003786,0.9449286658675701,3.63
2020-03-25,1624,1605,2395.0,2594.0,0.6187355435620663,0.6352532345004919,0.025305797101186273,-0.6527235981691831,-2.67
2020-03-24,1602,1579,2299.0,2345.0,0.6733475479744137,0.635250356934554,0.025307687392659654,1.5053604246316679,5.66
2020-03-23,1551,1588,2219.0,2217.0,0.7162832656743346,0.6345018268576657,0.024998144989428088,3.2715002993724136,11.42
2020-03-19,1542,1564,2321.5,2269.0,0.6892904363155575,0.6330656568469477,0.02329451419037272,2.4136489393647325,8.16
2020-03-18,1540,1522,2236.0,2276.0,0.6687170474516696,0.6320020609790156,0.02251099690662204,1.6309800327791621,5.49
2020-03-17,1412,1538,2151.5,2238.0,0.6872207327971404,0.6311722926752099,0.02228823142473765,2.514710075188937,8.16
2020-03-16,1481,1438,2280.0,2213.0,0.64979665612291,0.630168937730836,0.02141937594064438,0.9163534197478361,3.02
2020-03-13,1538,1488,2237.5,2290.0,0.6497816593886463,0.6297249844643225,0.021352917353576653,0.9392943639602626,3.09
2020-03-12,1558,1515,2460.0,2437.5,0.6215384615384615,0.6292975377595804,0.021267847822920974,-0.36482658168903914,-1.25
2020-03-11,1587,1574,2532.5,2508.0,0.6275917065390749,0.6291447977533624,0.021363941055488903,-0.07269684981125976,-0.25
2020-03-10,1567,1598,2492.5,2542.5,0.6285152409046214,0.6288774257016515,0.021506710162876926,-0.016840548567733486,-0.06
2020-03-09,1598,1577,2564.0,2496.5,0.6316843581013418,0.6286580690504364,0.0215930118443532,0.14015131713535425,0.48
2020-03-06,1676,1638,2743.0,2687.5,0.6094883720930232,0.6283570933678194,0.021705756665861102,-0.8692957156602155,-3.1
2020-03-05,1722,1700,2807.0,2809.0,0.6051975792096832,0.6281541300935013,0.02195102617317134,-1.0458076402767773,-3.79
2020-03-04,1674,1693,2724.5,2741.5,0.6175451395221594,0.6280996943207418,0.022012863193553583,-0.4794721479790615,-1.71
2020-03-03,1714,1689,2819.0,2763.0,0.6112920738327905,0.6279507325729111,0.02212131610936128,-0.7530591153693169,-2.73
2020-03-02,1642,1699,2725.0,2796.5,0.6075451457178617,0.6284980882551406,0.022210053429542475,-0.9433990153940212,-3.45
2020-02-28,1684,1668,2832.0,2799.5,0.5958206822646901,0.6291964246002252,0.0223631375456737,-1.4924445314245205,-5.6
2020-02-27,1753,1724,2911.5,2924.0,0.5896032831737346,0.6300501253021089,0.02229474586786337,-1.8141871797101852,-6.86
2020-02-26,1764,1774,2893.5,2945.5,0.6022746562553047,0.6310967561348862,0.022213782672058233,-1.2974872539756859,-4.79
2020-02-25,1784,1789,2902.0,2935.0,0.6095400340715502,0.6318981530011071,0.02224369108108156,-1.0051442832962474,-3.67
2020-02-21,1855,1860,3054.0,3039.0,0.6120434353405726,0.6326900551980773,0.022489485955388647,-0.9180565486672508,-3.37
2020-02-20,1855,1860,3019.0,3041.0,0.6116409075961855,0.6333201451823639,0.02256407570694002,-0.960785536608997,-3.54
2020-02-19,1850,1852,2977.0,2975.0,0.6225210084033613,0.6338897057579499,0.02254878663871297,-0.5041822221631285,-1.83
2020-02-18,1856,1845,2954.0,2977.0,0.6197514276116897,0.6343306685837583,0.02264532183195552,-0.6438080712765768,-2.35
2020-02-17,1876,1861,2938.0,2954.0,0.6299932295192958,0.6350093774017245,0.022958838404155853,-0.21848439342299947,-0.8
2020-02-14,1871,1887,2961.0,2960.0,0.6375,0.6354983565636894,0.023235664897616286,0.08614530486347055,0.31
2020-02-13,1861,1870,2958.5,2991.5,0.6251044626441584,0.6360587203685788,0.02377763617859751,-0.46069582536048803,-1.75
2020-02-12,1850,1852,2938.0,2958.0,0.6260987153482083,0.6365576153859428,0.023934582818265878,-0.43697858104101706,-1.67
2020-02-10,1900,1855,2858.0,2939.5,0.6310597040312979,0.6366996903909729,0.023903683206893157,-0.2359463314025423,-0.89
2020-02-07,1973,1971,2893.0,2857.5,0.6897637795275591,0.6367772835220763,0.02389469300512226,2.2175005970624593,7.68
2020-02-06,1949,1969,2899.0,2937.0,0.6704119850187266,0.6360370541329418,0.023088082580843515,1.4888603575208161,5.13
2020-02-05,1943,1936,2828.5,2849.0,0.6795366795366795,0.6355502596255587,0.022740452946347835,1.9342807293636233,6.47
2020-02-04,1900,1929,2770.0,2809.0,0.6867212531149876,0.6349748333191795,0.02215871963913699,2.3352621739214996,7.54
2020-02-03,1890,1903,2782.5,2809.5,0.6773447232603667,0.6344116783349097,0.021358721152737778,2.0100943599778076,6.34
2020-01-31,1900,1918,2845.5,2831.0,0.6774991169198163,0.6340667684994343,0.02086581311998119,2.08150759189878,6.41
2020-01-30,1907,1904,2885.5,2850.0,0.6680701754385965,0.6337608086634599,0.02038951431328349,1.6826966178779719,5.14
2020-01-29,1915,1926,2879.5,2902.5,0.6635658914728683,0.6334490549201272,0.020038269292137225,1.502965955475935,4.54
2020-01-28,1900,1920,2867.0,2849.0,0.6739206739206739,0.6331774322655221,0.019764388231344136,2.061447143126721,6.05
2020-01-27,1929,1918,2888.0,2910.5,0.6589933001202543,0.6327825251942248,0.019235172775725014,1.3626482710416659,3.98
2020-01-24,1942,1953,2996.5,2960.5,0.6596858638743456,0.632507894866622,0.01900464518871047,1.430069792824569,4.12
2020-01-23,1960,1946,3018.0,3007.0,0.6471566345194546,0.6320555845974986,0.018754467432683525,0.8051974803421692,2.33
2020-01-22,1927,1965,3025.0,3030.0,0.6485148514851485,0.6319361499398715,0.018686317304376907,0.8872107475876927,2.56
2020-01-21,1924,1928,3054.0,3033.0,0.6356742499175734,0.6317259049717127,0.01858704643814946,0.2124245484079081,0.62
2020-01-20,1902,1926,3059.0,3066.0,0.6281800391389433,0.6317603972337513,0.01859673920302447,-0.19252612276381048,-0.57
2020-01-17,1905,1904,3030.0,3059.0,0.6224256292906178,0.6318928218867238,0.01860613175793845,-0.5088211090446946,-1.52
2020-01-16,1900,1902,3000.0,3023.0,0.6291763149189546,0.6320131476457945,0.018573670559608714,-0.15273409301277283,-0.45
2020-01-15,1917,1909,3058.0,3043.0,0.6273414393690437,0.631939394267732,0.018595758052509605,-0.247258266412419,-0.73
2020-01-14,1936,1916,3059.0,3074.0,0.623292127521145,0.6320078111877372,0.01858815339048706,-0.4688837822401771,-1.4
2020-01-10,1952,1930,3093.0,3060.0,0.630718954248366,0.6319632718093975,0.018612969314255046,-0.06685217925323247,-0.2
2020-01-09,1949,1948,3068.0,3066.0,0.6353555120678408,0.6317959444048474,0.018679692974255372,0.1905581461054642,0.56
2020-01-08,1928,1921,3019.0,3026.0,0.6348314606741573,0.6313799984250998,0.018941292780361316,0.18221893769764214,0.54
2020-01-07,1927,1945,3030.0,3089.0,0.6296536095823891,0.6309260471749664,0.01925846020741799,-0.06607161625970004,-0.2
2020-01-06,1920,1920,3067.0,3007.0,0.6385101429996675,0.6305569133394938,0.019542541120512114,0.4069700870080722,1.25
2019-12-30,1970,1960,3100.0,3099.0,0.6324620845434011,0.6302746641618414,0.019578470539281124,0.11172580499436913,0.35
2019-12-27,1966,1978,3141.0,3135.0,0.6309409888357257,0.6302662343632845,0.019577662990827627,0.034465527001730084,0.11
2019-12-26,1953,1966,3116.0,3142.0,0.6257161043921069,0.630261393283173,0.01957754043207931,-0.23216853551318856,-0.73
2019-12-25,1944,1949,3125.0,3112.0,0.6262853470437018,0.6305947238983117,0.01970969329063193,-0.21864251214189256,-0.69
2019-12-24,1963,1950,3145.0,3128.0,0.6234015345268542,0.6310400099449726,0.01998266483561249,-0.3822550936502371,-1.23
2019-12-23,1985,1966,3168.0,3145.0,0.6251192368839428,0.6316238146894526,0.020386500632751273,-0.31906298793919136,-1.04
2019-12-20,1973,1978,3178.0,3170.0,0.62397476340694,0.6322602636928955,0.020911832216227944,-0.39621111150297655,-1.33
2019-12-19,1975,1981,3160.0,3163.0,0.6263041416376858,0.6330337908551309,0.021650960339552227,-0.31082451364299624,-1.07
2019-12-18,1990,1983,3209.0,3180.0,0.6235849056603774,0.6337572929882208,0.02231057927093492,-0.45594456353248924,-1.63
2019-12-17,2005,1987,3247.0,3198.0,0.6213258286429019,0.6343691997347036,0.02264995921961295,-0.5758673101939761,-2.1
2019-12-16,1997,1986,3206.0,3206.0,0.619463505926388,0.6350757302857021,0.023054919070861473,-0.6771754136862697,-2.52
2019-12-13,2010,1996,3178.0,3221.0,0.6196833281589569,0.6356924228796011,0.023246856324845022,-0.6886563282767222,-2.58
2019-12-12,1988,1974,3130.0,3113.0,0.6341150016061677,0.6362599296125805,0.023368322980234144,-0.0917878449483523,-0.34
2019-12-11,1980,1984,3151.0,3149.0,0.6300412829469673,0.6365880462309065,0.02350825012600701,-0.2784879031339121,-1.04
2019-12-10,1955,1978,3141.0,3135.0,0.6309409888357257,0.6369975475284946,0.0236576660938713,-0.2560082921424732,-0.96
2019-12-09,1940,1948,3170.0,3141.0,0.6201846545686087,0.6371888754261826,0.023665934562010844,-0.7185104316509655,-2.74
2019-12-06,1909,1919,3127.0,3144.0,0.6103689567430025,0.6374418610459581,0.023584082334291722,-1.1479312156060053,-4.44
2019-12-05,1905,1911,3129.0,3129.0,0.610738255033557,0.6378074385381814,0.02337315386153097,-1.1581314043021207,-4.43
2019-12-04,1895,1919,3085.0,3091.0,0.620834681332902,0.6381303864656472,0.023163296504125012,-0.7466858238275871,-2.79
2019-12-03,1878,1904,3065.0,3105.0,0.6132045088566828,0.6383532251899309,0.02307606171737853,-1.0898183858777197,-4.1
2019-12-02,1898,1901,3100.0,3104.0,0.6124355670103093,0.638654199721318,0.022892569048268103,-1.1452901007190446,-4.28
2019-11-29,1909,1897,3105.0,3067.0,0.6185197261167265,0.6386499447444484,0.02289747096817653,-0.8791459395537341,-3.25
2019-11-28,1900,1901,3120.0,3080.0,0.6172077922077922,0.6385871044777506,0.02295901504611565,-0.9311946626201397,-3.46
2019-11-27,1910,1903,3130.0,3127.0,0.6085705148704829,0.638542173457657,0.023004063802990915,-1.3028853877234194,-4.92
2019-11-26,1906,1895,3147.0,3109.0,0.6095207462206498,0.6386346303823416,0.02289710352046692,-1.2715094787280812,-4.78
2019-11-25,1908,1908,3142.0,3146.0,0.6064844246662429,0.6387695733036084,0.022754503604310354,-1.4188465368785195,-5.32
2019-11-22,1913,1902,3099.0,3108.0,0.611969111969112,0.6390260151882728,0.02249611802350924,-1.2027365428508803,-4.42
2019-11-21,1905,1913,3089.0,3103.0,0.6165001611343861,0.6391823131627526,0.022347823115353226,-1.0149602451785842,-3.68
2019-11-20,1905,1910,3116.0,3092.0,0.6177231565329884,0.6392756603348377,0.022267361359027186,-0.9678966202752165,-3.49
2019-11-19,1917,1912,3135.0,3134.0,0.6100829610721124,0.6393173698590828,0.022229849958564925,-1.3150969908236727,-4.79
2019-11-18,1923,1918,3151.0,3157.0,0.6075388026607539,0.6394333374705765,0.022099342254717633,-1.443234574233266,-5.25
2019-11-15,1913,1928,3123.0,3150.0,0.6120634920634921,0.6396281590594641,0.02188063398544348,-1.2597746031632344,-4.5
2019-11-14,1923,1912,3187.0,3139.0,0.6091111819050653,0.6396277064486703,0.0218812045119995,-1.3946455519333927,-5.01
2019-11-13,1942,1907,3202.0,3209.0,0.5942661265191649,0.6396545021031386,0.021845018263364945,-2.077744913589383,-7.64
2019-11-12,1940,1941,3174.0,3229.0,0.6011148962527099,0.6399787183021641,0.021343667078029725,-1.8208596445668446,-6.47
2019-11-11,1977,1941,3197.0,3201.0,0.6063730084348641,0.6402103436207457,0.021012342928340016,-1.6103551755879693,-5.58
2019-11-08,2008,2004,3060.0,3072.0,0.65234375,0.6404254651417091,0.020745717514873467,0.5744937406838894,1.83
2019-11-07,2000,1989,3007.0,3014.0,0.6599203715992037,0.6400333210839224,0.02079463683805993,0.9563547885040475,3.01
2019-11-06,2016,2000,3048.0,3031.0,0.6598482349059717,0.6396401798973823,0.020693417393052443,0.9765450831419442,3.06
2019-11-05,1970,2019,3028.0,3022.0,0.6681005956320317,0.6391670168757674,0.02063156501085635,1.4023937951890448,4.33
2019-11-01,1950,1957,2908.5,2954.5,0.662379421221865,0.6386046359097709,0.02040887652036595,1.1649237667918326,3.59
2019-10-31,1979,1968,2963.5,2942.0,0.6689326988443236,0.6381601583009806,0.02024862925934693,1.5197345039609604,4.6
2019-10-30,1957,1969,3006.0,2986.5,0.6593001841620626,0.637554863424975,0.019996657827980602,1.0874477587279674,3.3
2019-10-29,1950,1967,2975.0,3006.0,0.6543579507651364,0.6370937297979938,0.019888363418583264,0.8680563907541637,2.64
2019-10-28,1953,1934,2935.5,2950.0,0.655593220338983,0.6368285975864055,0.019788740079371182,0.9482474719115005,2.86
2019-10-25,1945,1962,2931.0,2925.5,0.6706545889591523,0.6366707026713505,0.01968536096719114,1.7263532197576403,5.07
2019-10-24,1961,1954,2900.0,2931.0,0.6666666666666666,0.6364766379233406,0.019419325711930037,1.5546383634102754,4.53
2019-10-23,1921,1955,2850.0,2877.0,0.6795272853667014,0.6362807000499835,0.019186465364023433,2.2540152391909354,6.36
2019-10-21,1983,1918,2910.0,2895.0,0.6625215889464594,0.6357833723160611,0.01853126496919952,1.4428705582074095,4.04
2019-10-18,1857,1852,2911.0,2908.5,0.6367543407254599,0.6355074547036291,0.018283499410859397,0.06819733978770935,0.2
2019-10-17,1854,1853,2913.0,2909.5,0.636879188864066,0.6355200898254942,0.01828468412762737,0.07432991617931464,0.21
2019-10-16,1870,1852,2925.0,2920.0,0.6342465753424658,0.6356160189718816,0.018310417956773312,-0.0747904079878878,-0.22
2019-10-15,1840,1838,2883.5,2899.5,0.633902396964994,0.63577651013624,0.018350419264160114,-0.10212917450373363,-0.3
2019-10-11,1790,1800,2800.0,2828.5,0.6363797065582464,0.6358774824556196,0.018360661217665428,0.027353268854151305,0.08
2019-10-10,1784,1782,2731.0,2765.0,0.6444846292947559,0.6357978525980573,0.018371258093399855,0.4728460431253452,1.35
2019-10-09,1763,1787,2680.0,2743.0,0.6514764855997084,0.6357417210741755,0.018351051066822287,0.8574312429428369,2.42
2019-10-08,1776,1783,2726.5,2724.0,0.6545521292217328,0.6356010193222361,0.018270145979954282,1.0372719473774061,2.9
2019-10-07,1772,1760,2740.0,2730.0,0.6446886446886447,0.6352730910270417,0.018147362324824667,0.5188386881284159,1.46
2019-10-04,1763,1772,2748.0,2755.0,0.6431941923774954,0.634978037803572,0.018171757052568127,0.4521386979891573,1.28
2019-10-03,1777,1767,2736.5,2742.5,0.644302643573382,0.6347961092325328,0.018156885752311298,0.5235773618082602,1.48
2019-10-02,1793,1799,2795.5,2818.0,0.6383960255500355,0.634670017118584,0.018123234936637596,0.20559290019019255,0.58
2019-10-01,1785,1795,2813.0,2868.5,0.6257625936900819,0.6344935211913009,0.01815052489753198,-0.4810289261885833,-1.4
2019-09-30,1775,1786,2835.5,2798.5,0.6381990351974272,0.634558687929374,0.018127820553014498,0.20081549557527043,0.57
2019-09-27,1843,1797,2855.0,2840.0,0.6327464788732394,0.6344344197769658,0.018134383639872128,-0.0930795850163382,-0.27
2019-09-26,1863,1850,2889.0,2898.5,0.6382611695704675,0.6343575122888718,0.018153599999879373,0.2150348846301359,0.61
2019-09-25,1816,1825,2812.0,2860.0,0.6381118881118881,0.6341307819149544,0.01820953405848746,0.2186275708179425,0.62
2019-09-24,1816,1805,2872.5,2858.5,0.6314500612209201,0.6338936201835398,0.018271863051607915,-0.13373343242109548,-0.39
2019-09-20,1840,1812,2906.5,2905.5,0.6236448115642746,0.633564924078054,0.01853273858899829,-0.5352750467040135,-1.59
2019-09-19,1814,1825,2910.0,2885.5,0.6324727083694334,0.6334204365156928,0.018651378980632398,-0.05081276549275801,-0.15
2019-09-18,1819,1796,2907.0,2897.0,0.619951674145668,0.6333098334303584,0.018681242633646476,-0.7150573196148772,-2.15
2019-09-17,1776,1810,2914.0,2928.0,0.6181693989071039,0.6334532163642944,0.018619331445081128,-0.8208574782757967,-2.47
2019-09-13,1752,1772,2960.0,2933.0,0.6041595635867713,0.6333197815956715,0.01876368425249343,-1.5540774197916511,-4.83
2019-09-12,1749,1760,2894.0,2929.5,0.6007851169141492,0.6334411964274419,0.018603380239651468,-1.7553841878525487,-5.44
2019-09-11,1731,1743,2825.0,2895.5,0.6019685719219479,0.633546251667624,0.018440202830933027,-1.7124366816999055,-5.25
2019-09-10,1732,1723,2753.0,2791.0,0.6173414546757434,0.6338031984361021,0.018130061125326967,-0.9079805989932543,-2.67
2019-09-09,1724,1723,2716.5,2727.0,0.6318298496516318,0.6338204856115127,0.018114968311876336,-0.10988901143016831,-0.32
2019-09-06,1728,1724,2688.0,2734.0,0.6305779078273592,0.6334963310985497,0.018363503455841566,-0.1589251897497885,-0.46
2019-09-05,1713,1727,2609.0,2654.0,0.6507159005275056,0.6332962894432992,0.018475581309942812,0.9428450879016126,2.68
2019-09-04,1707,1700,2560.0,2577.0,0.6596818005432674,0.632688332805492,0.018641824014901623,1.4480057164040283,4.09
2019-09-03,1704,1710,2534.0,2563.0,0.667186890362856,0.6321296020302681,0.01845141637251275,1.8999781710423647,5.25
2019-09-02,1713,1704,2519.0,2532.5,0.672852912142152,0.6315931888690526,0.018003807272919885,2.291722114530717,6.13
2019-08-30,1700,1721,2494.5,2523.5,0.6819893005745987,0.6310340596531161,0.017353164794986848,2.9363658746676036,7.47
2019-08-29,1667,1681,2470.0,2470.0,0.6805668016194332,0.630245087635948,0.016333741041734802,3.0808443610625846,7.39
2019-08-28,1675,1667,2482.0,2490.0,0.6694779116465863,0.629433439425986,0.015292260352968606,2.618610414439272,5.98
2019-08-27,1651,1675,2486.5,2484.0,0.6743156199677939,0.6287158370203874,0.014645400139178854,3.1135907871454878,6.76
2019-08-26,1608,1633,2415.0,2453.0,0.6657154504688138,0.627662815194828,0.01416008048301988,2.687317725320608,5.72
2019-08-23,1637,1648,2459.5,2488.5,0.6622463331324091,0.6267552586592445,0.013870428963740845,2.558758245036472,5.36
2019-08-22,1650,1631,2473.5,2476.0,0.6587237479806138,0.6256545822344273,0.014279726101332496,2.3158123280180254,5.02
2019-08-21,1629,1639,2465.0,2480.5,0.6607538802660754,0.6245414071828126,0.014899153681538277,2.4305053734786375,5.48
2019-08-20,1591,1610,2474.5,2495.0,0.6452905811623246,0.6232902074291627,0.0157230329951286,1.3992449001396974,3.41
2019-08-19,1594,1580,2462.0,2472.0,0.63915857605178,0.62226550638994,0.016728032136943717,1.009865925862953,2.64
2019-08-16,1560,1568,2430.5,2458.5,0.6377872686597519,0.6212891795883706,0.017815122328168575,0.926072174384969,2.59
2019-08-15,1545,1562,2433.5,2460.0,0.634959349593496,0.620281682882419,0.018953857499332982,0.7743894197576132,2.31
2019-08-14,1595,1591,2506.5,2495.5,0.6375475856541776,0.6193684473907336,0.019853370304206027,0.9156701348381457,2.85
2019-08-13,1716,1578,2500.5,2482.0,0.6357775987107172,0.6183516569845544,0.020825306905431797,0.8367675830802566,2.74
2019-08-09,1562,1556,2556.0,2542.0,0.6121164437450826,0.6172092002234831,0.022146376434693502,-0.22995890516980888,-0.83
2019-08-08,1551,1556,2519.5,2535.0,0.6138067061143985,0.6166480682500997,0.022792053855400028,-0.12466459379780705,-0.46
2019-08-07,1561,1557,2538.5,2536.5,0.6138379657007688,0.6162226361541278,0.023136308584085146,-0.10307048095820032,-0.39
2019-08-06,1536,1576,2516.0,2560.5,0.6155047842218316,0.6158098516504591,0.023449230741235935,-0.013009698782612598,-0.05
2019-08-05,1617,1590,2612.5,2566.0,0.6196414653156664,0.6152487181687762,0.023948052686765847,0.18342815611549548,0.71
2019-08-02,1681,1635,2675.0,2613.0,0.6257175660160735,0.6146597879394101,0.02437214099403482,0.4537056502081558,1.77
2019-08-01,1698,1698,2699.0,2722.5,0.6236914600550965,0.6139285874770679,0.024847429572139403,0.3929127779468719,1.57
2019-07-31,1704,1690,2731.5,2710.5,0.6235011990407674,0.6131953985440177,0.025354656001195162,0.40646579848150494,1.65
2019-07-30,1725,1721,2776.5,2772.0,0.6208513708513709,0.6126282431977104,0.02559241733533705,0.3213110956230901,1.32
2019-07-29,1733,1710,2777.5,2763.5,0.6187805319341415,0.6120172061506872,0.02593360094507245,0.2607939328510167,1.09
2019-07-26,1733,1733,2793.0,2785.5,0.62215042182732,0.6114532718774482,0.026238466676484908,0.40768959870123306,1.72
2019-07-25,1733,1740,2837.0,2843.0,0.6120295462539571,0.6109878106443651,0.026353962209200364,0.03952861438149511,0.17
2019-07-24,1742,1742,2840.0,2850.5,0.6111208559901772,0.6106259161584067,0.026522988730187477,0.01866078656539907,0.08
2019-07-23,1728,1741,2771.0,2814.5,0.6185823414460828,0.6104039253414103,0.02658751401082636,0.3076036406165047,1.32
2019-07-22,1749,1733,2808.0,2802.0,0.6184867951463241,0.6100893828255237,0.0266284118884143,0.3153553563760966,1.36
2019-07-19,1689,1748,2757.0,2808.0,0.6225071225071225,0.609770940191594,0.026668861132892165,0.477567536613714,2.05
2019-07-18,1749,1714,2800.0,2751.5,0.6229329456660003,0.6094022210084021,0.02668139030321938,0.5071221740632299,2.17
2019-07-17,1766,1769,2826.5,2806.0,0.6304347826086957,0.609044075240766,0.026677640560949005,0.801821559858694,3.39
2019-07-16,1782,1771,2830.0,2836.5,0.6243610082848581,0.6085055073938878,0.026648075082069875,0.5949961054274676,2.54
2019-07-12,1780,1782,2865.0,2847.0,0.6259220231822972,0.6079824839522725,0.026716610353973096,0.6714751232413297,2.87
2019-07-11,1780,1789,2830.0,2844.0,0.6290436005625879,0.6073304923594643,0.02686710434783053,0.808167040333725,3.45
2019-07-10,1790,1783,2858.5,2859.5,0.6235355831439062,0.6065982075075765,0.027013381448953034,0.6269994620383275,2.72
2019-07-09,1799,1782,2855.0,2852.5,0.624715162138475,0.6060069128213297,0.027121308835009794,0.6897989116585554,2.99
2019-07-08,1813,1800,2837.0,2837.0,0.6344730348960169,0.6052970480272731,0.027318380840358435,1.0679983941669429,4.6
2019-07-05,1837,1826,2826.5,2836.5,0.6437511017098537,0.6046133475774301,0.027221125759671744,1.4377713279737463,6.08
2019-07-04,1830,1842,2805.5,2807.5,0.6560997328584149,0.6039188149087023,0.0268760225189571,1.941541681359535,7.95
2019-07-03,1815,1819,2805.0,2790.0,0.6519713261648745,0.6030649219603614,0.02621378654570539,1.865674923355376,7.5
2019-07-02,1824,1822,2845.0,2837.0,0.6422277053225238,0.6022533737548752,0.025622645690348965,1.5601172513853778,6.22
2019-07-01,1799,1826,2800.5,2845.0,0.6418277680140597,0.6016372985173808,0.025206193370191764,1.5944680303931653,6.26
2019-06-28,1791,1776,2760.0,2785.0,0.6377019748653501,0.6009675354122338,0.024793368278228565,1.4816235955069221,5.76
2019-06-27,1770,1796,2754.0,2788.5,0.6440738748431056,0.600221087030739,0.024517383396511938,1.7886406189090132,6.81
2019-06-26,1753,1765,2723.5,2731.0,0.6462834126693519,0.5994471481734087,0.02403222744342685,1.948894025998972,7.25
2019-06-25,1773,1774,2760.0,2765.5,0.6414753209184596,0.5986527720353124,0.02344852253929422,1.8262365490783754,6.68
2019-06-24,1762,1756,2760.0,2785.5,0.6304074672410698,0.5977616800649047,0.02307108304634007,1.4150088710873892,5.18
2019-06-21,1781,1771,2770.0,2766.0,0.6402747650036154,0.597044163438576,0.022880658007243784,1.8893950318803314,6.75
2019-06-20,1780,1776,2828.0,2771.0,0.6409238542042583,0.5961729936079653,0.022458037488122754,1.992643418640662,6.98
2019-06-19,1750,1779,2804.0,2824.0,0.6299575070821529,0.5952705466151086,0.021996801386018942,1.5769092905067186,5.51
2019-06-18,1751,1722,2781.5,2766.0,0.6225596529284165,0.594530057437849,0.021750048873082167,1.2887141382591045,4.5
2019-06-17,1743,1747,2753.0,2775.0,0.6295495495495496,0.5938665953988035,0.021643588883147494,1.6486616126094573,5.67
2019-06-14,1726,1749,2755.0,2755.0,0.6348457350272232,0.5932500211061738,0.0212738026885273,1.9552552277586694,6.55
2019-06-13,1741,1722,2769.5,2754.5,0.625158831003812,0.5926983687736644,0.020717182180928374,1.5668377073031523,5.19
2019-06-12,1751,1751,2780.0,2776.5,0.6306500990455609,0.5922726721727112,0.020370938190298414,1.8839302595855325,6.09
2019-06-11,1745,1753,2770.5,2787.5,0.6288789237668161,0.591829372150805,0.019886975579592618,1.8630058385564752,5.89
2019-06-10,1704,1743,2780.0,2780.0,0.6269784172661871,0.5912761112552767,0.01942026995852164,1.8384042079314238,5.69
2019-06-07,1706,1701,2740.0,2738.0,0.6212563915266618,0.590747156451346,0.018975820624431712,1.6077952927123786,4.91
2019-06-06,1698,1700,2750.5,2740.5,0.6203247582557927,0.5905810321329121,0.018761325006617043,1.585374493133618,4.79
2019-06-05,1690,1696,2801.0,2795.0,0.6067978533094812,0.5904456285765072,0.01858195975985352,0.8800053893294485,2.69
2019-06-04,1665,1665,2659.5,2717.0,0.6128082443871917,0.58991350753221,0.01867725382227924,1.2258085194340347,3.74
2019-06-03,1652,1660,2615.5,2659.5,0.6241774769693551,0.5892133061124882,0.018789859656930946,1.860800000385834,5.6
2019-05-31,1669,1672,2700.0,2651.0,0.6307053941908713,0.5884867662218699,0.018474705733087054,2.285212472607371,6.69
2019-05-30,1670,1684,2745.5,2769.0,0.6081617912603828,0.5877307117627609,0.01788226343608552,1.1425331905352094,3.36
2019-05-29,1670,1692,2748.0,2759.0,0.6132656759695542,0.5871186950312687,0.017957861568124706,1.4560186266663573,4.26
2019-05-28,1700,1686,2762.0,2770.0,0.6086642599277978,0.5859803401529073,0.018943303324433378,1.1974637889914583,3.73
2019-05-27,1714,1714,2765.5,2759.0,0.6212395795578108,0.5848987758541265,0.019908398325054272,1.8254006731395476,5.85
2019-05-24,1691,1726,2771.0,2790.0,0.6186379928315412,0.5836998147213615,0.02038571751408107,1.7138556975513282,5.65
2019-05-23,1729,1705,2807.5,2806.5,0.607518261179405,0.5825678977753384,0.020767636091069828,1.201406038446302,4.11
2019-05-22,1716,1743,2843.5,2831.5,0.61557478368356,0.5814666286519206,0.021589055366632026,1.579881771221769,5.54
2019-05-21,1735,1714,2809.0,2832.5,0.6051191526919683,0.5803784693876983,0.021897027311857428,1.129864933349772,4.09
2019-05-20,1749,1748,2828.5,2829.5,0.6177769924014843,0.5794386411468991,0.022323492701798543,1.7173993230681308,6.21
2019-05-17,1785,1763,2814.5,2812.0,0.6269559032716927,0.5783674561657045,0.02238557016926842,2.1705253312105435,7.75
2019-05-16,1744,1759,2825.0,2788.0,0.6309182209469153,0.5773848064973006,0.021842100090640932,2.450927988950709,8.49
2019-05-15,1737,1747,2796.0,2805.0,0.6228163992869875,0.5764060099487104,0.021051742264142567,2.2045866207153764,7.45
2019-05-14,1680,1737,2781.5,2803.0,0.6196931858722797,0.5755833879737693,0.020418025166405073,2.1603361509754024,7.12
2019-05-13,1700,1734,2832.5,2816.5,0.6156577312266998,0.5747568695545282,0.01986284094572638,2.0591647380115403,6.64
2019-05-10,1681,1686,2883.5,2832.0,0.5953389830508474,0.5739375079045274,0.019421313431931087,1.1019581770990496,3.59
2019-05-09,1704,1703,2977.5,2849.5,0.5976487103000526,0.5734471022446302,0.019338909921985732,1.2514463407220493,4.05
2019-05-08,1741,1733,3054.0,2989.5,0.5796956012711155,0.5729611026162341,0.019181969898811626,0.35108483072422214,1.16
2019-05-07,1773,1770,3094.0,3077.0,0.5752356191095223,0.5730422748900775,0.01922313345300309,0.11409920369158526,0.38
2019-04-26,1748,1758,3100.0,3101.0,0.5669138987423412,0.5730890692814641,0.01923268496810816,-0.3210768828877818,-1.09
2019-04-25,1748,1765,3088.0,3105.0,0.5684380032206119,0.5735241645528805,0.01945588292328134,-0.26142022710171464,-0.89
2019-04-24,1760,1751,3172.0,3094.0,0.5659340659340659,0.5741528644898654,0.020034608778382562,-0.41023004974609517,-1.45
2019-04-23,1799,1789,3180.0,3182.0,0.5622250157133878,0.574831419239539,0.020598641797072107,-0.6120016868268976,-2.24
2019-04-22,1780,1794,3197.0,3167.0,0.5664666877170824,0.5755760023777555,0.021131893255571174,-0.43106950004451416,-1.61
2019-04-19,1799,1795,3205.0,3198.0,0.5612883051907442,0.5762169103196508,0.021570278384879623,-0.6920914446505834,-2.66
2019-04-18,1801,1768,3190.0,3214.0,0.5500933416303672,0.5768006556806045,0.021750035435795803,-1.2279204845010459,-4.86
2019-04-17,1820,1807,3162.0,3170.0,0.570031545741325,0.5772648199305643,0.021545627538757172,-0.33571889127981275,-1.27
2019-04-16,1814,1826,3091.0,3138.0,0.5818992989165074,0.5774914288146614,0.021557732604429797,0.20446816846314367,0.76
2019-04-15,1795,1818,3125.0,3119.0,0.5828791279256171,0.577780454806616,0.02175926191025672,0.23432197011231184,0.87
2019-04-12,1788,1769,3085.0,3085.0,0.573419773095624,0.5781522622553006,0.02207910201538227,-0.21434246539463142,-0.83
2019-04-11,1763,1769,3071.0,3074.0,0.5754716981132075,0.5786924865048226,0.022449273055924195,-0.14346960739404263,-0.56
2019-04-10,1770,1776,3110.0,3111.0,0.570877531340405,0.5793167982895427,0.022995454628632193,-0.36699717772180224,-1.48
2019-04-09,1814,1788,3127.0,3144.0,0.5687022900763359,0.5799478396311118,0.023401018264928682,-0.48055812902935835,-1.98
2019-04-08,1828,1819,3168.0,3131.0,0.58096454806771,0.580616052299501,0.0237827757648054,0.01465328402602915,0.06
2019-04-05,1828,1828,3150.0,3179.0,0.5750235923246304,0.581154521963595,0.02423740911761335,-0.25295317701714254,-1.07
2019-04-04,1843,1824,3150.0,3164.0,0.5764854614412137,0.5817320513802883,0.024597812770793745,-0.21329497821465296,-0.91
2019-04-03,1826,1841,3115.0,3135.0,0.5872408293460925,0.5823629760772826,0.025057710765240073,0.19466476066027483,0.83
2019-04-02,1841,1819,3113.0,3110.0,0.5848874598070739,0.5828243059569023,0.025458565096965726,0.0810396753435855,0.35
2019-04-01,1795,1828,3040.0,3075.0,0.5944715447154472,0.5833488551016637,0.025897185591520377,0.42949414616796955,1.87
2019-03-29,1783,1782,3017.0,2995.0,0.594991652754591,0.583713632579294,0.02624167425853392,0.4297751760876817,1.9
2019-03-28,1791,1785,3000.0,3002.0,0.594603597601599,0.5840035380887898,0.02648365407924894,0.4002491303160002,1.78
2019-03-27,1792,1803,3039.0,3031.0,0.5948531837677334,0.5844735731227059,0.026975873833938697,0.38477384306153034,1.74
2019-03-26,1782,1821,2987.5,3055.0,0.5960720130932897,0.5850243959649949,0.027596819596553916,0.40032211283050795,1.85
2019-03-25,1766,1748,2984.0,2962.5,0.590042194092827,0.5856063681052914,0.028275544892175368,0.15687853247217437,0.75
2019-03-22,1790,1787,3060.0,3054.0,0.5851342501637197,0.5862849576844228,0.028975894325808334,-0.03971257997300897,-0.2
2019-03-20,1766,1783,3093.0,3090.0,0.5770226537216828,0.5868659029916523,0.029380950750639807,-0.3350214686213019,-1.71
2019-03-19,1767,1766,3066.0,3076.0,0.5741222366710013,0.5875193227068599,0.029698006039708277,-0.45111062399091123,-2.33
2019-03-18,1775,1770,3065.0,3056.0,0.5791884816753927,0.5881987484049515,0.02996542574923221,-0.3006887606056991,-1.56
2019-03-15,1755,1747,3046.0,3057.0,0.571475302584233,0.5888975110099491,0.030355668080475608,-0.5739359245702759,-3.05
2019-03-14,1791,1763,3042.0,3023.0,0.5831955011577903,0.5897090889927595,0.030690851664836944,-0.21223222822558493,-1.12
2019-03-13,1800,1788,3055.0,3022.0,0.5916611515552614,0.5903173368770811,0.031006161807662483,0.04334024593293098,0.23
2019-03-12,1811,1804,3037.0,3047.0,0.592057761732852,0.5908497945548368,0.03136547379117957,0.03851263928156852,0.2
2019-03-11,1776,1781,2997.5,3013.0,0.5911052107534019,0.5914356245231648,0.03179001152130965,-0.010393634791272527,-0.06
2019-03-08,1802,1783,3025.0,2991.5,0.5960220625104463,0.5918901406292432,0.03202486155591632,0.12902231830069572,0.69
2019-03-07,1796,1802,3066.0,3046.0,0.5915955351280368,0.5923959316130083,0.03238367721193781,-0.024716046906386794,-0.14
2019-03-06,1803,1801,3099.0,3096.0,0.5817183462532299,0.5928240585831882,0.032581910120723964,-0.3408551643782972,-1.91
2019-03-05,1804,1812,3100.0,3092.0,0.5860284605433377,0.5932710659989988,0.0326563707747917,-0.22178231333813395,-1.24
2019-03-04,1823,1827,3167.0,3114.0,0.5867052023121387,0.5936109479629961,0.032711828926346574,-0.2111085157117383,-1.18
2019-03-01,1827,1813,3160.0,3155.0,0.5746434231378764,0.5939599885399925,0.03277588062612952,-0.5893530557563911,-3.36
2019-02-28,1804,1818,3153.0,3153.0,0.576593720266413,0.5942811935061333,0.03270296579802274,-0.5408522685361373,-3.07
2019-02-27,1808,1826,3154.0,3176.0,0.5749370277078085,0.594731751531105,0.03268895369193557,-0.6055477948252561,-3.44
2019-02-26,1807,1808,3140.0,3154.0,0.5732403297400127,0.595152952409615,0.032634658519269055,-0.6714524883618439,-3.82
2019-02-25,1797,1810,3159.0,3151.0,0.5744208187876865,0.5956672380161575,0.03258917735207986,-0.651947086572134,-3.7
2019-02-22,1782,1790,3089.0,3125.0,0.5728,0.5959482299993277,0.03249549375125121,-0.7123520010658848,-4.04
2019-02-21,1810,1810,3074.0,3103.0,0.5833064776023204,0.596558816070287,0.03248503465338102,-0.4079521111604356,-2.27
2019-02-20,1790,1800,3051.0,3033.0,0.5934718100890207,0.5971655393058295,0.032656344580192634,-0.11310908383325809,-0.62
2019-02-19,1798,1788,3000.0,3014.0,0.5932315859323158,0.5975190246031592,0.03275777649201867,-0.13088307968301752,-0.72
2019-02-18,1789,1794,3015.0,3003.0,0.5974025974025974,0.5980653325421948,0.03302230870317485,-0.02006931573302605,-0.11
2019-02-15,1777,1746,3011.0,2972.5,0.5873843566021867,0.5985133464913681,0.03323750989189575,-0.3348322400016793,-1.89
2019-02-14,1818,1786,3055.0,3041.0,0.587306806971391,0.5989933008908847,0.03333310080371195,-0.35059726331227525,-1.99
2019-02-13,1840,1827,2986.5,3001.0,0.6087970676441187,0.5995576051929945,0.03348836578810345,0.2759006668043036,1.52
2019-02-12,1725,1800,2926.0,2950.0,0.6101694915254238,0.5997752756124431,0.033600581973285415,0.30934630600281504,1.7
2019-02-08,1663,1659,2982.0,2926.5,0.566888774987186,0.600038734320568,0.03375814536762791,-0.9819840211118592,-5.85
2019-02-07,1725,1682,3004.0,3002.0,0.5602931379080613,0.6008065546364206,0.03365014872092618,-1.2039595148405693,-7.23
2019-02-06,1763,1729,3060.0,3035.0,0.5696869851729819,0.6014889564308494,0.03333915709584805,-0.953892480437907,-5.58
2019-02-05,1766,1753,3102.0,3054.0,0.5740013097576948,0.6022048757827554,0.03322487172166629,-0.8488690719810584,-4.91
2019-02-04,1739,1761,3105.0,3132.0,0.5622605363984674,0.6028870144210874,0.033163953137304115,-1.225019160243648,-7.23
2019-02-01,1701,1713,3247.0,3245.0,0.52788906009245,0.6037964741518739,0.03297208143725597,-2.3021723455303085,-14.38
2019-01-31,1744,1714,3288.0,3249.0,0.5275469375192366,0.6051479336021743,0.03189268452071348,-2.43319109849589,-14.71
2019-01-30,1745,1722,3287.0,3241.0,0.531317494600432,0.6063588808371541,0.030622132517153695,-2.4505604302602344,-14.12
2019-01-29,1696,1732,3237.0,3245.0,0.5337442218798151,0.6073524186722271,0.02935385454846598,-2.5076160499084703,-13.79
2019-01-28,1754,1706,3283.0,3250.0,0.5249230769230769,0.6083649384315024,0.028079419383507713,-2.971637709768122,-15.9
2019-01-25,1730,1753,3266.0,3283.0,0.53396283886689,0.6094186902558715,0.026358468097997,-2.8626796939961556,-14.13
2019-01-24,1728,1729,3188.0,3234.0,0.5346320346320347,0.6101668468583195,0.024965654166981634,-3.025549089203657,-14.13
2019-01-23,1768,1737,3218.0,3232.0,0.5374381188118812,0.6110135701861145,0.023418439358413572,-3.141774319295095,-13.69
2019-01-22,1810,1792,3265.0,3239.0,0.5532571781414016,0.6118190380911486,0.021861097525741235,-2.6788160969864805,-10.58
2019-01-21,1811,1808,3253.0,3243.0,0.5575084798026518,0.6124454065250484,0.020822534733623946,-2.6383400208085703,-9.85
2019-01-18,1791,1804,3219.0,3215.0,0.5611197511664074,0.6132018249268238,0.019819380394090282,-2.6278356197223083,-9.28
2019-01-17,1786,1788,3204.0,3206.0,0.5577043044291953,0.6136838232389168,0.01896820369754821,-2.9512293152438738,-10.04
2019-01-16,1803,1779,3203.0,3210.0,0.5542056074766355,0.6140774230603153,0.01808838950643983,-3.3099583333477116,-10.8
2019-01-15,1765,1798,3184.0,3219.0,0.5585585585585585,0.61468879514397,0.016782173061652847,-3.3446345940543725,-10.05
2019-01-11,1821,1779,3131.0,3170.0,0.561198738170347,0.615360374201597,0.015479822794788057,-3.498853749765516,-9.65
2019-01-10,1791,1813,3074.0,3095.0,0.58578352180937,0.6161927872907101,0.014167944770016648,-2.146342745893159,-5.19
2019-01-09,1865,1808,3119.0,3124.0,0.5787451984635084,0.6166094670558713,0.013719943067763737,-2.7597977925526878,-6.54
2019-01-08,1844,1849,3025.0,3084.0,0.5995460440985733,0.6171831937572893,0.013005666695965793,-1.356112690800144,-2.94
2019-01-07,1857,1840,2962.5,2989.0,0.6155904984944798,0.6175049346643355,0.012863065528189496,-0.14883203118729824,-0.31
2019-01-04,1757,1778,2800.0,2882.5,0.6168256721595837,0.6174970193430943,0.012864423726231327,-0.05218633945814981,-0.11
2018-12-28,1786,1789,2887.0,2894.5,0.6180687510796338,0.6174862467426843,0.012865319651604538,0.04527709786650025,0.09
2018-12-27,1731,1780,2881.5,2896.5,0.6145347833592266,0.6173638299040429,0.012902820945647944,-0.21925798681803205,-0.46
2018-12-26,1667,1683,2778.0,2781.5,0.6050692072622685,0.6173342384685735,0.012911816982048838,-0.949907454803371,-2.03
2018-12-25,1646,1612,2839.5,2756.0,0.5849056603773585,0.6173947897419275,0.012864719548421666,-2.525444044254742,-5.55
2018-12-21,1778,1715,2957.0,2921.5,0.5870272120486052,0.6175844461948203,0.012483557633262775,-2.4477985398004307,-5.21
2018-12-20,1859,1789,3022.0,2964.0,0.6035762483130904,0.6177140096574318,0.012213239708521664,-1.1575766693973046,-2.34
2018-12-19,1859,1861,3029.0,3047.0,0.6107646865769609,0.617629064297178,0.012332844825582213,-0.556593212458021,-1.12
2018-12-18,1888,1859,3049.0,3028.0,0.6139365918097754,0.6172527182973675,0.012951714586906886,-0.25603764392278866,-0.54
2018-12-17,1887,1898,3054.0,3050.0,0.6222950819672131,0.6167527095425549,0.013768214958891146,0.40254836528965166,0.89
2018-12-14,1926,1888,3078.0,3054.0,0.6182056319580878,0.6161743244204414,0.014419003554776096,0.1408771091517979,0.33
2018-12-13,1910,1927,3112.0,3114.0,0.6188182402055235,0.6157636666190213,0.01478914014904133,0.2065416620384242,0.49
2018-12-12,1891,1915,3067.0,3082.0,0.6213497728747567,0.6153344386138494,0.015156845438447334,0.39687244191648163,0.97
2018-12-11,1897,1868,3048.0,3021.0,0.6183382985766303,0.6148456359359372,0.015541236017176002,0.22473519074242113,0.56
2018-12-10,1897,1892,3003.0,3033.0,0.623804813715793,0.6141897777705183,0.016394503022980463,0.5864792566018696,1.54
2018-12-07,1919,1919,3111.0,3086.0,0.6218405703175632,0.6134965898297369,0.017058938419718443,0.48912659642299594,1.34
2018-12-06,1912,1922,3115.0,3079.0,0.6242286456641767,0.6127612060034145,0.01785367572633622,0.6423013297954295,1.84
2018-12-05,1947,1937,3120.0,3115.0,0.6218298555377207,0.6121250474237369,0.018278707540078567,0.5309351382040972,1.56
2018-12-04,2033,1968,3300.0,3191.0,0.6167345659667816,0.6114970041494145,0.018737916336502354,0.2795167682099204,0.85
2018-12-03,2054,2059,3250.0,3269.0,0.6298562251453044,0.6110198697052399,0.019051459390271478,0.9887093190185281,2.99
2018-11-30,1990,2037,3171.0,3202.0,0.6361648969394129,0.6104035612836382,0.01917936300138569,1.3431799405388767,4.05
2018-11-29,2030,2010,3157.0,3142.0,0.6397199236155315,0.6096638239454729,0.019241319076117543,1.5620602491522766,4.7
2018-11-28,2024,2026,3205.0,3161.0,0.6409364125276811,0.6088222693028081,0.019288559079962457,1.6649322062752778,5.01
2018-11-27,1988,2015,3198.0,3205.0,0.6287051482059283,0.6079073289074376,0.019370855329253776,1.0736655116659666,3.31
2018-11-26,1974,1977,3136.0,3158.0,0.6260291323622545,0.6070029390968087,0.019953383504090295,0.9535321797200774,3.04
2018-11-22,1993,1974,3146.0,3158.0,0.6250791640278658,0.6061493184894536,0.020483570353231575,0.9241477541255739,3.03
2018-11-21,1970,1987,3107.0,3146.0,0.6315956770502225,0.6059399296357487,0.02036893935166293,1.2595524475543785,4.06
2018-11-20,1983,2002,3148.0,3166.0,0.6323436512950095,0.6056843344151185,0.020164648702963275,1.322081890569871,4.22
2018-11-19,2011,1999,3179.0,3179.0,0.6288140924819126,0.6056306316825015,0.020098833691533244,1.1534729405307333,3.69
2018-11-16,2041,2011,3211.0,3184.0,0.6315954773869347,0.6055228383011755,0.01999562214749427,1.3039173721847135,4.13
2018-11-15,2002,2039,3220.0,3206.0,0.6359950093574548,0.6058169154928965,0.02053190846557295,1.4698143582297596,4.75
2018-11-14,2037,2015,3223.0,3223.0,0.6251939187092771,0.6060032535226454,0.020865649668336053,0.9197252657679688,3.07
2018-11-13,2002,2035,3212.0,3210.0,0.6339563862928349,0.6062815000349515,0.021255210429326467,1.3020283355886941,4.37
2018-11-12,1968,2047,3252.0,3282.0,0.6237050578915295,0.6065993135781684,0.02183687891813036,0.7833419957812204,2.74
2018-11-09,2000,2018,3266.0,3280.0,0.6152439024390244,0.6069396933893892,0.022295015220919957,0.3724693151069524,1.35
2018-11-08,2000,1996,3287.0,3264.0,0.6115196078431373,0.6073486490702003,0.022720825734295704,0.18357426009571656,0.68
2018-11-07,1995,1979,3295.0,3229.0,0.612883245586869,0.6075770606520683,0.022847363733805946,0.23224495379961357,0.87
2018-11-06,1965,1986,3234.0,3317.0,0.5987337955984323,0.6075219304597962,0.02283948069928155,-0.38477822578690746,-1.47
2018-11-05,1959,1963,3199.0,3216.0,0.6103855721393034,0.6074794290944693,0.022858752484802573,0.12713480522466333,0.48
2018-11-02,1974,1970,3258.0,3248.0,0.6065270935960592,0.6073201464759493,0.02287955898838853,-0.03466207020391672,-0.13
2018-11-01,1939,1989,3241.0,3251.0,0.6118117502306982,0.6071336100850588,0.022942209505767096,0.20390974742268916,0.76
2018-10-31,1886,1930,3135.0,3241.0,0.5954952175254551,0.6068538033545628,0.023011315053348996,-0.49360872261208144,-1.91
2018-10-30,1845,1883,2980.0,3044.0,0.6185939553219448,0.6068672270472478,0.02300497786615639,0.5097474269666088,1.9
2018-10-29,1866,1877,2999.5,2985.0,0.6288107202680067,0.6066036601239105,0.02298234209008582,0.9662661906714834,3.53
2018-10-26,1872,1846,2972.0,2977.5,0.6199832073887489,0.606134783507403,0.02288300365623802,0.6051838337914496,2.23
2018-10-25,1865,1856,2950.0,2926.5,0.6342046813599863,0.6059835670796683,0.022828397932103398,1.2362284188427828,4.45
2018-10-24,1888,1905,3060.0,3019.0,0.6310036435905929,0.6055944191596764,0.02259153930061653,1.124723025412576,4.03
2018-10-23,1913,1877,3056.0,3011.0,0.623380936565925,0.6053175531580329,0.02240491466525346,0.8062241556271375,2.9
2018-10-22,1893,1938,3054.0,3078.0,0.6296296296296297,0.605299408340918,0.022390825150609948,1.0866156617747011,3.86
2018-10-19,1909,1916,3057.0,3065.0,0.6251223491027732,0.6050746477547868,0.022229493541011117,0.9018514664313181,3.21
2018-10-18,1936,1949,3100.0,3094.0,0.629928894634777,0.6050594493284279,0.022216167299621527,1.1194300515900744,3.95
2018-10-17,1913,1934,3084.0,3097.0,0.6244752986761382,0.6050956879010402,0.022258879918149992,0.8706462699992265,3.1
2018-10-16,1866,1876,3024.0,3068.0,0.6114732724902217,0.6053292762589415,0.02255103409327707,0.2724485363228553,1.0
2018-10-15,1900,1877,3060.0,3011.0,0.623380936565925,0.6057881855973147,0.02301678624286398,0.7643443694953119,2.82
2018-10-12,1945,1933,3054.0,3092.0,0.6251617076326003,0.6058042493576349,0.023029475801781347,0.8405514064487766,3.1
2018-10-11,1969,1945,3100.0,3085.0,0.6304700162074555,0.6058474104764107,0.023068714487316237,1.0673592472863163,3.91
2018-10-10,2004,2018,3231.0,3207.0,0.6292485188649829,0.6057275988100819,0.02296361676809806,1.0242689682740742,3.74
2018-10-09,2002,1993,3264.0,3223.0,0.6183679801427242,0.6053321428569745,0.02281002498372775,0.5714959670166638,2.11
2018-10-05,2027,2015,3316.0,3326.0,0.605832832230908,0.6050887954534151,0.02276696937226116,0.03268053667254575,0.12
2018-10-04,2040,2040,3400.0,3346.0,0.6096832038254633,0.6048836333481672,0.02282858664727133,0.21024387323907118,0.79
2018-10-03,2057,2016,3428.0,3338.0,0.6039544637507489,0.6045855152648505,0.02290981003385962,-0.027545034776321753,-0.1
2018-10-02,2072,2057,3466.0,3486.0,0.5900745840504876,0.6043184292362388,0.023032048800037876,-0.6184358720934868,-2.41
2018-10-01,2050,2054,3400.0,3434.0,0.598136284216657,0.6043251097257989,0.023027988682271506,-0.26875232546498856,-1.03
2018-09-28,2061,2056,3462.0,3439.0,0.5978482116894446,0.6042024699236438,0.023085043945858644,-0.27525432696172725,-1.06
2018-09-27,2086,2045,3470.0,3407.0,0.6002348106838861,0.6040623840631433,0.023154950162384048,-0.1653025963094157,-0.64
2018-09-26,2065,2105,3452.0,3427.0,0.6142398599358039,0.6036937520885236,0.02343137798570049,0.4500848329840552,1.72
2018-09-25,2056,2100,3500.0,3516.0,0.5972696245733788,0.6031808847303805,0.023615173130208545,-0.2503161896975432,-0.99
2018-09-21,2066,2050,3443.0,3491.0,0.5872242910340877,0.6029586170362196,0.02374784164848017,-0.6625581488639767,-2.68
2018-09-20,2081,2051,3425.0,3418.0,0.6000585137507314,0.6028858449126501,0.023804241459437388,-0.1187742599039118,-0.47
2018-09-19,2066,2060,3318.0,3383.0,0.6089269878805794,0.602704956436346,0.023876475915314235,0.26059253745409783,1.02
2018-09-18,1982,2048,3192.0,3284.0,0.6236297198538368,0.6022237621844885,0.02410876678298644,0.8878910257846313,3.43
2018-09-14,1992,1985,3189.0,3217.0,0.6170345041964563,0.6016448023498534,0.024109140354655098,0.6383347402775156,2.49
2018-09-13,1949,1976,3131.0,3178.0,0.6217747010698552,0.601022356025648,0.024305609219121192,0.8538088824320171,3.34
2018-09-12,1947,1944,3155.0,3117.0,0.6236766121270453,0.6003739225235737,0.024391885791291472,0.9553459622950207,3.74
2018-09-11,1951,1952,3165.0,3174.0,0.6149968494013862,0.5995867586428794,0.024579064617124995,0.6269600165243948,2.51
2018-09-10,1920,1946,3140.0,3159.0,0.6160177271288383,0.5989940007262543,0.024735850399737153,0.6882207859231264,2.76
2018-09-07,1930,1932,3221.0,3173.0,0.6088874881815317,0.5985944199772676,0.02469965144799207,0.41672928972043793,1.69
2018-09-06,1923,1949,3188.0,3183.0,0.6123154256990261,0.5983905807597882,0.024676937639889023,0.5642857773700833,2.27
2018-09-05,1928,1941,3217.0,3184.0,0.6096105527638191,0.597923593506054,0.024740321463764297,0.4723851011751161,1.92
2018-09-04,1937,1928,3256.0,3218.0,0.5991298943443132,0.5974170793031229,0.02488432188385216,0.06883109168836646,0.29
2018-09-03,1964,1943,3278.0,3256.0,0.5967444717444718,0.5970585713778093,0.025050198144752858,-0.01253880833686334,-0.05
2018-08-31,1946,1966,3320.0,3292.0,0.5972053462940462,0.5968032829646261,0.025149464009285447,0.015986954205926968,0.07
2018-08-30,1980,1955,3408.0,3356.0,0.5825387365911799,0.5964892650650546,0.02528912741955606,-0.5516413533148141,-2.39
2018-08-29,1955,1957,3377.0,3395.0,0.5764359351988217,0.5964693346577583,0.025300700374406602,-0.7918120511478696,-3.48
2018-08-28,1970,1955,3410.0,3377.0,0.578916197808706,0.5966079391980428,0.025218914119491488,-0.7015266916533501,-3.06
2018-08-27,1930,1959,3309.0,3335.0,0.5874062968515742,0.596669260345164,0.02518138468316211,-0.36784964806894055,-1.58
2018-08-24,1945,1930,3310.0,3290.0,0.5866261398176292,0.596300604485404,0.025514485193315395,-0.37917538192420247,-1.65
2018-08-23,1928,1940,3356.0,3318.0,0.5846895720313442,0.5960469977385399,0.02570321742459639,-0.44186786111560156,-1.94
2018-08-22,1918,1926,3346.0,3384.0,0.5691489361702128,0.5958180947707918,0.025879185245220378,-1.0305254337751835,-4.69
2018-08-21,1872,1899,3315.0,3321.0,0.5718157181571816,0.5956270547770438,0.0261270493053214,-0.9113672325413527,-4.16
2018-08-20,1901,1878,3310.0,3314.0,0.5666867833433916,0.5954155743164715,0.026381879106276793,-1.0889592381705944,-5.07
2018-08-17,1905,1910,3350.0,3313.0,0.576516752188349,0.5953375496779902,0.0264752177084366,-0.7108835778768244,-3.26
2018-08-16,1890,1892,3283.0,3292.0,0.574726609963548,0.5949536087104744,0.026949910805567294,-0.750540470907532,-3.52
2018-08-15,1934,1909,3329.0,3286.0,0.5809494826536823,0.5946492280725392,0.027303242048806985,-0.501762589012959,-2.36
2018-08-14,1901,1947,3315.0,3336.0,0.5836330935251799,0.5941019005836935,0.027975551951927805,-0.37421270817115004,-1.79
2018-08-13,1924,1900,3343.0,3272.0,0.5806845965770171,0.5934746834670303,0.028720648217223928,-0.44532723611519565,-2.2
2018-08-10,1927,1942,3398.0,3368.0,0.5766033254156769,0.5929122578299606,0.02937125213107829,-0.5552685442724746,-2.83
2018-08-09,1911,1935,3420.0,3381.0,0.5723158828748891,0.5925239867337152,0.029773996284523603,-0.6787165439840599,-3.53
2018-08-08,1927,1921,3450.0,3425.0,0.5608759124087591,0.592204352184574,0.030115935536074608,-1.0402612177957375,-5.59
2018-08-07,1861,1926,3398.0,3427.0,0.5620075868106216,0.5920555470090996,0.03029738968471902,-0.9917672945149191,-5.35
2018-08-06,2089,2067,3405.0,3392.0,0.609375,0.5918224479142199,0.03059347855790029,0.5737350871219393,2.88
2018-08-03,2100,2070,3391.0,3380.0,0.6124260355029586,0.590752722512747,0.0313542218652639,0.6912406591797,3.54
2018-08-02,2130,2108,3411.0,3355.0,0.6283159463487332,0.5896027303876908,0.03211078650453929,1.2056140685177472,6.16
2018-08-01,2198,2144,3495.0,3454.0,0.6207295888824551,0.5881692607682059,0.032744037214944496,0.9943895403157127,5.25
2018-07-31,2190,2193,3394.0,3355.0,0.6536512667660208,0.5869040219838204,0.03329024110217158,2.005009353261979,10.21
2018-07-30,2208,2193,3369.0,3374.0,0.6499703615886189,0.5852114110516538,0.03308006757896777,1.9576426312423472,9.96
2018-07-27,2200,2174,3355.0,3365.0,0.6460624071322437,0.5835183601416772,0.03297158857496492,1.896907297880567,9.68
2018-07-26,2170,2199,3370.0,3343.0,0.657792402034101,0.5820300081622712,0.03263241824260576,2.321691065264431,11.52
2018-07-25,2150,2160,3305.0,3327.0,0.6492335437330928,0.5804241625337734,0.03181785781385951,2.162602573745453,10.6
2018-07-24,2067,2127,3298.0,3293.0,0.6459155784998482,0.5788973198953651,0.031221247033549365,2.146559313677233,10.38
2018-07-23,2054,2045,3248.0,3253.0,0.6286504764832462,0.5774505955244696,0.03058978937961372,1.6737572241310779,8.14
2018-07-20,2002,2004,3302.0,3292.0,0.6087484811664642,0.5762866620159887,0.030278697954717593,1.0721008941343129,5.33
2018-07-19,1989,1979,3316.0,3323.0,0.5955461931989167,0.5752723403304375,0.030448002943561734,0.6658516457075583,3.4
2018-07-18,1980,1994,3367.0,3332.0,0.5984393757503002,0.5744501215067289,0.030720824160437532,0.7808792537039011,4.01
2018-07-17,1943,1969,3283.0,3323.0,0.5925368642792658,0.5736081631908565,0.030916521060946514,0.6122519752819099,3.19
2018-07-13,1943,1945,3261.0,3292.0,0.5908262454434994,0.5727574800962517,0.03125983989571132,0.578018486579856,3.06
2018-07-12,1952,1944,3247.0,3259.0,0.5965019944768334,0.5720479384165921,0.031445059410353686,0.7776756195979552,4.1
2018-07-11,1935,1939,3241.0,3238.0,0.5988264360716492,0.5712105329878924,0.03161847851767537,0.8734102454777822,4.61
2018-07-10,1972,1943,3280.0,3273.0,0.593644974029942,0.5702558549523419,0.03185033661951509,0.734344486119789,3.94
2018-07-09,1941,1972,3227.0,3240.0,0.608641975308642,0.5692910980933691,0.03222095972559972,1.221281971437008,6.47
2018-07-06,1951,1953,3215.0,3228.0,0.6050185873605948,0.5681537227535409,0.032317253720857086,1.1407177393684849,6.09
2018-07-05,1973,1943,3195.0,3184.0,0.6102386934673367,0.5670777398300081,0.03241520728139045,1.3315032436058898,7.07
2018-07-04,1942,1983,3181.0,3188.0,0.6220200752823086,0.5659160290648354,0.03240883976458018,1.7311340555544874,9.02
2018-07-03,1996,1967,3228.0,3210.0,0.6127725856697819,0.5646247742079762,0.03207532921651043,1.5010854958589832,7.86
2018-07-02,2055,1993,3227.0,3194.0,0.623982467125861,0.5635424397956645,0.031800783223496144,1.9005829795267468,9.69
2018-06-29,2062,2058,3209.0,3253.0,0.6326467875806947,0.5623783729560288,0.0311584847088654,2.255193578289535,11.11
2018-06-28,2052,2073,3212.0,3229.0,0.6419944255187364,0.5609146434783995,0.030392245137208795,2.6677786282090796,12.63
2018-06-27,2075,2083,3287.0,3225.0,0.645891472868217,0.5594758881056718,0.029044136759229712,2.9753194415421502,13.38
2018-06-26,2069,2073,3283.0,3319.0,0.6245857185899367,0.5578361785601732,0.027552293348924953,2.422649148818241,10.69
2018-06-25,2076,2080,3351.0,3310.0,0.6283987915407855,0.5564795669243051,0.026724739532147903,2.6911104046483527,11.44
2018-06-22,2014,2077,3366.0,3342.0,0.6214841412327947,0.5549530713076893,0.025827832216520193,2.575944793483298,10.71
2018-06-21,2031,2044,3401.0,3409.0,0.5995893223819302,0.5535993581459454,0.024951089293982882,1.8432046671034743,7.67
2018-06-20,2039,2053,3430.0,3421.0,0.6001169248757673,0.5524161921401586,0.024845936999236783,1.9198604881383214,7.95
2018-06-19,2036,2027,3456.0,3433.0,0.5904456743373143,0.5510830399981623,0.02493302469059831,1.5787348236972936,6.67
2018-06-18,2063,2048,3515.0,3487.0,0.5873243475767135,0.5499680457646128,0.025017497837190542,1.4932069567951565,6.36
2018-06-15,2099,2063,3560.0,3533.0,0.5839230116048684,0.5488842850778901,0.02513603728023911,1.393963819210446,6.0
2018-06-14,2116,2093,3580.0,3544.0,0.5905756207674944,0.547958821308123,0.025106691981856,1.697427900504355,7.22
2018-06-13,2088,2119,3578.0,3598.0,0.5889382990550306,0.5470060228274952,0.02482568397104863,1.6890683163628526,7.12
2018-06-12,2048,2088,3617.0,3555.0,0.5873417721518988,0.5460775993812034,0.024540549197084656,1.6814690021524639,7.03
2018-06-11,2027,2047,3517.0,3575.0,0.5725874125874126,0.5450707410588106,0.024375453139877608,1.1288681022953162,4.81
2018-06-08,2045,2025,3536.0,3517.0,0.575774808075064,0.5444287565351881,0.024276136981873343,1.2912289777933603,5.44
2018-06-07,2058,2053,3544.0,3536.0,0.5805995475113123,0.5435655736877992,0.024297167349126268,1.5242095216850364,6.38
2018-06-06,2056,2042,3521.0,3510.0,0.5817663817663817,0.5425403742802468,0.024335045268363047,1.6119143011059436,6.74
2018-06-05,2040,2058,3526.0,3509.0,0.5864918780279282,0.5415679919573915,0.02420491896113645,1.8559816763967194,7.66
2018-06-04,2008,2033,3508.0,3549.0,0.5728374189912652,0.5406516351929435,0.023784112499830555,1.3532472064514078,5.62
2018-06-01,1957,2011,3471.0,3466.0,0.5802077322562031,0.5398806483374031,0.02366519615472987,1.7040671733768835,6.95
2018-05-31,1972,1966,3420.0,3447.0,0.570351029881056,0.5388551293425421,0.0235617089652343,1.336740920829922,5.52
2018-05-30,1965,1959,3444.0,3418.0,0.5731421884142773,0.537846541551065,0.023809616092738583,1.4824114225838652,6.16
2018-05-29,2016,1996,3534.0,3535.0,0.5646393210749646,0.5369303401499858,0.023755829322727882,1.1664076445636393,4.91
2018-05-28,2039,2018,3515.0,3537.0,0.5705400056545095,0.5362294624131682,0.023703358447183347,1.4474971265271654,6.01
2018-05-25,2076,2050,3531.0,3498.0,0.5860491709548313,0.5355155721673727,0.02346432578031783,2.1536352359140394,8.62
2018-05-24,2110,2096,3630.0,3531.0,0.5935995468705749,0.5348481127842903,0.022717470921263593,2.586178465459953,9.9
2018-05-23,2102,2110,3660.0,3655.0,0.5772913816689467,0.5341512115097854,0.021682602912590967,1.98962137216976,7.47
2018-05-22,2107,2111,3687.0,3693.0,0.5716219875440022,0.5336329441242987,0.021102025087678222,1.8002558172431418,6.65
2018-05-21,2126,2111,3690.0,3689.0,0.5722417999457847,0.5330839290886803,0.020637035795856008,1.8974561678556312,6.84
2018-05-18,2127,2140,3675.0,3705.0,0.5775978407557355,0.5325446557692444,0.020128934875130292,2.2382299543407664,7.8
2018-05-17,2122,2099,3653.0,3659.0,0.573654003826182,0.5319388677950353,0.019435666055875177,2.1463188300941574,7.27
2018-05-16,2132,2115,3620.0,3640.0,0.5810439560439561,0.5314202001708757,0.018824976115893476,2.636059433360146,8.54
2018-05-15,2137,2139,3631.0,3645.0,0.5868312757201646,0.5307669217183983,0.01791995109862382,3.1285997206806972,9.55
2018-05-14,2050,2138,3600.0,3664.0,0.5835152838427947,0.5298789969759893,0.01673036637291167,3.2059242261214655,9.19
2018-05-11,2006,2028,3566.0,3623.0,0.5597571073695832,0.5291239188195594,0.015527284547308598,1.9728619293792418,5.47
2018-05-10,2026,2015,3571.0,3550.0,0.5676056338028169,0.5286818913375029,0.015115352355500286,2.5751131399295626,6.86
2018-05-09,2026,2013,3600.0,3547.0,0.5675218494502396,0.5281040098334082,0.014429114164582573,2.7318267197293165,6.95
2018-05-08,2012,2014,3629.0,3630.0,0.5548209366391185,0.5274641481333485,0.013713231037205956,1.9949192448918178,4.93
2018-05-07,2034,2012,3670.0,3619.0,0.555954683614258,0.527055756000806,0.01334354289517186,2.1657612105334203,5.2
2018-05-02,2043,2042,3740.0,3641.0,0.5608349354572919,0.526659689366063,0.012913815262647973,2.6464097089941863,6.09
2018-05-01,2045,2043,3800.0,3730.0,0.5477211796246649,0.5262853848502883,0.012310581350109078,1.7412495937234267,3.91
2018-04-27,2060,2079,3827.0,3767.0,0.5518980621183966,0.5260200247934282,0.012057561393615055,2.1462082157567806,4.69
2018-04-26,2045,2050,3794.0,3797.0,0.5398999209902554,0.5255393296827191,0.011730511972931509,1.2242084011911656,2.66
2018-04-25,1991,2031,3721.0,3785.0,0.5365918097754293,0.5255260339780776,0.011714782293857072,0.9445993548812504,2.06
2018-04-24,2018,2014,3725.0,3740.0,0.5385026737967914,0.5253415502937304,0.011647821556773583,1.1299214568931442,2.44
2018-04-23,2022,2012,3682.0,3675.0,0.5474829931972789,0.5252028258991693,0.011551809343339135,1.9287166742373978,4.07
2018-04-20,2024,2019,3698.0,3682.0,0.5483432916892993,0.5250323466320267,0.011313636076794571,2.0604291051119934,4.25
2018-04-19,2030,2029,3730.0,3691.0,0.5497155242481713,0.5247981849983974,0.01100630941574745,2.2639141158545875,4.53
2018-04-18,2000,2024,3735.0,3717.0,0.5445251546946462,0.5245512291851441,0.010646357792779101,1.8761275826226218,3.67
2018-04-17,1996,1988,3775.0,3757.0,0.5291455948895395,0.5242815161251063,0.010390073006647493,0.46814673595856116,0.92
2018-04-16,1973,1990,3773.0,3782.0,0.526176626123744,0.5242169940505461,0.010374680980052581,0.18888600786527557,0.37
2018-04-13,1982,1965,3761.0,3773.0,0.5208057248873575,0.5242219092757955,0.010375695509336248,-0.32924871256717103,-0.66
2018-04-12,1992,1964,3764.0,3735.0,0.5258366800535476,0.5243006030175815,0.010371868337376423,0.14810032156217914,0.29
2018-04-11,1981,1992,3768.0,3782.0,0.5267054468535166,0.5243639974120691,0.010395566603110825,0.22523538454814696,0.44
2018-04-10,1970,1979,3700.0,3784.0,0.5229915433403806,0.5244004849999208,0.010408515367000227,-0.1353643252530701,-0.27
2018-04-09,1967,1971,3670.0,3688.0,0.5344360086767896,0.5246683436213527,0.010625053771320801,0.9193049998299156,1.83
2018-04-06,1988,1978,3721.0,3681.0,0.5373539798967671,0.524914291145359,0.011053176347669023,1.1254401775677343,2.31
2018-04-05,1994,1979,3704.0,3701.0,0.5347203458524723,0.5250774960404632,0.011322729157073006,0.8516365337578975,1.8
2018-04-04,1973,1968,3637.0,3662.0,0.537411250682687,0.5252022819698724,0.011478809720590899,1.0636092948656477,2.27
2018-04-03,1930,1957,3597.0,3615.0,0.5413554633471646,0.5252569772927019,0.011546427861853042,1.3942395212677525,2.97
2018-04-02,1972,1940,3660.0,3642.0,0.5326743547501372,0.5252598070608997,0.011550398213837892,0.6419300488146453,1.39
2018-03-30,1964,1954,3684.0,3660.0,0.533879781420765,0.5255150227496628,0.011917059630022028,0.7019146442826635,1.57
2018-03-29,1959,1949,3695.0,3641.0,0.5352925020598737,0.5257732674815889,0.01229925628738573,0.773968307990117,1.78
2018-03-28,1918,1932,3571.0,3654.0,0.5287356321839081,0.5259527142174868,0.012532796179035348,0.22205084377550885,0.53
2018-03-27,1893,1944,3535.0,3616.0,0.5376106194690266,0.5262792441655028,0.012914271404049783,0.8774304758664427,2.11
2018-03-26,1801,1861,3434.0,3487.0,0.5336965873243475,0.5263991934096566,0.013059919007024063,0.558762570485023,1.37
2018-03-23,1862,1830,3542.0,3471.0,0.5272255834053586,0.5266298172784445,0.013336538388900965,0.04467172136736444,0.11
2018-03-22,1896,1910,3661.0,3664.0,0.5212882096069869,0.5270502852831821,0.013836436129674966,-0.4164421836803291,-1.11
2018-03-20,1882,1906,3643.0,3642.0,0.5233388248215266,0.5275744690045918,0.014343607171458514,-0.29529839547568393,-0.81
2018-03-19,1909,1908,3658.0,3639.0,0.5243198680956307,0.5280191873579007,0.014717575747910548,-0.25135384560838114,-0.71
2018-03-16,1952,1924,3696.0,3678.0,0.523110386079391,0.5284840380962175,0.015137970563269793,-0.3549783634713176,-1.03
2018-03-15,1953,1940,3662.0,3694.0,0.5251759610178668,0.5289857333100252,0.015568941526599076,-0.24470335929064377,-0.73
2018-03-14,1971,1960,3686.0,3687.0,0.5315975047464063,0.5295060430626267,0.01607671802829585,0.1300925773592922,0.39
2018-03-13,1948,1990,3687.0,3708.0,0.5366774541531824,0.5296485545817965,0.016141867388072672,0.4354452556449298,1.31
2018-03-12,1968,1955,3701.0,3739.0,0.5228670767584915,0.5297001601383907,0.016170417904317134,-0.4225669008884988,-1.31
2018-03-09,1938,1935,3677.0,3623.0,0.5340877725641734,0.5297658379886953,0.016152524745905804,0.2675702184931567,0.81
2018-03-08,1935,1917,3681.0,3666.0,0.5229132569558101,0.5296865620412093,0.01614570750271097,-0.4195111972802625,-1.3
2018-03-07,1871,1900,3649.0,3634.0,0.5228398458998349,0.5297125436611724,0.016136352164738754,-0.4259139668726203,-1.31
2018-03-06,1898,1884,3700.0,3666.0,0.513911620294599,0.530004598186641,0.016207385625398325,-0.9929410124494703,-3.13
2018-03-05,1871,1876,3647.0,3608.0,0.5199556541019955,0.5303707846428957,0.01614980291693085,-0.6449075938865682,-2.0
2018-03-02,1876,1883,3761.0,3686.0,0.510851871947911,0.5305788776908209,0.01611477281149612,-1.2241566154030303,-3.86
2018-03-01,1951,1916,3852.0,3831.0,0.5001305142260506,0.5310152742846057,0.01601752208007013,-1.928185889438143,-6.18
2018-02-28,1964,1969,3944.0,3885.0,0.5068211068211068,0.5314792970424398,0.015615121433245822,-1.579122540080524,-4.87
2018-02-27,2018,2010,3922.0,3972.0,0.5060422960725075,0.5317827543028947,0.015351905110787285,-1.6766947192957955,-5.09
2018-02-26,2005,2003,3856.0,3893.0,0.514513228872335,0.5321322417176709,0.015057474079501703,-1.1701174282160227,-3.42
2018-02-23,1995,1996,3834.0,3845.0,0.5191157347204162,0.5324101124707536,0.014921447933094105,-0.8909576208654683,-2.56
2018-02-22,1960,1977,3808.0,3807.0,0.5193065405831363,0.5329680622568826,0.015193788444600074,-0.8991517634696105,-2.63
2018-02-21,1977,1969,3840.0,3847.0,0.511827397972446,0.5335867889387849,0.015565172394157075,-1.3979537402686892,-4.25
2018-02-20,1966,1985,3827.0,3785.0,0.52443857331572,0.5342610120006391,0.015702608184791734,-0.6255291203427198,-1.87
2018-02-19,1940,1968,3798.0,3851.0,0.5110360945209037,0.534821288036671,0.016087095240869053,-1.4785263069333532,-4.65
2018-02-16,1904,1901,3779.0,3774.0,0.5037095919448861,0.5356053449747958,0.01633976414064309,-1.95203264596538,-6.33
2018-02-15,1913,1900,3732.0,3734.0,0.5088377075522228,0.5364771375714941,0.016358990861276883,-1.6895559300479923,-5.43
2018-02-14,1924,1909,3735.0,3687.0,0.5177651206943314,0.5373154995813044,0.016531299083856327,-1.1826281036839346,-3.78
2018-02-13,1941,1921,3798.0,3730.0,0.5150134048257373,0.5380140005553561,0.01679514213111122,-1.3694790761557534,-4.47
2018-02-09,1876,1910,3751.0,3795.0,0.5032938076416338,0.5387667584248907,0.01701119415785234,-2.0852710547003372,-7.05
2018-02-08,1932,1916,3884.0,3873.0,0.4947069455202685,0.5396085139274404,0.016795668958947716,-2.6734016082908694,-9.08
2018-02-07,1991,1937,3933.0,3840.0,0.5044270833333333,0.540611488919571,0.016323760262789026,-2.216670975542454,-7.17
2018-02-06,1980,1951,3831.0,3810.0,0.5120734908136483,0.5415465278668199,0.016232545448487186,-1.8156756219597336,-5.76
2018-02-05,2056,2053,3983.0,3971.0,0.5169982372198438,0.542675744067736,0.017067285454294055,-1.504486868556582,-4.97
2018-02-02,2070,2085,3858.0,3890.0,0.5359897172236504,0.5432383932972857,0.0169063260762611,-0.42875525060489084,-1.35
2018-02-01,2062,2089,3850.0,3859.0,0.5413319512827157,0.5434610056969297,0.016919330240941766,-0.12583562019860736,-0.39
2018-01-31,2098,2060,3890.0,3826.0,0.538421327757449,0.5436449909314195,0.016970128124811693,-0.307815187696378,-0.97
2018-01-30,2108,2082,3958.0,3925.0,0.5304458598726115,0.5438865000023383,0.017022875644600016,-0.7895634327793741,-2.53
2018-01-29,2103,2099,3922.0,3947.0,0.5317963009880923,0.5441855134760054,0.01698106888492797,-0.7295896725858956,-2.33
2018-01-26,2106,2093,3950.0,3933.0,0.5321637426900585,0.5443715588607057,0.016920642492831844,-0.7214747416251356,-2.29
2018-01-25,2110,2108,3943.0,3942.0,0.534753932014206,0.5445480502044624,0.016861317712349753,-0.5808631541936324,-1.83
2018-01-24,2113,2125,4025.0,3994.0,0.5320480721081623,0.5446889356774193,0.016822994444218926,-0.7514038960882435,-2.38
2018-01-23,2110,2108,3993.0,4052.0,0.5202369200394866,0.5449899862582658,0.01679609451316703,-1.473739398130582,-4.76
2018-01-22,2100,2097,4000.0,3980.0,0.5268844221105528,0.5454884679806684,0.016607790544452834,-1.1201999338996718,-3.53
2018-01-19,2105,2108,3993.0,4003.0,0.5266050462153385,0.5458359380297039,0.016487098941147922,-1.1664205984941074,-3.65
2018-01-18,2113,2085,4037.0,3977.0,0.5242645209957254,0.5461013591189257,0.016334902547359222,-1.3368208386851075,-4.17
2018-01-17,2100,2088,3989.0,4019.0,0.5195322219457577,0.5464643401088238,0.016147018663621615,-1.6679313205813544,-5.18
2018-01-16,2095,2091,3983.0,3989.0,0.5241915266984206,0.5468939759201202,0.01585066685333082,-1.4322709215813834,-4.33
2018-01-15,2114,2095,4000.0,3981.0,0.5262496860085406,0.5473112790327171,0.015658305589802888,-1.3450748488324573,-4.0
2018-01-12,2121,2114,4005.0,3968.0,0.5327620967741935,0.5477238169929115,0.015504805731478055,-0.9649730849798733,-2.81
2018-01-11,2106,2125,4035.0,4026.0,0.527819175360159,0.548136938683455,0.015513430432341492,-1.30968862186269,-3.85
2018-01-10,2170,2116,4035.0,4102.0,0.5158459288152121,0.548684858684927,0.015511850767463144,-2.117022034443251,-6.37
2018-01-09,2148,2161,4042.0,4010.0,0.5389027431421446,0.5494371132755572,0.015267176505676744,-0.6900012015643934,-1.95
2018-01-05,2109,2102,4000.0,4021.0,0.5227555334493907,0.5498470999175757,0.015391145695912933,-1.760204665944984,-5.18
2018-01-04,2097,2105,3925.0,3986.0,0.5280983442047165,0.5505256691877637,0.01530340222592681,-1.4655123515639656,-4.25
2017-12-29,2059,2065,3860.0,3862.0,0.5346970481615743,0.5511631534147623,0.015351630602750344,-1.0725964999599473,-3.08
2017-12-28,2054,2052,3893.0,3866.0,0.5307811691670977,0.5519423771265676,0.0159669356089232,-1.3253142918446923,-3.99
2017-12-27,2064,2069,3886.0,3895.0,0.531193838254172,0.5528739810816469,0.016725395703412818,-1.2962409507029509,-4.08
2017-12-26,2061,2050,3922.0,3910.0,0.5242966751918159,0.5538243076899196,0.01747464898796224,-1.689741093995333,-5.63
2017-12-25,2061,2060,3898.0,3929.0,0.5243064392975312,0.554817875077349,0.0178812473626738,-1.706337100593381,-5.82
2017-12-22,2046,2053,3894.0,3899.0,0.5265452680174404,0.5556474256828117,0.017889685813772635,-1.6267562196629834,-5.53
2017-12-21,2043,2051,3895.0,3894.0,0.5267077555213149,0.5564913029835626,0.01798947182403146,-1.65560988969454,-5.65
2017-12-20,2059,2064,3926.0,3890.0,0.5305912596401028,0.5573496698608496,0.018083512069118342,-1.479713128648431,-5.04
2017-12-19,2080,2059,3838.0,3889.0,0.5294420159424017,0.558129712397034,0.018174006793199644,-1.5785014708680911,-5.42
2017-12-18,2094,2080,3808.0,3830.0,0.5430809399477807,0.5589520644651705,0.018252539721196104,-0.8695296523014368,-2.92
2017-12-15,2110,2091,3800.0,3782.0,0.5528820729772607,0.5594390554413053,0.01830974803304513,-0.35811429257304617,-1.19
2017-12-14,2094,2100,3828.0,3821.0,0.5495943470295734,0.5596950996133218,0.018350489270738218,-0.5504350556938571,-1.84
2017-12-13,2075,2086,3834.0,3834.0,0.5440792905581638,0.5599138503875054,0.018326549109683853,-0.8640229938856571,-2.91
2017-12-12,2051,2061,3800.0,3806.0,0.5415133998949028,0.560314920185117,0.01830476144522974,-1.027138231026437,-3.47
2017-12-11,2077,2052,3781.0,3789.0,0.5415676959619953,0.5608163580819042,0.018297957791678858,-1.0519568543688753,-3.55
2017-12-08,2093,2082,3735.0,3773.0,0.5518155314073682,0.5613916169515395,0.018361852218249756,-0.5215206739684848,-1.74
2017-12-07,2043,2078,3733.0,3756.0,0.553248136315229,0.5619259564485827,0.018656158207885194,-0.4651450763151205,-1.57
2017-12-06,2063,2043,3745.0,3723.0,0.5487510072522159,0.5624124492888831,0.018897693386764277,-0.7229158478269897,-2.49
2017-12-05,2065,2084,3784.0,3767.0,0.5532253782851075,0.5630090127018813,0.019161385320176777,-0.5105911839511772,-1.77
2017-12-04,2100,2070,3798.0,3787.0,0.5466068127805651,0.5636405123391163,0.019603891369151243,-0.8688937944920189,-3.12
2017-12-01,2100,2080,3753.0,3775.0,0.5509933774834437,0.5644894197568413,0.02021682790367114,-0.6675647800784266,-2.45
2017-11-30,2075,2092,3750.0,3744.0,0.5587606837606838,0.5653117625385313,0.0208941549420181,-0.31353643140997994,-1.17
2017-11-29,2080,2086,3730.0,3721.0,0.5606019887127116,0.5661397227524566,0.02182764270691506,-0.2537027985156928,-0.99
2017-11-28,2055,2067,3685.0,3713.0,0.5566927013196876,0.5671459323473982,0.02324271105773121,-0.44974233004688624,-1.88
2017-11-27,2066,2055,3719.0,3675.0,0.5591836734693878,0.5682748800973589,0.02471711993041534,-0.367810111111856,-1.63
2017-11-24,2081,2068,3681.0,3688.0,0.5607375271149675,0.568882204063082,0.025043716574837793,-0.3252183805776538,-1.45
2017-11-22,2050,2096,3735.0,3715.0,0.5641991924629879,0.5694185037015491,0.02529299202624455,-0.20635404594069226,-0.93
2017-11-21,2027,2007,3702.0,3701.0,0.5422858686841394,0.569724209916119,0.02536651452819715,-1.081675655576546,-5.06
2017-11-20,1933,1993,3670.0,3687.0,0.5405478708977488,0.5702016760768707,0.025181905638442817,-1.1775838415442326,-5.49
2017-11-17,1945,1937,3719.0,3670.0,0.5277929155313351,0.5709594068420459,0.025133179427411497,-1.7175101715794578,-8.18
2017-11-16,1895,1933,3640.0,3660.0,0.5281420765027323,0.5718243558704827,0.024746013891185532,-1.7652248786342921,-8.27
2017-11-15,1986,1900,3667.0,3620.0,0.5248618784530387,0.572772928422107,0.02441470934995772,-1.962384613403204,-9.13
2017-11-14,2115,2021,3735.0,3710.0,0.544743935309973,0.5739176271855904,0.024152751447904394,-1.2078827515176787,-5.36
2017-11-13,2020,2015,3764.0,3722.0,0.5413756045137023,0.5747426577397825,0.024198905117551392,-1.378866236467832,-6.16
2017-11-10,2027,2018,3722.0,3768.0,0.5355626326963907,0.5755564972551597,0.02408918695258338,-1.6602413621303203,-7.47
2017-11-09,2059,2058,3844.0,3786.0,0.5435816164817749,0.5766733873333433,0.024150822803122488,-1.370212978718467,-6.09
2017-11-08,2045,2052,3822.0,3836.0,0.5349322210636079,0.5775747438470064,0.02416046562974096,-1.7649710662408131,-7.97
2017-11-07,2023,2032,3841.0,3837.0,0.5295804013552254,0.5785696671423657,0.023919167539354358,-2.0481175068713364,-9.25
2017-11-06,2018,2038,3770.0,3829.0,0.5322538521807261,0.5794887525706456,0.023336346520669817,-2.024091489560369,-8.87
2017-11-02,1997,2014,3700.0,3762.0,0.5353535353535354,0.5803205444468233,0.022742137273579835,-1.9772551960420799,-8.4
2017-11-01,1994,2006,3542.0,3576.0,0.5609619686800895,0.580989346915243,0.022139482227523308,-0.9046001179854084,-3.57
2017-10-31,1991,1993,3526.0,3523.0,0.5657110417258019,0.5814425618610419,0.022072678570241772,-0.7127145935269118,-2.78
2017-10-30,2000,1992,3521.0,3542.0,0.562394127611519,0.5816943553405771,0.021999376074053712,-0.8773079592844015,-3.43
2017-10-27,2019,2003,3517.0,3536.0,0.5664592760180995,0.5820780693779217,0.02191019190381878,-0.7128551602097084,-2.76
2017-10-26,2018,1999,3475.0,3508.0,0.5698403648802737,0.5823431484468213,0.02183977633595944,-0.5724776377843066,-2.19
2017-10-25,2000,1985,3500.0,3488.0,0.5690940366972477,0.5826277950016842,0.021814074190676894,-0.6204140586548784,-2.38
2017-10-24,1990,1997,3454.0,3493.0,0.5717148582880046,0.5830132250389295,0.021826918382329415,-0.5176345351651558,-1.98
2017-10-23,1997,1979,3455.0,3471.0,0.5701526937481993,0.5830813655527614,0.021799500100447296,-0.5930719394935461,-2.27
2017-10-20,1957,1959,3420.0,3428.0,0.5714702450408401,0.5832457405483098,0.02174781184824607,-0.5414565653610517,-2.06
2017-10-19,1968,1957,3447.0,3455.0,0.566425470332851,0.5835513628000638,0.02174124146359776,-0.7877145606375529,-3.02
2017-10-18,1975,1956,3425.0,3432.0,0.5699300699300699,0.5839450632304387,0.02169485284682972,-0.6460054557326409,-2.46
2017-10-17,2023,1969,3415.0,3427.0,0.5745550043770061,0.5842145645894343,0.02164456544421954,-0.4462810878472918,-1.68
2017-10-16,2011,2029,3363.0,3400.0,0.596764705882353,0.5845069714515645,0.021660223939056967,0.5659098661803657,2.05
2017-10-13,1878,1894,3413.0,3387.0,0.5591969294360791,0.5844139126535496,0.02162232079534424,-1.1662477611052846,-4.51
2017-10-12,1897,1883,3413.0,3407.0,0.5526856471969475,0.5848622494073437,0.02144266280805088,-1.500587986596289,-5.82
2017-10-11,1896,1888,3396.0,3401.0,0.5551308438694501,0.5854600027948212,0.021160371373584834,-1.4332999355215472,-5.46
2017-10-10,1877,1895,3392.0,3405.0,0.5565345080763583,0.5861020458398898,0.020959968789903947,-1.4106670701615578,-5.31
2017-10-06,1872,1877,3390.0,3395.0,0.5528718703976436,0.5866328953724614,0.020707046028170025,-1.6304124175359949,-6.11
2017-10-05,1842,1849,3407.0,3388.0,0.5457497048406139,0.5872934513427194,0.02040755722870523,-2.035704030449568,-7.61
2017-10-04,1849,1838,3412.0,3370.0,0.5454005934718101,0.5878402284897456,0.019828299928491736,-2.140356720999211,-7.78
2017-10-03,1866,1847,3361.0,3387.0,0.5453203424859758,0.5882986939816196,0.01923022014182438,-2.2349380911229857,-7.88
2017-10-02,1873,1858,3341.0,3350.0,0.5546268656716418,0.5887259351244409,0.018616785873203298,-1.831630319274436,-6.15
2017-09-29,1849,1858,3335.0,3332.0,0.5576230492196879,0.5890332601182708,0.01823773351779049,-1.7222650428543131,-5.63
2017-09-28,1827,1859,3360.0,3362.0,0.5529446757882213,0.589357527214707,0.017889252784294263,-2.035459606141524,-6.59
2017-09-27,1835,1833,3325.0,3354.0,0.5465116279069767,0.589725744757796,0.017413870665965635,-2.481591696628293,-7.91
2017-09-26,1855,1853,3351.0,3360.0,0.5514880952380953,,,,
2017-09-25,1854,1855,3361.0,3362.0,0.5517549077929804,,,,
2017-09-22,1856,1862,3345.0,3352.0,0.5554892601431981,,,,
2017-09-21,1866,1856,3341.0,3331.0,0.5571900330231162,,,,
2017-09-20,1871,1866,3290.0,3310.0,0.5637462235649546,,,,
2017-09-19,1853,1874,3300.0,3294.0,0.5689131754705525,,,,
2017-09-15,1823,1857,3210.0,3245.0,0.5722650231124807,,,,
2017-09-14,1841,1832,3220.0,3216.0,0.5696517412935324,,,,
2017-09-13,1836,1846,3210.0,3218.0,0.5736482287134866,,,,
2017-09-12,1868,1836,3150.0,3188.0,0.5759096612296111,,,,
2017-09-11,1868,1850,3095.0,3119.0,0.5931388265469701,,,,
2017-09-08,1833,1844,3065.0,3070.0,0.6006514657980456,,,,
2017-09-07,1810,1855,3047.0,3079.0,0.6024683338746346,,,,
2017-09-06,1791,1818,3046.0,3036.0,0.5988142292490118,,,,
2017-09-05,1809,1793,3060.0,3057.0,0.5865227347072293,,,,
2017-09-04,1818,1799,3065.0,3050.0,0.5898360655737704,,,,
2017-09-01,1827,1830,3100.0,3096.0,0.5910852713178295,,,,
2017-08-31,1805,1815,3048.0,3081.0,0.5890944498539435,,,,
2017-08-30,1770,1797,3045.0,3040.0,0.5911184210526316,,,,
2017-08-29,1728,1762,3030.0,3040.0,0.5796052631578947,,,,
2017-08-28,1727,1742,3063.0,3045.0,0.5720853858784893,,,,
2017-08-25,1736,1728,3035.0,3053.0,0.5660006550933508,,,,
2017-08-24,1740,1742,3028.0,3034.0,0.5741595253790376,,,,
2017-08-23,1781,1753,3054.0,3027.0,0.5791212421539478,,,,
2017-08-22,1783,1767,3007.0,3022.0,0.5847121111846459,,,,
2017-08-21,1784,1781,3031.0,3009.0,0.5918909936856098,,,,
2017-08-18,1782,1781,3012.0,3020.0,0.5897350993377484,,,,
2017-08-17,1837,1806,3054.0,3043.0,0.5934932632270785,,,,
2017-08-16,1858,1839,3049.0,3062.0,0.6005878510777269,,,,
2017-08-15,1867,1865,3052.0,3056.0,0.6102748691099477,,,,
2017-08-14,1892,1857,3050.0,3031.0,0.6126690861101947,,,,
2017-08-10,1950,1911,3082.0,3078.0,0.6208576998050682,,,,
2017-08-09,1991,1954,3093.0,3072.0,0.6360677083333334,,,,
2017-08-08,1957,1994,3130.0,3109.0,0.6413637825667418,,,,
2017-08-07,1899,1891,3146.0,3127.0,0.6047329708986249,,,,
2017-08-04,1868,1878,3151.0,3125.0,0.60096,,,,
2017-08-03,1856,1870,3194.0,3185.0,0.5871271585557299,,,,
2017-08-02,1861,1858,3250.0,3214.0,0.5780958307405103,,,,
2017-08-01,1842,1868,3103.0,3127.0,0.597377678285897,,,,
2017-07-31,1847,1842,3066.0,3108.0,0.5926640926640927,,,,
2017-07-28,1870,1844,3073.0,3077.0,0.5992850178745531,,,,
2017-07-27,1870,1881,3076.0,3080.0,0.6107142857142858,,,,
2017-07-26,1853,1869,3088.0,3081.0,0.6066212268743915,,,,
2017-07-25,1870,1847,3054.0,3066.0,0.6024135681669929,,,,
2017-07-24,1870,1884,3051.0,3042.0,0.6193293885601578,,,,
2017-07-21,1875,1880,3083.0,3076.0,0.611183355006502,,,,
2017-07-20,1890,1889,3084.0,3099.0,0.6095514682155534,,,,
2017-07-19,1838,1850,3088.0,3091.0,0.5985118084762213,,,,
2017-07-18,1829,1841,3118.0,3096.0,0.5946382428940569,,,,
2017-07-14,1843,1835,3110.0,3134.0,0.5855137204850032,,,,
2017-07-13,1820,1839,3100.0,3091.0,0.5949530896150114,,,,
2017-07-12,1830,1814,3103.0,3103.0,0.5845955526909442,,,,
2017-07-11,1819,1835,3102.0,3104.0,0.5911726804123711,,,,
2017-07-10,1832,1820,3114.0,3104.0,0.586340206185567,,,,
2017-07-07,1829,1825,3090.0,3087.0,0.591188856494979,,,,
2017-07-06,1816,1855,3137.0,3102.0,0.5980012894906512,,,,
2017-07-05,1829,1817,3130.0,3150.0,0.5768253968253968,,,,
2017-07-04,1823,1822,3100.0,3128.0,0.5824808184143222,,,,
2017-07-03,1826,1823,3068.0,3067.0,0.5943919139223998,,,,
2017-06-30,1814,1826,3060.0,3064.0,0.5959530026109661,,,,
2017-06-29,1839,1820,3087.0,3084.0,0.5901426718547341,,,,
2017-06-28,1810,1833,3057.0,3073.0,0.5964855190367719,,,,
2017-06-27,1810,1813,3089.0,3074.0,0.5897852960312296,,,,
2017-06-26,1823,1817,3070.0,3065.0,0.5928221859706362,,,,
2017-06-23,1837,1829,3059.0,3061.0,0.597517151257759,,,,
2017-06-22,1835,1837,3060.0,3045.0,0.6032840722495895,,,,
2017-06-21,1841,1829,3070.0,3067.0,0.5963482230192371,,,,
2017-06-20,1800,1847,3102.0,3066.0,0.6024135681669929,,,,
2017-06-19,1784,1799,3063.0,3066.0,0.58675799086758,,,,
2017-06-16,1780,1784,3092.0,3077.0,0.579785505362366,,,,
2017-06-15,1760,1765,3057.0,3057.0,0.5773634281975794,,,,
2017-06-14,1779,1770,3092.0,3064.0,0.5776762402088773,,,,
2017-06-13,1750,1779,3080.0,3057.0,0.5819430814524044,,,,
2017-06-12,1750,1780,3077.0,3066.0,0.5805609915198956,,,,
