DATE,OPEN_2127,CLOSE_2127,OPEN_4185,CLOSE_4185,saya_divide,saya_divide_mean,saya_divide_std,saya_divide_sigma,deviation_rate(%)
2020-05-15,3650,3680,1931,1978,1.8604651162790697,1.7429042510862116,0.1448927939371348,0.8113644716097111,6.32
2020-05-14,3705,3580,1966,1938,1.847265221878225,1.744367580785824,0.1466166465580546,0.7018141766846197,5.57
2020-05-13,3760,3755,1936,1974,1.9022289766970617,1.746043684133754,0.14848994938858778,1.0518240002532537,8.21
2020-05-12,3660,3700,1984,1973,1.875316776482514,1.7466011971185231,0.14915232636663495,0.8629807023431336,6.86
2020-05-11,3650,3660,1981,1986,1.8429003021148036,1.7475840284482707,0.15023617646197135,0.6344428879329205,5.17
2020-05-08,3645,3655,1921,1946,1.8782117163412126,1.7487725422194262,0.1513340937610593,0.8553206412704153,6.89
2020-05-07,3485,3605,1905,1907,1.8904037755637126,1.7494555911921355,0.15203078524049113,0.9271029163509033,7.46
2020-05-01,3500,3450,1993,1963,1.7575140091696384,1.7494806781632701,0.1520541948098078,0.05283202490017793,0.46
2020-04-30,3605,3555,2050,2040,1.7426470588235294,1.7517995014055865,0.15347842701668024,-0.05963341402412439,-0.53
2020-04-28,3450,3540,2004,2007,1.7638266068759343,1.7542562344717616,0.1547814171901256,0.061831533642161526,0.54
2020-04-27,3430,3420,1933,1964,1.7413441955193483,1.7563507912780414,0.15595521450913277,-0.09622375119630469,-0.86
2020-04-24,3350,3340,1957,1923,1.7368694747789912,1.758691222995214,0.15702588650700913,-0.13896911332036196,-1.26
2020-04-23,3390,3365,1918,1957,1.7194685743484925,1.7606128086836543,0.15762775355395817,-0.261021510536706,-2.39
2020-04-22,3395,3420,1844,1887,1.8124006359300477,1.76263685923641,0.15806047715143076,0.31484010165274506,2.75
2020-04-21,3665,3490,1906,1881,1.8553960659223818,1.7631205543159452,0.15826739567582176,0.5830355090662139,4.97
2020-04-20,3570,3690,1907,1923,1.9188767550702028,1.7629897832409016,0.15819513291432905,0.9854094051915123,8.12
2020-04-17,3555,3550,1921,1952,1.8186475409836065,1.7621083171522185,0.15750675738379943,0.35896379793800137,3.11
2020-04-16,3345,3435,1928,1897,1.8107538218239325,1.7622539203385796,0.157563993428545,0.3078108166086023,2.68
2020-04-15,3310,3360,1932,1961,1.7134115247322794,1.76236188607214,0.15759995960788062,-0.3105988190710984,-2.86
2020-04-14,3185,3240,1896,1920,1.6875,1.7632315593785934,0.15750737813209073,-0.4808127738313473,-4.49
2020-04-13,3095,3185,1924,1898,1.678082191780822,1.7639352719726087,0.1572851973535824,-0.5458433573935513,-5.12
2020-04-10,3070,3095,1900,1945,1.5912596401028278,1.7646292228853073,0.15701946911821035,-1.104127938758729,-10.9
2020-04-09,2977,3015,1945,1898,1.588514225500527,1.7672219514934597,0.1557355418941573,-1.1475076518781315,-11.25
2020-04-08,2844,2947,1997,1941,1.5182895414734672,1.7700875633468374,0.15439239997178597,-1.6308964814290363,-16.58
2020-04-07,2716,2851,1946,1973,1.4450076026355803,1.7735779305530013,0.15159417908385006,-2.1674336699675094,-22.74
2020-04-06,2515,2669,1893,1906,1.400314795383001,1.7794873961533084,0.14724692534751585,-2.5750799201777985,-27.08
2020-04-03,2637,2488,1853,1897,1.3115445440168687,1.7862230362799092,0.14117723400286702,-3.362287805223615,-36.19
2020-04-02,2677,2644,1886,1882,1.4048884165781084,1.7945433358304748,0.13097672835372734,-2.9749935286215874,-27.74
2020-04-01,2882,2721,1953,1909,1.425353588266108,1.8015357485658035,0.12378930157508135,-3.038890724102935,-26.39
2020-03-31,2870,2955,2005,1993,1.4826894129453085,1.8082528188324913,0.11665725702430842,-2.7907685658967933,-21.96
2020-03-30,2873,2800,1835,1845,1.5176151761517616,1.8139553247730946,0.11091544338098168,-2.671766343695161,-19.53
2020-03-27,2852,2935,1848,1905,1.5406824146981628,1.819523509996811,0.10628465891952937,-2.6235309792899217,-18.1
2020-03-26,2963,2851,1807,1811,1.5742683600220873,1.8248377756201501,0.10209124566749551,-2.4543673060288738,-15.92
2020-03-25,2990,2967,1790,1832,1.619541484716157,1.8297542665711513,0.09872941443786772,-2.1291808834466956,-12.98
2020-03-24,2625,2842,1620,1697,1.6747200942840306,1.8332507260039839,0.09582360492618396,-1.6544006233336201,-9.47
2020-03-23,2470,2527,1602,1546,1.6345407503234153,1.8354701046827935,0.09403712958385674,-2.1367023350090806,-12.29
2020-03-19,2810,2498,1671,1610,1.551552795031056,1.8379609918175364,0.09111054515243097,-3.143524125635622,-18.46
2020-03-18,2740,2807,1617,1620,1.732716049382716,1.8410475198039884,0.08507696561900235,-1.2733349107255416,-6.25
2020-03-17,2765,2793,1500,1587,1.7599243856332702,1.8416358253615892,0.0844762553648467,-0.9672710914494647,-4.64
2020-03-16,2986,2832,1595,1533,1.847358121330724,1.8427656361421425,0.08394081097450064,0.0547109937974814,0.25
2020-03-13,2780,2927,1462,1555,1.882315112540193,1.8422362421914018,0.08403532809466159,0.4769288257391493,2.13
2020-03-12,3125,3060,1700,1622,1.8865598027127004,1.840971875182756,0.08413611433956679,0.5418354280773549,2.42
2020-03-11,3305,3190,1770,1742,1.8312284730195179,1.839929079154635,0.08404925496283282,-0.10351794479278383,-0.48
2020-03-10,3140,3315,1747,1774,1.8686583990980834,1.8388945359418714,0.08462552960322874,0.35171257770275105,1.59
2020-03-09,3260,3245,1819,1787,1.8158925573587017,1.8364558502487178,0.08635046468585053,-0.2381376054526971,-1.13
2020-03-06,3460,3455,1932,1899,1.8193786203264877,1.8344884384618911,0.08845195394879539,-0.17082514812675023,-0.83
2020-03-05,3565,3475,1960,1968,1.7657520325203253,1.831876348626079,0.09169289801871684,-0.7211498113218757,-3.74
2020-03-04,3400,3495,1900,1930,1.810880829015544,1.8297062957359946,0.09509495075974032,-0.1979649452473412,-1.04
2020-03-03,3560,3460,1995,1944,1.7798353909465021,1.826889380885395,0.09867269034507618,-0.47686943342009414,-2.64
2020-03-02,3255,3460,1891,1964,1.7617107942973524,1.8240173325280613,0.10303874737060457,-0.6046903696005528,-3.54
2020-02-28,3240,3280,1941,1900,1.7263157894736842,1.8218436858692943,0.10600697619488451,-0.901147262421583,-5.53
2020-02-27,3480,3380,2043,1981,1.7062089853609288,1.8202400925686122,0.1083242661661492,-1.0526829420914883,-6.68
2020-02-26,3595,3485,2064,2065,1.6876513317191284,1.8190473388533337,0.11005201333672367,-1.1939446008332069,-7.79
2020-02-25,3465,3600,2057,2087,1.7249640632486822,1.8190828292510248,0.11001005524235578,-0.8555469388229634,-5.46
2020-02-21,3655,3675,2140,2167,1.695892939547762,1.8176222705030403,0.11195982934008943,-1.0872589898785303,-7.18
2020-02-20,3800,3680,2110,2122,1.7342130065975494,1.8156887729920443,0.11524917629618123,-0.7069531341821368,-4.7
2020-02-19,3690,3730,2128,2096,1.7795801526717556,1.812806348758528,0.11986195152813552,-0.2772038638047127,-1.87
2020-02-18,3830,3710,2143,2120,1.75,1.8099555283393862,0.12311678343444764,-0.4869809514744915,-3.43
2020-02-17,3865,3830,2150,2156,1.7764378478664193,1.8081103853807645,0.12502372691985342,-0.2533322137697022,-1.78
2020-02-14,3945,3930,2101,2160,1.8194444444444444,1.8057521857790289,0.1272471391442454,0.10760366604308672,0.75
2020-02-13,3915,3965,2150,2111,1.8782567503552818,1.8030805701979302,0.1290226752295403,0.5826586685139489,4.0
2020-02-12,3800,3910,2130,2141,1.8262494161606726,1.7999434708984965,0.13001324335716535,0.20233281304974327,1.44
2020-02-10,3795,3800,2109,2122,1.7907634307257305,1.797148184672462,0.13166087654145806,-0.04849393467862089,-0.36
2020-02-07,3750,3830,2150,2163,1.7706888580674989,1.7947888343254006,0.1333290578793629,-0.1807556180266987,-1.36
2020-02-06,3710,3815,2103,2127,1.7936060178655384,1.7931417331145763,0.13437553948785744,0.003455128461114881,0.03
2020-02-05,3590,3680,2060,2053,1.792498782269849,1.7914863073004093,0.13512231716881046,0.007493025509434467,0.06
2020-02-04,3435,3520,1996,2020,1.7425742574257426,1.7901828941039866,0.13557698481556962,-0.351155741831903,-2.73
2020-02-03,3145,3405,1942,1984,1.7162298387096775,1.7903491470405197,0.13552613778624426,-0.5469004691017267,-4.32
2020-01-31,3340,3180,1987,1986,1.6012084592145015,1.7910273030728654,0.13528058761644882,-1.4031491672444787,-11.85
2020-01-30,3900,3810,2050,1976,1.9281376518218623,1.7934626792362687,0.13347349936483657,1.0090015862809807,6.98
2020-01-29,4035,3940,2015,2043,1.9285364659814,1.7914399080034271,0.13256364648011812,1.0341942275896472,7.11
2020-01-28,3915,3965,1933,2015,1.967741935483871,1.7895383824263702,0.13160282789346697,1.3541012447069702,9.06
2020-01-27,3955,3955,2030,2003,1.9745381927109336,1.7867535802269852,0.1300025389752437,1.444468807795424,9.51
2020-01-24,4000,4025,2050,2097,1.9194086790653315,1.7834539618930667,0.12832419352840452,1.0594628606972019,7.08
2020-01-23,4050,4040,2031,2030,1.9901477832512315,1.781142269452619,0.1274126284335947,1.6403830324208606,10.5
2020-01-22,3990,4035,2028,2048,1.97021484375,1.7780501891191591,0.12509582449110224,1.5361396386536392,9.75
2020-01-21,4000,4015,2068,2035,1.972972972972973,1.7747427703835104,0.12323682375927138,1.6085306042671306,10.05
2020-01-20,4065,4030,2081,2073,1.9440424505547516,1.7707452985241234,0.12159349995348255,1.4252172369158351,8.91
2020-01-17,4050,4015,2076,2060,1.9490291262135921,1.7679563367434317,0.11997472959649894,1.5092577418523683,9.29
2020-01-16,3985,3980,2055,2060,1.9320388349514563,1.7649462676218308,0.11821307334514572,1.4134863649282405,8.65
2020-01-15,3875,3965,2074,2055,1.9294403892944039,1.7624301185523663,0.1166274648118779,1.4319977803807018,8.66
2020-01-14,3920,3900,2049,2061,1.8922852983988354,1.760840839632632,0.11514349090146432,1.141570901986017,6.95
2020-01-10,3925,3915,2017,2027,1.9314257523433647,1.7587404035097536,0.1141591769388329,1.5126716350288407,8.94
2020-01-09,3850,3875,2050,2011,1.9269020387866733,1.7553772917772563,0.1127287716283455,1.5215702657961663,8.9
2020-01-08,3745,3765,1975,1960,1.9209183673469388,1.7517847121072463,0.11149185547623529,1.5170045786505335,8.8
2020-01-07,3765,3805,1983,1985,1.9168765743073048,1.7487980631022098,0.1099101153666997,1.529236054791906,8.77
2020-01-06,3705,3730,1969,1983,1.880988401412002,1.7455361287373035,0.10849464173768045,1.2484696986437036,7.2
2019-12-30,3805,3765,2020,2012,1.871272365805169,1.7433123609392078,0.10739925083421488,1.191442248172519,6.84
2019-12-27,3795,3775,2052,2042,1.8486777668952008,1.7424803789969592,0.10664380247092844,0.9958139660970123,5.74
2019-12-26,3735,3765,2029,2040,1.8455882352941178,1.7411345095258375,0.10592962731810297,0.9860671505490091,5.66
2019-12-25,3725,3750,2054,2024,1.8527667984189724,1.740149607899088,0.10529537010124136,1.0695360148466473,6.08
2019-12-24,3670,3725,2028,2036,1.8295677799607073,1.7393249090609175,0.10465034121898588,0.8623275361420201,4.93
2019-12-23,3700,3705,2071,2037,1.8188512518409425,1.7385865859732694,0.10420545129568826,0.7702540017788325,4.41
2019-12-20,3645,3680,2110,2069,1.778637022716288,1.7378488531332266,0.10382977800674198,0.3928369140923418,2.29
2019-12-19,3650,3625,2051,2083,1.7402784445511281,1.7379158178782907,0.1038576784652385,0.02274869521205555,0.14
2019-12-18,3730,3635,2130,2101,1.7301285102332222,1.7379426656876111,0.10385854600585216,-0.07523844454695713,-0.45
2019-12-17,3810,3775,2146,2114,1.7857142857142858,1.7378694546332936,0.1038659634966895,0.46064013147595934,2.68
2019-12-16,3725,3780,2099,2096,1.8034351145038168,1.7372721230863726,0.10371780699313955,0.637913520691973,3.67
2019-12-13,3775,3715,2126,2087,1.780067081935793,1.7363099521581489,0.10343389419321206,0.4230444006672219,2.46
2019-12-12,3760,3750,1989,1986,1.8882175226586102,1.7353951930823481,0.10334620473497146,1.4787415751567345,8.09
2019-12-11,3720,3750,1947,1968,1.9054878048780488,1.732973683779649,0.10185396893636899,1.693739801206708,9.05
2019-12-10,3720,3755,1920,1940,1.9355670103092784,1.7305284200246858,0.09986498500739502,2.0531579739325996,10.59
2019-12-09,3675,3685,1935,1910,1.9293193717277486,1.7278583429199996,0.09698271293721845,2.077288031096473,10.44
2019-12-06,3630,3675,1889,1905,1.9291338582677164,1.7250169675131792,0.09411815146013319,2.168730341468697,10.58
2019-12-05,3720,3645,1908,1908,1.9103773584905661,1.7223539119405258,0.09108169517649767,2.0643384621431276,9.84
2019-12-04,3670,3675,1908,1899,1.9352290679304898,1.7199585285762309,0.08842907029072133,2.4343865501076825,11.12
2019-12-03,3680,3735,1890,1926,1.939252336448598,1.717219157641805,0.08482685946092056,2.617486727881079,11.45
2019-12-02,3695,3750,1947,1930,1.9430051813471503,1.7134751358788283,0.08105745926226211,2.8316955349621256,11.81
2019-11-29,3650,3645,1984,1937,1.8817759421786266,1.709404936722369,0.07699200136363994,2.238817051165282,9.16
2019-11-28,3655,3640,1986,1977,1.8411734951947396,1.7066385344886255,0.07443382176484568,1.8074439484128921,7.31
2019-11-27,3610,3650,2017,2004,1.8213572854291418,1.7054289301821015,0.07296025107977117,1.588924839640284,6.36
2019-11-26,3570,3575,2037,2005,1.7830423940149627,1.7049085001051263,0.07226739060146758,1.0811777381131797,4.38
2019-11-25,3590,3575,1986,2012,1.7768389662027833,1.7048270293090484,0.07218265482493363,0.9976349175350668,4.05
2019-11-22,3595,3610,1990,1957,1.8446601941747574,1.7051131158202841,0.07250927879632663,1.9245409783546596,7.56
2019-11-21,3600,3590,2003,1986,1.8076535750251763,1.7038081254168658,0.07084774034456676,1.4657552817247241,5.74
2019-11-20,3585,3600,1992,2014,1.7874875868917577,1.701463955030129,0.07027929589676334,1.2240252376459924,4.81
2019-11-19,3535,3595,1976,1988,1.8083501006036218,1.69856900230788,0.07114271804488342,1.5431108244484217,6.07
2019-11-18,3420,3495,1999,1993,1.7536377320622178,1.6966745254082607,0.07007795646890463,0.812854848003925,3.25
2019-11-15,3365,3385,2000,2008,1.6857569721115537,1.6952650755685355,0.06998107624802773,-0.13586677951740828,-0.56
2019-11-14,3360,3330,2034,1996,1.6683366733466933,1.6943733975254631,0.07052052188692871,-0.3692077636707877,-1.56
2019-11-13,3320,3320,2070,2045,1.6234718826405867,1.6936775724835322,0.07102961903865211,-0.988400202523144,-4.32
2019-11-12,3310,3315,2056,2068,1.6029980657640233,1.6934705847877471,0.07125616224424748,-1.2696799290650507,-5.64
2019-11-11,3315,3300,2070,2063,1.5996122152205525,1.69331963349674,0.0714593641904274,-1.3113385395715622,-5.86
2019-11-08,3400,3290,2140,2103,1.5644317641464573,1.693766283645123,0.07097530976486502,-1.8222466365717829,-8.27
2019-11-07,3405,3410,2117,2133,1.5986872948898265,1.6946249848675465,0.06978495821194852,-1.374761731408383,-6.0
2019-11-06,3440,3400,2115,2117,1.6060462919225318,1.6951674725511747,0.0691926877340071,-1.2880144354450522,-5.55
2019-11-05,3445,3455,2090,2137,1.616752456715021,1.6954935260106927,0.0688286168745351,-1.144016440708165,-4.87
2019-11-01,3330,3455,1999,2044,1.6903131115459882,1.6955558162408992,0.06875940682976332,-0.07624709020383366,-0.31
2019-10-31,3240,3310,2060,2049,1.6154221571498293,1.6949387973835888,0.06901085734072222,-1.1522337686832063,-4.92
2019-10-30,3145,3170,2039,2044,1.550880626223092,1.6954124909322668,0.068584035494387,-2.1073689185437816,-9.32
2019-10-29,3045,3115,1960,2052,1.5180311890838207,1.6962326650046589,0.06720465814380172,-2.6516238731477517,-11.74
2019-10-28,3010,2964,1894,1893,1.565768621236133,1.697122528745687,0.0652526893355986,-2.0130037374244116,-8.39
2019-10-25,2999,3025,1896,1877,1.6116142781033564,1.6973710534207251,0.06478575974096545,-1.3236979184970923,-5.32
2019-10-24,3005,2996,1865,1873,1.599572877736252,1.6974201086496497,0.0647221685627883,-1.511803962787096,-6.12
2019-10-23,3005,3005,1831,1856,1.619073275862069,1.697691836867323,0.06435252346836096,-1.2216857516691957,-4.86
2019-10-21,2960,3005,1829,1829,1.6429743028977584,1.697807810458707,0.06421843359718449,-0.853859312497351,-3.34
2019-10-18,2934,2960,1802,1831,1.6166029492080831,1.697553156086137,0.06447273232510153,-1.2555727663264717,-5.01
2019-10-17,2965,2921,1821,1810,1.6138121546961326,1.6962532022033001,0.06702423003790968,-1.230018568815157,-5.11
2019-10-16,3020,2983,1819,1811,1.64715626725566,1.6948676431674603,0.06973352531647123,-0.6841956676544341,-2.9
2019-10-15,3030,3000,1789,1797,1.669449081803005,1.6940681612300679,0.07061410624521311,-0.34864251261031554,-1.47
2019-10-11,3030,2998,1750,1769,1.694742792538157,1.6933612387393198,0.07112060375793862,0.019425507178474955,0.08
2019-10-10,3090,3045,1730,1735,1.755043227665706,1.692528895814421,0.07146402757287494,0.8747664240940874,3.56
2019-10-09,3050,3050,1712,1726,1.7670915411355737,1.6909926915004516,0.0713419373003145,1.0666776445218087,4.31
2019-10-08,3095,3095,1740,1735,1.7838616714697406,1.6891649662942212,0.0711245339124115,1.3314210999559815,5.31
2019-10-07,3090,3075,1725,1731,1.7764298093587523,1.6866861516430796,0.07102058009745348,1.2636289029535903,5.05
2019-10-04,3070,3070,1717,1719,1.7859220477021525,1.6841596642927523,0.07115337379153742,1.430183531529227,5.7
2019-10-03,2995,3020,1727,1717,1.7588817705299942,1.681480825533628,0.07105370977879288,1.0893301030633553,4.4
2019-10-02,3050,3050,1753,1766,1.727066817667044,1.6800784813109273,0.07054835410437414,0.6660444024902261,2.72
2019-10-01,3060,3080,1750,1764,1.746031746031746,1.6788867900034314,0.07049942246297008,0.9524185260323598,3.85
2019-09-30,2991,3040,1743,1729,1.7582417582417582,1.6774707735026693,0.07020248883270537,1.150543037463652,4.59
2019-09-27,3000,3000,1764,1742,1.722158438576349,1.6759132758821795,0.0696871388366185,0.6636111550309354,2.69
2019-09-26,3050,3005,1772,1796,1.673162583518931,1.6747098545743722,0.06965745460005017,-0.02221256955662652,-0.09
2019-09-25,3060,3010,1782,1735,1.7348703170028819,1.6735426867941197,0.07040299423761533,0.8710940617351713,3.53
2019-09-24,3100,3095,1762,1796,1.7232739420935412,1.6711369899516448,0.07134266707214156,0.7307962301041482,3.03
2019-09-20,3130,3070,1735,1761,1.743327654741624,1.6693642250378213,0.07167623377774032,1.031910101933575,4.24
2019-09-19,3070,3110,1722,1718,1.810244470314319,1.6675301127181896,0.07151993879606738,1.9954485420221963,7.88
2019-09-18,3020,3015,1762,1738,1.734752589182969,1.666309366775201,0.06983510598511126,0.980068998855103,3.95
2019-09-17,3000,2994,1809,1783,1.6791923724060571,1.6665061930941851,0.07004820973723844,0.18110640313949197,0.76
2019-09-13,3065,3000,1810,1810,1.6574585635359116,1.6686670899968088,0.07284998229178444,-0.15385764152973902,-0.68
2019-09-12,3035,3085,1825,1818,1.696919691969197,1.6722980282653979,0.07874845855731527,0.3126621670426567,1.45
2019-09-11,3045,3005,1773,1797,1.6722314969393433,1.6758179264007054,0.08539020877600209,-0.04200047655077336,-0.21
2019-09-10,3160,3065,1771,1788,1.7142058165548097,1.679784664336251,0.0918010110623085,0.374953955520118,2.01
2019-09-09,3090,3180,1752,1758,1.8088737201365188,1.683266145154435,0.09779586513399155,1.2843853347990426,6.94
2019-09-06,3090,3090,1770,1768,1.747737556561086,1.6856181546333822,0.10278256587022441,0.604376835718785,3.55
2019-09-05,3105,3120,1720,1761,1.7717206132879046,1.6883370622677552,0.10700042815217876,0.7792824053148578,4.71
2019-09-04,3080,3075,1719,1717,1.7909143855562026,1.6897575235350275,0.10879011163487164,0.9298350787678599,5.65
2019-09-03,3060,3080,1730,1736,1.7741935483870968,1.6915615811786435,0.1115397515885035,0.74082975828476,4.66
2019-09-02,3115,3065,1743,1738,1.7635212888377445,1.692932635916438,0.11316716231156479,0.6237556149633421,4.0
2019-08-30,3000,3100,1735,1738,1.7836593785960875,1.6940230222132229,0.11423102097854079,0.7846936463931589,5.03
2019-08-29,2995,2995,1694,1719,1.7422920302501455,1.695138943956432,0.11550294927349135,0.4082414050057113,2.71
2019-08-28,2950,2975,1708,1725,1.7246376811594204,1.6966554652651586,0.11685091587255504,0.23946937587362102,1.62
2019-08-27,2929,2970,1711,1706,1.7409144196951933,1.6983312639249686,0.11813439780610677,0.36046364616101245,2.45
2019-08-26,2854,2912,1666,1682,1.7312722948870392,1.6991291599347493,0.11862040726745435,0.270974747876362,1.86
2019-08-23,2947,2942,1730,1719,1.7114601512507273,1.6998647097333826,0.11898791221230784,0.09745058385977211,0.68
2019-08-22,3015,2920,1711,1711,1.706604324956166,1.7010200044569794,0.1195143664750346,0.04672509811072017,0.33
2019-08-21,2951,2962,1705,1720,1.722093023255814,1.7020219591213537,0.11987144713789023,0.16743823999531984,1.17
2019-08-20,2959,2983,1702,1719,1.7353112274578244,1.703942235398954,0.12132238016240221,0.25855898983254283,1.81
2019-08-19,2926,2921,1679,1702,1.7162162162162162,1.705874948916524,0.12295036686514488,0.08410928379770417,0.6
2019-08-16,2880,2876,1671,1663,1.729404690318701,1.7069402860983658,0.12338076183267914,0.18207380053950378,1.3
2019-08-15,2904,2918,1686,1686,1.7307236061684461,1.707090885045144,0.12341497860798124,0.19148989360821175,1.37
2019-08-14,2883,3015,1729,1743,1.729776247848537,1.7065630567925154,0.12339742909061727,0.18811729893476892,1.34
2019-08-13,2769,2826,1691,1704,1.658450704225352,1.7058757520008532,0.1234097773037464,-0.3842892257942796,-2.86
2019-08-09,2859,2812,1715,1717,1.6377402446126965,1.7059140730955122,0.12339549037195865,-0.5524823336518632,-4.16
2019-08-08,2879,2853,1656,1704,1.6742957746478873,1.70617137403569,0.12327312660539697,-0.25857703349926464,-1.9
2019-08-07,2980,2897,1669,1655,1.7504531722054382,1.70637961921492,0.12323228859069708,0.35764614529641403,2.52
2019-08-06,2905,3005,1640,1686,1.7823250296559905,1.7057683375331207,0.12312581155835794,0.6217761422557948,4.3
2019-08-05,3105,3035,1724,1708,1.7769320843091334,1.7047045188889953,0.1228040192625636,0.5881531065014288,4.06
2019-08-02,3030,3165,1745,1760,1.7982954545454546,1.703504268532405,0.1225318297125542,0.773604591030909,5.27
2019-08-01,2895,3125,1790,1789,1.74678591391839,1.701725037154425,0.12211059555017503,0.36901692732674984,2.58
2019-07-31,2900,2952,1731,1809,1.6318407960199004,1.7007657129862754,0.12203542100961158,-0.5647943555744072,-4.22
2019-07-30,2744,2745,1730,1748,1.5703661327231122,1.7007569930592124,0.12204036892863852,-1.068424009864674,-8.3
2019-07-29,2813,2761,1676,1657,1.6662643331321665,1.7014757290249536,0.12142753175918775,-0.28997868426262274,-2.11
2019-07-26,2769,2785,1703,1690,1.6479289940828403,1.7008670894574383,0.1217165571472379,-0.43492928665867414,-3.21
2019-07-25,2776,2778,1723,1716,1.618881118881119,1.7008397498689443,0.12172867454627355,-0.6732894389371652,-5.06
2019-07-24,2765,2762,1696,1709,1.6161497952018724,1.7015139893745694,0.1214124830177057,-0.7030924008056757,-5.28
2019-07-23,2647,2711,1668,1686,1.6079478054567022,1.7029434055594819,0.12102953431950723,-0.7848960225856911,-5.91
2019-07-22,2652,2639,1651,1658,1.5916767189384802,1.7050472250298496,0.12073097847004406,-0.9390341031610134,-7.12
2019-07-19,2683,2693,1630,1649,1.6331109763493026,1.7072336519075357,0.12014146138362397,-0.6169616609003271,-4.54
2019-07-18,2711,2655,1655,1630,1.6288343558282208,1.7088987171239436,0.11996788439701932,-0.6673816221578053,-4.92
2019-07-17,2710,2723,1647,1661,1.6393738711619505,1.710557549089524,0.11970920675251619,-0.594638289390195,-4.34
2019-07-16,2687,2705,1641,1659,1.6305003013863772,1.7120132963179622,0.11949838533260712,-0.682126329194364,-5.0
2019-07-12,2669,2664,1635,1643,1.6214242239805234,1.713842697398627,0.1192865482370059,-0.7747602289109813,-5.7
2019-07-11,2680,2688,1625,1635,1.6440366972477065,1.7155209947878605,0.11885917592835152,-0.6014201005671181,-4.35
2019-07-10,2678,2696,1633,1633,1.6509491733006736,1.716530200393631,0.11856891538431062,-0.5531047229401846,-3.97
2019-07-09,2664,2654,1685,1646,1.6123936816524909,1.7172439580602668,0.11833287402137808,-0.8860621131270214,-6.5
2019-07-08,2697,2664,1699,1681,1.584770969660916,1.7180850271794934,0.11780765600073222,-1.131624735133927,-8.41
2019-07-05,2694,2703,1702,1706,1.5844079718640094,1.7188661155994287,0.11711332551919174,-1.148102857973965,-8.49
2019-07-04,2728,2725,1685,1687,1.6152934202726734,1.7191985347445067,0.11676607073931443,-0.889857077607811,-6.43
2019-07-03,2782,2728,1712,1684,1.6199524940617578,1.7193647830030052,0.11662680838904113,-0.8523965485673767,-6.14
2019-07-02,2717,2790,1707,1714,1.6277712952158694,1.7191586230936962,0.11681586892698317,-0.7823194632481761,-5.61
2019-07-01,2684,2707,1682,1667,1.623875224955009,1.7190628716425436,0.1168936552122403,-0.8143097802417522,-5.86
2019-06-28,2563,2584,1700,1701,1.519106407995297,1.7187067638272793,0.11722331211884862,-1.7027360191769236,-13.14
2019-06-27,2568,2594,1677,1718,1.509895227008149,1.7195218807163084,0.11603911587085186,-1.806517157037527,-13.88
2019-06-26,2578,2603,1610,1640,1.5871951219512195,1.720305974890551,0.1148121849286649,-1.1593791462294343,-8.39
2019-06-25,2679,2617,1648,1619,1.6164298949969116,1.720268350656468,0.1148562534171089,-0.9040731572747672,-6.42
2019-06-24,2628,2677,1628,1640,1.6323170731707317,1.719323998661279,0.11599169067521416,-0.7501134347129524,-5.33
2019-06-21,2700,2668,1650,1627,1.6398279041180086,1.7178559068080965,0.1177668559301604,-0.6625633509003678,-4.76
2019-06-20,2674,2683,1652,1646,1.6300121506682868,1.716289724316555,0.11956153721479797,-0.7216164634389604,-5.29
2019-06-19,2673,2651,1656,1659,1.597950572634117,1.7150640973577158,0.1209033058617663,-0.9686544457063855,-7.33
2019-06-18,2595,2601,1631,1639,1.5869432580841978,1.7144071842178426,0.12166926388955605,-1.0476263442289644,-8.03
2019-06-17,2696,2601,1659,1641,1.5850091407678244,1.713709561818051,0.12254496013479271,-1.0502302249612152,-8.12
2019-06-14,2694,2722,1645,1646,1.6537059538274606,1.7135771947470952,0.12268918129581503,-0.4879912009134657,-3.62
2019-06-13,2692,2694,1640,1645,1.6376899696048632,1.7125785066670771,0.12347480131398748,-0.6065086662644449,-4.57
2019-06-12,2750,2709,1627,1652,1.6398305084745763,1.7117296348827857,0.1242034269106249,-0.5788819857599181,-4.38
2019-06-11,2626,2710,1641,1651,1.6414294367050273,1.710843756790207,0.1249477998921453,-0.5555465574031563,-4.23
2019-06-10,2602,2660,1628,1630,1.6319018404907975,1.709722821732264,0.12593868050605572,-0.6179275575125985,-4.77
2019-06-07,2511,2537,1623,1600,1.585625,1.7089358336757468,0.126605179704682,-0.9739793740143993,-7.78
2019-06-06,2562,2484,1607,1598,1.5544430538172715,1.708843055897969,0.1266980248831496,-1.2186456909892378,-9.93
2019-06-05,2555,2562,1620,1611,1.590316573556797,1.7088383639631255,0.12670374898891149,-0.9354244949508239,-7.45
2019-06-04,2617,2505,1530,1560,1.6057692307692308,1.7080961148133542,0.1275560837646991,-0.802210925767244,-6.37
2019-06-03,2653,2621,1515,1525,1.718688524590164,1.7075897506738966,0.12803576757312632,0.0866849484846365,0.65
2019-05-31,2822,2703,1550,1545,1.749514563106796,1.705379101789139,0.12925061880727495,0.34147195367371663,2.52
2019-05-30,2929,2865,1528,1556,1.8412596401028278,1.702976333356956,0.13008017446920628,1.063062125417178,7.51
2019-05-29,3015,2968,1520,1538,1.9297789336801041,1.6985819334095709,0.1308988275141659,1.7662266703306648,11.98
2019-05-28,3010,3010,1520,1535,1.9609120521172638,1.6931118758671244,0.1296895309523855,2.0649328768754676,13.66
2019-05-27,2960,2994,1547,1520,1.9697368421052632,1.6875966020363127,0.1269501555432894,2.222448951413392,14.32
2019-05-24,2932,2961,1480,1499,1.9753168779186123,1.6798718075459862,0.1271737101071322,2.323161525473628,14.96
2019-05-23,2916,2966,1518,1494,1.9852744310575636,1.6728507757843822,0.12518911987242837,2.495613481359649,15.74
2019-05-22,2890,2947,1527,1510,1.9516556291390728,1.6656665690171182,0.12248523440086477,2.3348860090840096,14.65
2019-05-21,2900,2885,1504,1536,1.8782552083333333,1.6594230353899566,0.11964996747951967,1.828936334486124,11.65
2019-05-20,2948,2924,1545,1518,1.9262187088274045,1.6546569222040555,0.11794544794345059,2.3024355018224223,14.1
2019-05-17,2874,2900,1544,1545,1.8770226537216828,1.6488562204562036,0.11511122120256946,1.9821389338226056,12.16
2019-05-16,2911,2827,1531,1532,1.8453002610966058,1.6441883461973696,0.1128400572169838,1.7822741308302563,10.9
2019-05-15,2894,2900,1542,1553,1.8673535093367675,1.6394355161562648,0.11177115961995876,2.0391485062467205,12.21
2019-05-14,2720,2862,1500,1542,1.8560311284046693,1.6348263062113217,0.10937945313731368,2.022361749383128,11.92
2019-05-13,2877,2868,1575,1550,1.8503225806451613,1.6303687347114348,0.10706151492760262,2.0544622975161912,11.89
2019-05-10,2836,2856,1559,1586,1.8007566204287515,1.6261576749878959,0.10450805801918331,1.670674479558376,9.7
2019-05-09,2849,2819,1600,1578,1.7864385297845373,1.6225856591965957,0.10304747340234413,1.5900716939287352,9.17
2019-05-08,2869,2850,1605,1585,1.7981072555205047,1.6185634937248417,0.10245903266005504,1.752346836919342,9.99
2019-05-07,2840,2890,1690,1622,1.781750924784217,1.6142361662153375,0.1016349868115877,1.6481997373544264,9.4
2019-04-26,3135,3150,1660,1688,1.8661137440758293,1.6102698943121283,0.10082147356380074,2.537592843272626,13.71
2019-04-25,3125,3125,1655,1662,1.8802647412755715,1.6048024322214798,0.0978745570559435,2.8144424592046122,14.65
2019-04-24,3135,3145,1786,1751,1.796116504854369,1.598765754075416,0.09460625804635266,2.0860221602069946,10.99
2019-04-23,3110,3135,1800,1801,1.7406996113270405,1.5938329319720879,0.09382949471919572,1.5652506687207661,8.44
2019-04-22,3145,3110,1874,1839,1.691136487221316,1.5884765746166296,0.09671470926195151,1.0614715526531981,6.07
2019-04-19,3140,3145,1889,1874,1.6782283884738527,1.5839025697790377,0.09981379470134336,0.9450178602772383,5.62
2019-04-18,3175,3110,1904,1872,1.6613247863247864,1.5788095245993863,0.1045058676878342,0.7895753946742835,4.97
2019-04-17,3160,3155,1878,1904,1.6570378151260505,1.57401477612227,0.1087723673050541,0.7632732564415083,5.01
2019-04-16,3150,3150,1852,1864,1.6899141630901287,1.5699542719205895,0.11125325377372751,1.0782596202850812,7.1
2019-04-15,3100,3145,1844,1845,1.7046070460704608,1.5647733463230717,0.11454513170383616,1.2207738353205448,8.2
2019-04-12,3060,3085,1832,1812,1.7025386313465785,1.559807269711951,0.11643332562750963,1.2258634790802923,8.38
2019-04-11,3055,3055,1821,1811,1.6869133075648812,1.555187444012367,0.1175470021482675,1.1206229095180351,7.81
2019-04-10,3035,3060,1835,1838,1.6648531011969532,1.5518371807695879,0.11732544735638568,0.9632686085915374,6.79
2019-04-09,3055,3075,1861,1836,1.6748366013071896,1.5494918525985897,0.11679975816102099,1.073159317126314,7.48
2019-04-08,3040,3065,1902,1879,1.6311868014901543,1.5474449503306393,0.11592709978195076,0.7223664813234041,5.13
2019-04-05,3050,3065,1880,1887,1.624271330153683,1.5461463995632256,0.1155265670603496,0.676250775716775,4.81
2019-04-04,3050,3050,1865,1882,1.6206163655685442,1.5446912289099402,0.1152202850404937,0.6589563342246587,4.68
2019-04-03,3005,3035,1814,1844,1.6458785249457701,1.544056530951581,0.1149310458372299,0.885939854218273,6.19
2019-04-02,3085,3000,1799,1797,1.669449081803005,1.543120887137873,0.11438264217656853,1.1044350109531789,7.57
2019-04-01,3070,3040,1739,1764,1.7233560090702948,1.5406070551259885,0.1136480757171079,1.608025061499536,10.6
2019-03-29,3070,3030,1749,1716,1.7657342657342658,1.537849824714952,0.1116722651929613,2.0406538778948087,12.91
2019-03-28,3030,3025,1734,1723,1.7556587347649448,1.5344395915372768,0.10852195047353157,2.0384737121143357,12.6
2019-03-27,3080,3080,1741,1752,1.7579908675799087,1.5311683400755538,0.10545884133917573,2.15081566063153,12.9
2019-03-26,3060,3105,1744,1771,1.7532467532467533,1.5271524207477778,0.1024363620387562,2.2071687045410107,12.9
2019-03-25,2999,3025,1739,1730,1.7485549132947977,1.5237720541557322,0.09904662440095614,2.269465118055003,12.86
2019-03-22,3085,3120,1757,1765,1.7677053824362605,1.5198268028374784,0.09585611431669405,2.585944374709671,14.02
2019-03-20,3025,3070,1758,1757,1.7472965281730222,1.5156193843667907,0.09171974823987178,2.525924332024261,13.26
2019-03-19,3025,3025,1753,1759,1.7197271176805002,1.5122786791283123,0.08769518328606454,2.365562517561363,12.06
2019-03-18,2950,3005,1763,1763,1.704480998298355,1.5096622897979857,0.08432959089545856,2.3102057822370043,11.43
2019-03-15,2868,2917,1745,1741,1.6754738655944859,1.5065700947764264,0.08132778494052843,2.076827383674246,10.08
2019-03-14,2861,2843,1766,1730,1.6433526011560693,1.5036074987584787,0.07913859670161197,1.7658273992966087,8.5
2019-03-13,2874,2826,1745,1756,1.6093394077448746,1.5014517626636448,0.077487437855778,1.392324331100399,6.7
2019-03-12,2850,2873,1767,1765,1.6277620396600567,1.4997970307032096,0.07648447527606243,1.6730847468714574,7.86
2019-03-11,2800,2787,1731,1737,1.604490500863558,1.4979947151002924,0.07502656574254392,1.4194410301107117,6.64
2019-03-08,2771,2802,1746,1729,1.62058993637941,1.4961349922445344,0.07408653310072942,1.6798591987786018,7.68
2019-03-07,2888,2819,1781,1765,1.5971671388101982,1.4949523352340393,0.07278695971994364,1.4043010447124376,6.4
2019-03-06,2878,2895,1818,1832,1.580240174672489,1.4941409447053968,0.07197768750045418,1.1961933337542818,5.45
2019-03-05,2902,2877,1838,1834,1.5687022900763359,1.4943070307659434,0.07219022455041457,1.030544783226682,4.74
2019-03-04,2859,2920,1850,1843,1.5843733043950081,1.4952002542448124,0.07350763545959994,1.213112754785937,5.63
2019-03-01,2830,2830,1850,1831,1.545603495357728,1.4953154121403647,0.07365386460790238,0.6827623164795603,3.25
2019-02-28,2865,2810,1877,1846,1.5222101841820153,1.4955272505291028,0.07382085377411982,0.3614552296368447,1.75
2019-02-27,2888,2859,1854,1878,1.5223642172523961,1.4964542177977669,0.0745826569630452,0.3473997911802382,1.7
2019-02-26,2890,2867,1865,1864,1.5380901287553648,1.4975058595054926,0.07549111942897832,0.537603224814458,2.64
2019-02-25,2869,2879,1871,1859,1.5486820871436255,1.4975219918870524,0.07549991929300566,0.6776178800672262,3.3
2019-02-22,2878,2859,1826,1863,1.534621578099839,1.498280568408016,0.07629179473847629,0.47634230937150795,2.37
2019-02-21,2881,2895,1841,1838,1.5750816104461371,1.4988016181108232,0.07667072032845379,0.9949038173703596,4.84
2019-02-20,2970,2905,1863,1840,1.578804347826087,1.498437369955419,0.07637177318790057,1.0523125824633899,5.09
2019-02-19,2963,2945,1893,1871,1.5740245857830037,1.499469223364062,0.07795698177708794,0.9563654302590505,4.74
2019-02-18,2968,2980,1893,1894,1.573389651531151,1.500400357541926,0.07924829274758959,0.9210203962588831,4.64
2019-02-15,2920,2878,1865,1848,1.5573593073593073,1.5017678587960985,0.08135294845230015,0.683336616813634,3.57
2019-02-14,2990,2946,1865,1873,1.5728777362520021,1.5035250841452297,0.08391767308348971,0.8264367868943824,4.41
2019-02-13,2875,2960,1846,1875,1.5786666666666667,1.5045736909898584,0.0852583827808891,0.8690403601394188,4.69
2019-02-12,2774,2830,1811,1821,1.5540911587040087,1.5054513587800542,0.08634843441760406,0.5632968362659532,3.13
2019-02-08,2753,2724,1781,1775,1.5346478873239437,1.5067631396052814,0.08781229151554856,0.31754948239478414,1.82
2019-02-07,2845,2833,1831,1807,1.567791920309906,1.5083256005840688,0.08932407984746539,0.66573671766208,3.79
2019-02-06,2858,2848,1829,1834,1.5528898582333697,1.5091263139247046,0.09011918047135646,0.48561853403199623,2.82
2019-02-05,2773,2853,1830,1818,1.5693069306930694,1.510773638913718,0.09201339326946668,0.6361388239202642,3.73
2019-02-04,2650,2718,1807,1798,1.5116796440489433,1.5122117512288866,0.09374360669810464,-0.005676197008900665,-0.04
2019-02-01,2712,2685,1741,1767,1.5195246179966044,1.5142664932920171,0.09538397410866904,0.05512587154941597,0.35
2019-01-31,2550,2717,1856,1756,1.5472665148063782,1.515925356971254,0.09653591489811221,0.324658008039835,2.03
2019-01-30,2581,2543,1791,1829,1.3903772553307818,1.51699979485114,0.09732398450352789,-1.3010414664616228,-9.11
2019-01-29,2536,2586,1805,1785,1.4487394957983193,1.5206944098268522,0.09770582482473446,-0.7364444664134024,-4.97
2019-01-28,2590,2553,1760,1765,1.4464589235127479,1.5230233134505953,0.0980440548895747,-0.7809182313408044,-5.29
2019-01-25,2562,2590,1707,1746,1.4833906071019474,1.5255369409850006,0.09846463279793333,-0.42803525169839285,-2.84
2019-01-24,2536,2596,1671,1707,1.520796719390744,1.5270343315488637,0.09866603303959899,-0.06321944813182437,-0.41
2019-01-23,2567,2532,1695,1698,1.4911660777385158,1.528433160419495,0.09930927859630814,-0.37526284761839496,-2.5
2019-01-22,2619,2608,1748,1708,1.5269320843091334,1.5299873754068696,0.09962551847412708,-0.03066775605819941,-0.2
2019-01-21,2660,2601,1739,1747,1.4888380080137378,1.5309817116292699,0.09996165311126494,-0.4215987061420738,-2.83
2019-01-18,2570,2599,1678,1708,1.5216627634660422,1.5324912730481868,0.10016848044576705,-0.1081029634667093,-0.71
2019-01-17,2589,2558,1692,1681,1.521713265913147,1.5327649073868506,0.10016655717500463,-0.11033264779575991,-0.73
2019-01-16,2578,2558,1660,1667,1.534493101379724,1.5329424086148884,0.10015861076905622,0.015482370940739352,0.1
2019-01-15,2463,2566,1651,1674,1.5328554360812425,1.5330101711241628,0.10016135611562023,-0.0015448577068153768,-0.01
2019-01-11,2459,2487,1674,1675,1.4847761194029852,1.532976423983935,0.10016182895190921,-0.48122428559179237,-3.25
2019-01-10,2455,2452,1637,1664,1.4735576923076923,1.533188983017394,0.10007619386269338,-0.5958588991855246,-4.05
2019-01-09,2431,2455,1656,1654,1.4842805320435308,1.5335840516156258,0.09989833601107362,-0.49353694506612966,-3.32
2019-01-08,2337,2369,1619,1627,1.4560540872771972,1.5335785907582713,0.09990104215426163,-0.7760129605191212,-5.32
2019-01-07,2311,2314,1585,1621,1.4275138803207896,1.533171913860169,0.1002771740929714,-1.0536598632248957,-7.4
2019-01-04,2166,2192,1580,1537,1.4261548471047496,1.532964286073052,0.10051157554984753,-1.0626580907124614,-7.49
2018-12-28,2214,2216,1652,1655,1.3389728096676736,1.5325956046536335,0.1009524276767662,-1.9179607607447506,-14.46
2018-12-27,2274,2254,1640,1672,1.3480861244019138,1.533297089303609,0.09978055817414469,-1.8561828906433948,-13.74
2018-12-26,2065,2074,1588,1600,1.29625,1.5339027948020643,0.0987873587412737,-2.4057004644134916,-18.33
2018-12-25,2064,2045,1569,1571,1.3017186505410567,1.5356762468392795,0.09564910014416383,-2.4459989267604003,-17.97
2018-12-21,2118,2164,1600,1600,1.3525,1.5371227706921788,0.09288024431590411,-1.9877507003991095,-13.65
2018-12-20,2209,2129,1678,1636,1.3013447432762837,1.5374070770324173,0.09234577609560189,-2.556287290408905,-18.14
2018-12-19,2291,2254,1699,1692,1.3321513002364067,1.5380375785855191,0.09088170558479398,-2.2654314971786866,-15.46
2018-12-18,2391,2308,1685,1702,1.3560517038777908,1.5379136911822457,0.09116816111643838,-1.9947971427457438,-13.41
2018-12-17,2540,2465,1727,1717,1.4356435643564356,1.5372363834397205,0.09269268500305593,-1.0960176531722599,-7.08
2018-12-14,2668,2561,1760,1720,1.488953488372093,1.5356575199927558,0.09537926480191077,-0.48966650893839975,-3.14
2018-12-13,2680,2676,1731,1759,1.5213189312109152,1.5334912603913258,0.09821816856823802,-0.12393154299098658,-0.8
2018-12-12,2564,2655,1720,1731,1.533795493934142,1.5309184507612499,0.10099145836863468,0.02848798521544772,0.19
2018-12-11,2713,2553,1713,1685,1.51513353115727,1.5275277692690945,0.10502629071789119,-0.11801081450278375,-0.82
2018-12-10,2701,2693,1700,1712,1.5730140186915889,1.5237580876190961,0.110342844746922,0.44638989673924184,3.13
2018-12-07,2613,2737,1795,1737,1.5757052389176742,1.5191072690584304,0.11540368699901656,0.490434676144499,3.59
2018-12-06,2678,2599,1761,1755,1.480911680911681,1.514728007210006,0.11933760284882573,-0.2833668977008268,-2.28
2018-12-05,2643,2701,1766,1781,1.5165637282425604,1.5121397508355863,0.12211570478986693,0.03622775149671975,0.29
2018-12-04,2795,2727,1839,1806,1.5099667774086378,1.5090346506513022,0.12489296801514185,0.00746340464278711,0.06
2018-12-03,2710,2782,1848,1842,1.510314875135722,1.5067963263847992,0.1263519992892063,0.02784719490563224,0.23
2018-11-30,2658,2647,1791,1817,1.4567969179966977,1.504240524733529,0.1281804171195084,-0.3701314740815481,-3.26
2018-11-29,2690,2671,1796,1781,1.4997192588433463,1.5025234901425266,0.1296584410554325,-0.02162783445762237,-0.19
2018-11-28,2564,2593,1785,1785,1.4526610644257703,1.5002262383330731,0.13120487972100806,-0.3625259518429854,-3.27
2018-11-27,2556,2534,1706,1745,1.4521489971346704,1.498737892409368,0.13236400633688852,-0.3519755601543295,-3.21
2018-11-26,2550,2528,1670,1689,1.4967436352871522,1.4965991587184442,0.13438006588291612,0.001075133932690991,0.01
2018-11-22,2501,2561,1708,1681,1.5234979179060084,1.4938725800269717,0.13640875108998035,0.21718062545338293,1.94
2018-11-21,2454,2496,1675,1695,1.472566371681416,1.4915529851467153,0.13736108735743857,-0.1382241057534203,-1.29
2018-11-20,2554,2504,1724,1723,1.453279164248404,1.4906006426497718,0.13773651149531788,-0.2709628550642977,-2.57
2018-11-19,2587,2587,1704,1746,1.4816723940435281,1.4900308689845891,0.1379778956940678,-0.06057836220081138,-0.56
2018-11-16,2636,2565,1761,1727,1.4852345107122178,1.48838322045118,0.13880322236588444,-0.022684702021270205,-0.21
2018-11-15,2613,2618,1752,1754,1.4925883694412772,1.487113489251212,0.13926103062535586,0.03931379916894297,0.37
2018-11-14,2699,2596,1764,1772,1.4650112866817155,1.4890127976099998,0.14029033169874305,-0.1710845689624906,-1.64
2018-11-13,2650,2690,1751,1756,1.531890660592255,1.4921041913585857,0.14226797903714541,0.2796586378954699,2.6
2018-11-12,2814,2750,1775,1790,1.5363128491620113,1.4942221432412601,0.144016154674649,0.292263781211486,2.74
2018-11-09,2899,2835,1767,1780,1.5926966292134832,1.4961075112697713,0.1454730458963802,0.6639657357041383,6.06
2018-11-08,2868,2887,1814,1765,1.6356940509915014,1.4978076529320719,0.14732526291567258,0.9359317969678718,8.43
2018-11-07,2813,2826,1799,1774,1.593010146561443,1.4989064921973152,0.14865098116701325,0.6330510140286253,5.91
2018-11-06,2817,2806,1772,1797,1.5614913745130774,1.5009374495792625,0.15094565090976572,0.40116376039223334,3.88
2018-11-05,2828,2811,1785,1766,1.5917327293318233,1.5030695057521648,0.1529025093589916,0.579867681383115,5.57
2018-11-02,2698,2847,1745,1778,1.6012373453318336,1.504571338427055,0.15431266676171396,0.6264295014358612,6.04
2018-11-01,2720,2683,1717,1743,1.5393000573723465,1.5060258214857016,0.15572458320225427,0.21367362302346643,2.16
2018-10-31,2701,2707,1643,1686,1.6055753262158956,1.5088111238446642,0.1581442022712615,0.6118732206524635,6.03
2018-10-30,2526,2573,1583,1635,1.5737003058103975,1.510332061478791,0.15960925393375483,0.3970211173213511,4.03
2018-10-29,2745,2560,1678,1654,1.5477629987908101,1.5118933410965965,0.16078982243040166,0.22308413027659119,2.32
2018-10-26,2997,2741,1692,1655,1.6561933534743203,1.5138437701065588,0.16209502850175056,0.8781859917821241,8.59
2018-10-25,2863,2811,1701,1710,1.643859649122807,1.5146519251169426,0.1629515565975747,0.7929210785322901,7.86
2018-10-24,3015,2948,1771,1759,1.6759522455940876,1.515728448868389,0.16406449651209598,0.9765903052272233,9.56
2018-10-23,3075,3005,1818,1779,1.6891512085441258,1.5173316942894532,0.16619604221458378,1.033836377600545,10.17
2018-10-22,3055,3090,1840,1871,1.6515232495991448,1.5186037746478136,0.16786305981586871,0.7918327897581061,8.05
2018-10-19,3015,3090,1842,1879,1.6444917509313464,1.519264624073448,0.16848146424277405,0.7432694594667806,7.61
2018-10-18,3205,3105,1885,1879,1.6524747205960617,1.5190201075462895,0.16831276815984722,0.7928965491377928,8.08
2018-10-17,3125,3155,1909,1910,1.6518324607329844,1.5197159907343831,0.16896970237669554,0.7818944351577606,8.0
2018-10-16,3115,3075,1871,1889,1.6278454208575965,1.5208659910615496,0.17015432214433418,0.6287200257264175,6.57
2018-10-15,3170,3145,1894,1876,1.6764392324093818,1.5225001212685916,0.17175487828124553,0.8962721331775954,9.18
2018-10-12,3105,3195,1866,1905,1.6771653543307086,1.5233235638350358,0.17263671253175122,0.8911302134960334,9.17
2018-10-11,3095,3150,1900,1891,1.6657852987837123,1.5256473230647498,0.17583516852381662,0.7969849086246986,8.41
2018-10-10,3220,3255,2022,1980,1.643939393939394,1.5288860640021258,0.1805601463753316,0.6372022411751157,7.0
2018-10-09,3405,3285,2035,2018,1.6278493557978195,1.5319758810919428,0.18444356780119261,0.5197984177426912,5.89
2018-10-05,3435,3445,2101,2066,1.6674733785091964,1.535011645499422,0.1878390329971146,0.7051874729988049,7.94
2018-10-04,3475,3440,2165,2119,1.6234072675790467,1.5372362608076622,0.19036563423387345,0.4526605188913419,5.31
2018-10-03,3415,3440,2139,2104,1.6349809885931559,1.5403627603978363,0.1936523996981207,0.4885982737255894,5.79
2018-10-02,3450,3410,2139,2137,1.5956948993916706,1.543064141768043,0.1963478135438196,0.2680486055521152,3.3
2018-10-01,3390,3440,2104,2116,1.6257088846880907,1.545940824322228,0.19866464263747655,0.40152117310287394,4.91
2018-09-28,3440,3410,2128,2121,1.6077322017916078,1.5477551938663372,0.20000175259049346,0.2998824117710329,3.73
2018-09-27,3420,3400,2135,2123,1.6015073009891663,1.5493520167394483,0.20095008026576983,0.2595434855300337,3.26
2018-09-26,3395,3430,2126,2141,1.6020551144325081,1.550833231728884,0.2017369499545436,0.25390431804964697,3.2
2018-09-25,3275,3345,2113,2169,1.5421853388658369,1.5521549426291528,0.20239187255533053,-0.04925891359886688,-0.65
2018-09-21,3245,3265,2085,2127,1.535025858015985,1.5529169327877477,0.2024604730377773,-0.08836823555393129,-1.17
2018-09-20,3220,3190,2130,2072,1.5395752895752897,1.5540354036780024,0.2025902123939335,-0.07137617327038133,-0.94
2018-09-19,3200,3255,2125,2127,1.530324400564175,1.5556148143247706,0.2029327796410124,-0.12462458655193252,-1.65
2018-09-18,3080,3135,2033,2089,1.5007180469123982,1.5571919617425898,0.20318958335911064,-0.27793705709008437,-3.76
2018-09-14,2980,3065,1995,2039,1.5031878371750858,1.5599860053548174,0.20383355936153294,-0.2786497393149601,-3.78
2018-09-13,2835,2944,1986,1984,1.4838709677419355,1.562416821637555,0.20422841211531004,-0.38459807370617655,-5.29
2018-09-12,2821,2834,1993,1988,1.4255533199195172,1.565278793700088,0.2046112842895133,-0.6828825412330011,-9.8
2018-09-11,2812,2814,2000,1993,1.4119417962870044,1.569262099821357,0.2047602911580123,-0.7683145137401143,-11.14
2018-09-10,2796,2804,1970,2005,1.3985037406483791,1.57366853243652,0.2048832989364378,-0.8549490988159233,-12.53
2018-09-07,2829,2811,2045,2020,1.3915841584158415,1.5777617972552127,0.20440897943216133,-0.9108094925994155,-13.38
2018-09-06,2899,2879,2073,2066,1.3935140367860601,1.5817728848808292,0.20366652694405923,-0.9243484971218558,-13.51
2018-09-05,3035,2970,2093,2078,1.4292589027911453,1.58467248414626,0.2025104238768186,-0.7674349713950944,-10.87
2018-09-04,2936,2984,2124,2116,1.4102079395085065,1.5865431302722486,0.20171260149954653,-0.8741902561012702,-12.5
2018-09-03,2915,2918,2148,2124,1.3738229755178908,1.5881041025278178,0.20079286806833063,-1.0671749901844434,-15.6
2018-08-31,2900,2909,2160,2157,1.3486323597589245,1.5899505195283696,0.19944612345253424,-1.2099415902003026,-17.89
2018-08-30,2890,2905,2220,2196,1.3228597449908925,1.5925709249898752,0.1975403152435517,-1.3653475224358629,-20.39
2018-08-29,2899,2882,2194,2208,1.3052536231884058,1.5962126956469087,0.1950362739197436,-1.4918202989164522,-22.29
2018-08-28,2944,2890,2210,2194,1.317228805834093,1.6001953284289812,0.192081552448313,-1.473158244444277,-21.48
2018-08-27,2872,2905,2160,2190,1.32648401826484,1.6043523027943822,0.18926570181701505,-1.4681386107567944,-20.95
2018-08-24,2813,2848,2168,2144,1.328358208955224,1.607843794079673,0.18650269258042737,-1.498560590506884,-21.04
2018-08-23,2667,2733,2158,2136,1.279494382022472,1.6111277105510846,0.1836999282897907,-1.8052991724931633,-25.92
2018-08-22,2612,2662,2126,2160,1.2324074074074074,1.6150671529463827,0.17966965280210756,-2.129796209716317,-31.05
2018-08-21,2587,2610,2099,2132,1.224202626641651,1.6198530028988993,0.17410744530555453,-2.2724494955565575,-32.32
2018-08-20,2710,2618,2115,2099,1.2472606002858504,1.6245475756825127,0.16801628058717077,-2.2455381947401047,-30.25
2018-08-17,2749,2728,2127,2120,1.2867924528301886,1.6296802548581886,0.16219115206173657,-2.11409683986635,-26.65
2018-08-16,2726,2706,2024,2108,1.2836812144212524,1.6334772769496542,0.15738154456349795,-2.222598993411653,-27.25
2018-08-15,2809,2758,2128,2055,1.3420924574209245,1.6370879196758537,0.15234071083552342,-1.9364191005608784,-21.98
2018-08-14,2794,2810,2082,2131,1.3186297512904739,1.6403995154910347,0.14854431678008467,-2.166153314885356,-24.4
2018-08-13,2836,2749,2101,2070,1.3280193236714977,1.6413267829031342,0.14673891049663665,-2.135135514985425,-23.59
2018-08-10,2911,2846,2165,2144,1.3274253731343284,1.6418442864893614,0.14569780479959804,-2.1580209378412025,-23.69
2018-08-09,2775,2902,2147,2164,1.3410351201478743,1.6427153053939954,0.14400091166167436,-2.0949880230960565,-22.5
2018-08-08,2761,2785,2157,2156,1.2917439703153988,1.643837551798882,0.14195894438273418,-2.480249363747077,-27.26
2018-08-07,2811,2768,2110,2142,1.292250233426704,1.645203229997803,0.13902756750953676,-2.5387266920777254,-27.31
2018-08-06,2924,2861,2104,2120,1.3495283018867925,1.6469492981152747,0.13535772000703955,-2.1972961439732748,-22.04
2018-08-03,2981,2948,2113,2104,1.4011406844106464,1.6482946678832209,0.1328735165421345,-1.8600695601685333,-17.64
2018-08-02,2980,2996,2155,2124,1.4105461393596987,1.6493251440369332,0.13124243988662807,-1.8193734045442949,-16.93
2018-08-01,3000,2943,2160,2167,1.3580987540378404,1.6502584149142807,0.1297818964273448,-2.2511588204445654,-21.51
2018-07-31,2660,2976,2111,2141,1.3900046707146194,1.6523438331198286,0.12627990418768728,-2.0774418866781823,-18.87
2018-07-30,3465,3360,2061,2055,1.635036496350365,1.6535271672817209,0.12421499553823115,-0.14886021491394594,-1.13
2018-07-27,3410,3465,2032,2042,1.696865817825661,1.651997139328152,0.1251366474428541,0.3585574602995422,2.64
2018-07-26,3335,3395,1990,2008,1.6907370517928286,1.6509150784591955,0.12509485430797967,0.31833422368911085,2.36
2018-07-25,3290,3290,1948,1961,1.677715451300357,1.6496229888911609,0.125177306749761,0.22442136788703268,1.67
2018-07-24,3350,3320,1958,1930,1.7202072538860103,1.6478849683288876,0.1256791172615445,0.575451889963679,4.2
2018-07-23,3365,3340,1914,1944,1.7181069958847737,1.6459110709231222,0.12569029804892923,0.5743953676802229,4.2
2018-07-20,3340,3365,1939,1928,1.745331950207469,1.6436305279471772,0.1259111752312802,0.8077235564951339,5.83
2018-07-19,3315,3355,1947,1949,1.7213955874807594,1.6408420390936813,0.12594378535591336,0.6395992319862084,4.68
2018-07-18,3330,3315,1960,1945,1.7043701799485862,1.638282910296682,0.12623066043475095,0.5235437208701358,3.88
2018-07-17,3390,3330,1922,1947,1.7103235747303545,1.636068624867321,0.12650823654813487,0.5869574336749234,4.34
2018-07-13,3310,3395,1927,1942,1.7481977342945416,1.6334271861343257,0.12699750709396487,0.9037228429633483,6.57
2018-07-12,3320,3300,1932,1919,1.719645648775404,1.630332577001755,0.12699092745420454,0.7033027757503155,5.19
2018-07-11,3245,3270,1942,1934,1.6907962771458118,1.6276164288739543,0.1272299205319499,0.4965801126629788,3.74
2018-07-10,3380,3300,1968,1948,1.6940451745379876,1.6254227462786914,0.12753966292037885,0.5380477467792603,4.05
2018-07-09,3265,3310,1886,1928,1.716804979253112,1.6234314578808322,0.12761856647513226,0.731660948334461,5.44
2018-07-06,3285,3225,1855,1870,1.7245989304812834,1.6201550498929946,0.12833167128584874,0.8138589604716379,6.06
2018-07-05,3315,3305,1855,1840,1.796195652173913,1.6164088430123953,0.12932517918121336,1.3901918427624713,10.01
2018-07-04,3165,3305,1848,1852,1.7845572354211663,1.6119028915710123,0.12886910796425372,1.3397651817225709,9.67
2018-07-03,3035,3130,1866,1840,1.701086956521739,1.6080176911330282,0.12799479451764692,0.7271332067795866,5.47
2018-07-02,3190,2997,1887,1843,1.6261530113944656,1.605283198379405,0.12816787548323275,0.16283185577021503,1.28
2018-06-29,3265,3215,1882,1886,1.7046659597030753,1.6046255615527671,0.12818564182139697,0.7804337266547842,5.87
2018-06-28,3225,3245,1849,1867,1.7380824852704875,1.6018145737600369,0.12827258619302762,1.0623307407663194,7.84
2018-06-27,3240,3240,1864,1851,1.7504051863857375,1.5984455517919627,0.12796718353306133,1.1874890921117667,8.68
2018-06-26,3325,3240,1827,1864,1.738197424892704,1.5949525196180725,0.12734557131940819,1.124851879735531,8.24
2018-06-25,3455,3390,1820,1831,1.8514472965592572,1.5906530182765852,0.12787913779037963,2.0393809560255853,14.09
2018-06-22,3440,3470,1803,1818,1.9086908690869087,1.5847961682465124,0.12584358210547755,2.5737879947578053,16.97
2018-06-21,3455,3470,1851,1850,1.8756756756756756,1.578245888458194,0.12152555930671634,2.44746692723959,15.86
2018-06-20,3400,3455,1841,1862,1.855531686358754,1.5718670898767415,0.11825803750529525,2.398691898377824,15.29
2018-06-19,3540,3410,1871,1859,1.834319526627219,1.5653589305707134,0.11587514335149239,2.321124171045451,14.66
2018-06-18,3550,3530,1912,1900,1.8578947368421053,1.5588163947974083,0.11434698730460234,2.6155332037563825,16.1
2018-06-15,3570,3530,1961,1921,1.8375845913586673,1.5526898832995402,0.11039993792986637,2.5805694586541508,15.5
2018-06-14,3510,3545,1955,1957,1.811446090955544,1.5467934065775488,0.10677668593181307,2.478562450861238,14.61
2018-06-13,3580,3550,2026,2015,1.7617866004962779,1.5414546979619452,0.10336627807273459,2.13156463251288,12.51
2018-06-12,3515,3550,2030,2055,1.7274939172749393,1.536568222046562,0.10148024556957198,1.8814075011030997,11.05
2018-06-11,3475,3480,2022,2032,1.7125984251968505,1.5325627475940071,0.0997796940533428,1.8043318263392871,10.51
2018-06-08,3355,3450,2054,2028,1.7011834319526626,1.528495608927517,0.09856777803586804,1.7519703341826969,10.15
2018-06-07,3390,3365,2109,2104,1.5993346007604563,1.5246800266575338,0.09734032623605403,0.7669439479983078,4.67
2018-06-06,3520,3390,2113,2094,1.6189111747851004,1.522366206671553,0.09760042559932688,0.9891859335725389,5.96
2018-06-05,3500,3520,2134,2123,1.6580310880829014,1.5190519009817327,0.09848221182578028,1.4112110656798564,8.38
2018-06-04,3550,3500,2099,2123,1.6486104569006124,1.5150098883004446,0.09891530162145343,1.3506562322526607,8.1
2018-06-01,3560,3530,2101,2064,1.7102713178294573,1.5109091172961557,0.09966400608299157,2.0003430362541312,11.66
2018-05-31,3570,3580,2105,2124,1.6854990583804144,1.5055743054291961,0.09955827714754434,1.8072304795368406,10.67
2018-05-30,3550,3555,2077,2093,1.698518872431916,1.500617853746607,0.09973057927453569,1.9843564544083545,11.65
2018-05-29,3665,3640,2089,2111,1.724301279014685,1.4958191422865472,0.09874661216406519,2.313822537511667,13.25
2018-05-28,3675,3680,2133,2112,1.7424242424242424,1.4898129075183462,0.0983656345353237,2.568085247446678,14.5
2018-05-25,3585,3660,2130,2146,1.7054986020503262,1.4839832155221826,0.09615309850464761,2.3037779330370363,12.99
2018-05-24,3600,3615,2176,2136,1.6924157303370786,1.4792248379962052,0.09387667587061674,2.270967632414878,12.6
2018-05-23,3475,3520,2211,2185,1.6109839816933638,1.4740294663243791,0.0927093201939333,1.4772464632735667,8.5
2018-05-22,3445,3475,2247,2214,1.569557362240289,1.469319545742874,0.09458592024667638,1.0597540969734038,6.39
2018-05-21,3405,3415,2235,2236,1.5272808586762074,1.4640442881593805,0.09974082943304786,0.6340088695500092,4.14
2018-05-18,3360,3380,2197,2235,1.512304250559284,1.4618029691688221,0.10018236473396137,0.504093525088675,3.34
2018-05-17,3450,3370,2161,2181,1.5451627693718477,1.4607406914389969,0.10006356751966189,0.8436844700371332,5.46
2018-05-16,3415,3425,2139,2146,1.5959925442684064,1.4590779151200997,0.09968231807707416,1.3735096834570466,8.58
2018-05-15,3460,3410,2123,2126,1.6039510818438383,1.4564961359802693,0.09860451841199498,1.495417737830881,9.19
2018-05-14,3400,3460,2110,2124,1.6290018832391713,1.453970346012761,0.0972114299475918,1.800524252351523,10.74
2018-05-11,3300,3380,2082,2128,1.5883458646616542,1.4505469435167087,0.0954929943697251,1.4430264969116207,8.68
2018-05-10,3360,3280,2106,2083,1.5746519443110898,1.4475293062558547,0.09466314815708594,1.342894680032035,8.07
2018-05-09,3310,3320,2093,2108,1.5749525616698292,1.4444895824899804,0.09419145573376034,1.3850829479545665,8.28
2018-05-08,3280,3310,2078,2080,1.5913461538461537,1.441116432892989,0.09398867096108905,1.5983811603779268,9.44
2018-05-07,3410,3285,2089,2084,1.576295585412668,1.4368103581533433,0.09440443925496153,1.4775282641382115,8.85
2018-05-02,3265,3395,2048,2080,1.6322115384615385,1.4324522998933633,0.09540380689702299,2.093828800603224,12.24
2018-05-01,3100,3195,2093,2033,1.5715691096901132,1.426689479380543,0.09621372310961242,1.50581045642018,9.22
2018-04-27,3270,3210,2047,2065,1.5544794188861986,1.4216759911351973,0.09830753090226209,1.3508978054085725,8.54
2018-04-26,3240,3235,2035,2034,1.5904621435594888,1.4167428715844061,0.10077172088227684,1.7238891075207925,10.92
2018-04-25,3300,3240,2373,2334,1.3881748071979434,1.4111315881050372,0.10264192485024833,-0.2236589087800833,-1.65
2018-04-24,3330,3305,2399,2418,1.3668320926385442,1.4083395690721356,0.1060208171829658,-0.39150307964481873,-3.04
2018-04-23,3350,3305,2334,2373,1.3927517909818794,1.405839238788292,0.10913569851292501,-0.1199190364357519,-0.94
2018-04-20,3290,3325,2358,2333,1.4252036005143591,1.4034098821763425,0.11140430910957563,0.19562724738574158,1.53
2018-04-19,3410,3300,2410,2367,1.394169835234474,1.400825751174446,0.11310365461098666,-0.058847929917601474,-0.48
2018-04-18,3295,3410,2326,2396,1.4232053422370619,1.3986199892412092,0.11481218559297789,0.2141353974656529,1.73
2018-04-17,3430,3365,2350,2320,1.4504310344827587,1.3959978054108453,0.1164547812905667,0.4674194435700915,3.75
2018-04-16,3540,3495,2354,2364,1.4784263959390862,1.3929116800338175,0.11802766249744728,0.7245311319040842,5.78
2018-04-13,3575,3500,2354,2364,1.4805414551607445,1.389504983924305,0.11919184793835658,0.763781020355701,6.15
2018-04-12,3545,3550,2385,2344,1.514505119453925,1.385871813739164,0.12050721606118693,1.0674323905171632,8.49
2018-04-11,3640,3515,2388,2377,1.4787547328565418,1.381681988364594,0.12142129162447311,0.799470531018319,6.56
2018-04-10,3805,3635,2348,2391,1.520284399832706,1.3782966548083426,0.12220457677332462,1.1618856574229153,9.34
2018-04-09,3740,3805,2349,2355,1.615711252653928,1.374383402156285,0.1222942892059508,1.973337038585935,14.94
2018-04-06,3615,3720,2335,2334,1.5938303341902313,1.3697113337535525,0.11965024544979437,1.873117765819544,14.06
2018-04-05,3690,3610,2350,2333,1.5473639091298756,1.3651119816145734,0.11755839313032455,1.5503097878622656,11.78
2018-04-04,3675,3660,2371,2328,1.5721649484536082,1.3610870694327817,0.11641165631596025,1.813202265999263,13.43
2018-04-03,3580,3665,2343,2369,1.5470662726888982,1.3562098032207068,0.11512167221401426,1.6578674179904551,12.34
2018-04-02,3655,3650,2390,2376,1.5361952861952861,1.3516940845942225,0.11418527958467624,1.6158054897456666,12.01
2018-03-30,3725,3660,2400,2393,1.5294609277058087,1.3475976632406415,0.11299760251828493,1.6094435670503597,11.89
2018-03-29,3610,3635,2385,2363,1.5382987727465087,1.3435169076088191,0.11187702631227155,1.7410354168157256,12.66
2018-03-28,3530,3590,2355,2374,1.5122156697556866,1.3393981986974737,0.1103054299578577,1.5667177139351884,11.43
2018-03-27,3615,3625,2348,2391,1.5161020493517356,1.33559950942862,0.1091886033639311,1.6531261904824597,11.91
2018-03-26,3475,3520,2280,2322,1.5159345391903531,1.3323455087210767,0.10738245128542538,1.7096744232564776,12.11
2018-03-23,3565,3515,2320,2303,1.5262700825010855,1.328952620063982,0.10553227885577478,1.8697356351677623,12.93
2018-03-22,3605,3715,2405,2405,1.5446985446985446,1.325989614036027,0.1030409247272888,2.122544331209752,14.16
2018-03-20,3500,3560,2441,2420,1.4710743801652892,1.3225277330569047,0.09995001484848495,1.4862093550818134,10.1
2018-03-19,3575,3560,2478,2466,1.443633414436334,1.3200296870578017,0.09853745508913246,1.254383191312645,8.56
2018-03-16,3735,3615,2500,2479,1.4582492940701897,1.3178792082602648,0.09757168152561066,1.4386355099668997,9.63
2018-03-15,3730,3715,2500,2488,1.4931672025723473,1.3155488421725083,0.09626977984778402,1.845006404716811,11.9
2018-03-14,3885,3740,2473,2500,1.496,1.3124600811903897,0.09421582709536508,1.9480794731423579,12.27
2018-03-13,3795,3920,2482,2486,1.576830249396621,1.3093103493896234,0.09194867594552124,2.909448094342335,16.97
2018-03-12,3760,3760,2550,2517,1.4938418752483116,1.3054491987024481,0.08655586392149182,2.176544349632279,12.61
2018-03-09,3790,3715,2525,2501,1.485405837664934,1.3022131390009268,0.08394969790848658,2.1821722201276432,12.33
2018-03-08,3600,3730,2532,2506,1.4884277733439744,1.2988915791422377,0.08152916645330567,2.324765509657087,12.73
2018-03-07,3580,3545,2530,2504,1.41573482428115,1.295472343806965,0.07884170139010067,1.5253663778656745,8.49
2018-03-06,3495,3570,2475,2528,1.4121835443037976,1.293083334680349,0.07787003616361839,1.5294741789152182,8.43
2018-03-05,3450,3450,2484,2434,1.4174198849630237,1.290741675953431,0.07688775907481118,1.647573170734966,8.94
2018-03-02,3400,3475,2473,2487,1.3972657820667471,1.2880621311608165,0.07592209616998119,1.4383645396385756,7.82
2018-03-01,3455,3450,2552,2523,1.3674197384066586,1.2855642586047282,0.07536792595180467,1.0860784447521394,5.99
2018-02-28,3505,3480,2520,2590,1.3436293436293436,1.2834065957812124,0.07531001836791722,0.7996644955511877,4.48
2018-02-27,3465,3510,2469,2510,1.3984063745019921,1.281903179030271,0.07521820573085794,1.5488696431896691,8.33
2018-02-26,3475,3420,2475,2451,1.3953488372093024,1.2801827075282513,0.07399958959324306,1.556307681084315,8.25
2018-02-23,3410,3450,2430,2445,1.4110429447852761,1.2778154415138263,0.0731120626894126,1.822236965703097,9.44
2018-02-22,3430,3385,2385,2426,1.3953009068425393,1.2755327008950088,0.07157327011115933,1.6733650112887162,8.58
2018-02-21,3355,3425,2403,2400,1.4270833333333333,1.2734125401139518,0.07033856223187498,2.1847303718378144,10.77
2018-02-20,3350,3350,2355,2380,1.4075630252100841,1.2708564095008905,0.06815724153529516,2.005753352538486,9.71
2018-02-19,3355,3355,2347,2371,1.4150147617039224,1.2685976981679135,0.0663730329188985,2.2059721711815787,10.35
2018-02-16,3260,3305,2319,2318,1.4257981018119068,1.266111958814386,0.0643017013385056,2.4833890810583625,11.2
2018-02-15,3185,3160,2348,2306,1.3703382480485689,1.2634346507902274,0.06172585521480095,1.7319095359039678,7.8
2018-02-14,3200,3165,2350,2336,1.3548801369863013,1.2617680675698157,0.06049205478304608,1.539244612378116,6.87
2018-02-13,3235,3185,2463,2375,1.3410526315789473,1.2602375756112416,0.05956183477620583,1.3568261668122792,6.03
2018-02-09,3100,3185,2382,2431,1.3101604278074865,1.2594508909508728,0.058874925189373865,0.8613095760802107,3.87
2018-02-08,3260,3245,2423,2470,1.3137651821862348,1.2590422048564678,0.0586273660578281,0.9334033065000756,4.17
2018-02-07,3290,3210,2550,2398,1.3386155129274395,1.258770541022975,0.058420003722348034,1.3667402741694885,5.96
2018-02-06,3040,3140,2459,2465,1.2738336713995944,1.2586681375412567,0.05828653384517514,0.2601893243235463,1.19
2018-02-05,3330,3340,2532,2559,1.305197342711997,1.2598244973535606,0.059425113282217674,0.7635298083985927,3.48
2018-02-02,3375,3470,2611,2573,1.348620287602021,1.2608629615638438,0.060871852497177775,1.4416733258158347,6.51
2018-02-01,3325,3395,2631,2606,1.3027628549501151,1.2610100126999104,0.06109658119839522,0.6833908122391207,3.2
2018-01-31,3355,3250,2645,2584,1.2577399380804954,1.2613256060253388,0.06137195131065842,-0.058425190470042375,-0.29
2018-01-30,3165,3105,2740,2645,1.173913043478261,1.2617692447016218,0.06146461792017831,-1.4293784651432504,-7.48
2018-01-29,3265,3190,2310,2347,1.3591819343843203,1.2635445896096578,0.06082093392291149,1.5724412403117605,7.04
2018-01-26,3340,3275,2312,2286,1.4326334208223972,1.262742737980546,0.05994490444091384,2.8341138321324384,11.86
2018-01-25,3215,3250,2290,2288,1.4204545454545454,1.2606467959190366,0.05662428386868861,2.822247605039952,11.25
2018-01-24,3240,3210,2301,2289,1.4023591087811271,1.2590564215874858,0.053713766727192074,2.6678949536617727,10.22
2018-01-23,3145,3235,2289,2287,1.414516834280717,1.2575342913610168,0.051189522210588444,3.0666928726916063,11.1
2018-01-22,3120,3115,2272,2270,1.3722466960352422,1.2558240513130456,0.047956810530786244,2.427656122949589,8.48
2018-01-19,3030,3070,2243,2254,1.3620230700976041,1.2541322524469232,0.046018798892130286,2.3444944294087495,7.92
2018-01-18,3040,2995,2280,2224,1.3466726618705036,1.2522869940720633,0.04440186244486631,2.125714161554343,7.01
2018-01-17,2885,2985,2222,2258,1.3219663418954828,1.2509270361321212,0.043030991694089964,1.6508870227389716,5.37
2018-01-16,2800,2845,2242,2243,1.2683905483727151,1.24988080247974,0.04223765595782665,0.4382285302824715,1.46
2018-01-15,2735,2795,2295,2237,1.2494412159141708,1.2493520412928674,0.04225085385481035,0.0021105992700138076,0.01
2018-01-12,2750,2730,2292,2275,1.2,1.2487922811801344,0.04252318592333,-1.1474276943432162,-4.07
2018-01-11,2725,2745,2291,2296,1.1955574912891986,1.2489492166141782,0.04236424661756695,-1.2603015416976622,-4.47
2018-01-10,2700,2735,2312,2309,1.1844954525768732,1.2496828220778335,0.04190724955059468,-1.55551533923169,-5.5
2018-01-09,2700,2710,2318,2317,1.1696158826068193,1.2509408918167522,0.04134392061317848,-1.9670367010140386,-6.95
2018-01-05,2695,2710,2296,2299,1.1787733797303175,1.2522184413655337,0.04027783689446337,-1.8234609228806942,-6.23
2018-01-04,2715,2690,2259,2281,1.179307321350285,1.2531759801617814,0.03936369283372165,-1.876568316990207,-6.26
2017-12-29,2735,2685,2222,2218,1.2105500450856628,1.2538217669548992,0.038535107473786176,-1.1229168596110026,-3.57
2017-12-28,2745,2730,2238,2217,1.2313937753721245,1.2541899380709287,0.03825078312375084,-0.5959659080718155,-1.85
2017-12-27,2745,2745,2237,2234,1.2287376902417189,1.2542153747555345,0.03823624683233169,-0.66632283826226,-2.07
2017-12-26,2760,2745,2252,2238,1.2265415549597856,1.254451207776652,0.038132784936690686,-0.7319070155301549,-2.28
2017-12-25,2730,2750,2219,2256,1.2189716312056738,1.2543730503915493,0.03819586381640174,-0.9268390775514758,-2.9
2017-12-22,2720,2710,2229,2216,1.2229241877256318,1.2542719614606732,0.03829931591868302,-0.8184943512202378,-2.56
2017-12-21,2695,2700,2236,2235,1.2080536912751678,1.2540320867755015,0.038550416658312686,-1.1926821934989198,-3.81
2017-12-20,2730,2685,2242,2237,1.200268216361198,1.2536000449934432,0.03923871363707813,-1.3591635323602975,-4.44
2017-12-19,2770,2740,2266,2237,1.2248547161376844,1.2534383610877746,0.039482362255925475,-0.72395984730626,-2.33
2017-12-18,2780,2775,2230,2262,1.226790450928382,1.253154052852779,0.03976294213665687,-0.6630193971510144,-2.15
2017-12-15,2805,2790,2235,2205,1.2653061224489797,1.253666195140993,0.039667331345362496,0.29343862854407515,0.92
2017-12-14,2775,2785,2235,2230,1.248878923766816,1.2532664034723293,0.03969909009204425,-0.11051839463676998,-0.35
2017-12-13,2770,2765,2291,2220,1.2454954954954955,1.2529109807850682,0.039855798135285184,-0.18605787956878506,-0.6
2017-12-12,2790,2765,2310,2292,1.206369982547993,1.252712141168753,0.03992943002076738,-1.1606015562119798,-3.84
2017-12-11,2795,2795,2285,2313,1.2083873757025507,1.2530429438621877,0.039645895263286594,-1.1263604431954783,-3.7
2017-12-08,2720,2775,2301,2258,1.2289636846767051,1.2530145269792459,0.039678643018091576,-0.6061407465868903,-1.96
2017-12-07,2700,2760,2198,2256,1.2234042553191489,1.2528701745822493,0.039785428095017984,-0.7406208924716878,-2.41
2017-12-06,2710,2685,2197,2184,1.2293956043956045,1.2526967478920694,0.039941536360708414,-0.5833812521890601,-1.9
2017-12-05,2740,2705,2153,2204,1.2273139745916515,1.2522156592133065,0.04043356510346667,-0.6158666582561619,-2.03
2017-12-04,2755,2740,2180,2154,1.2720519962859795,1.2519592966855493,0.040651006307144896,0.4942731170937513,1.58
2017-12-01,2790,2750,2187,2180,1.261467889908257,1.252100205796524,0.04073863155038734,0.22994596910174997,0.74
2017-11-30,2805,2805,2150,2151,1.304044630404463,1.2521733194623137,0.040760293019680593,1.272594162095546,3.98
2017-11-29,2775,2795,2183,2175,1.2850574712643679,1.2516266979462738,0.04033366303537164,0.8288553729616897,2.6
2017-11-28,2785,2760,2156,2150,1.283720930232558,1.2511276527726891,0.040148061622129305,0.8118269262071618,2.54
2017-11-27,2805,2775,2178,2164,1.2823475046210722,1.25064295265029,0.03997068991531536,0.7931950145957846,2.47
2017-11-24,2735,2780,2151,2166,1.283471837488458,1.2498065056577072,0.03995486606529502,0.8425840240769215,2.62
2017-11-22,2785,2740,2200,2172,1.2615101289134438,1.2487378078521902,0.0401117401736805,0.31841852300474877,1.01
2017-11-21,2740,2740,2156,2175,1.2597701149425287,1.247712651879509,0.0407496548473107,0.2958911703227698,0.96
2017-11-20,2735,2765,2184,2148,1.287243947858473,1.2465141189590663,0.041688504929792466,0.9770038279856692,3.16
2017-11-17,2705,2750,2217,2198,1.2511373976342128,1.2446797574878763,0.042866143447665796,0.15064663221268115,0.52
2017-11-16,2620,2705,2141,2188,1.2362888482632541,1.2431450849992285,0.044631511095144946,-0.15361874531557548,-0.55
2017-11-15,2755,2650,2209,2151,1.2319851231985124,1.2421455566878257,0.04560271915842861,-0.22280323798269294,-0.82
2017-11-14,2760,2760,2232,2232,1.2365591397849462,1.2411246352126304,0.046663505792703515,-0.09783867178702246,-0.37
2017-11-13,2775,2760,2261,2232,1.2365591397849462,1.2401326755109934,0.04753267473544852,-0.07518061514392511,-0.29
2017-11-10,2730,2765,2246,2273,1.216454025516938,1.2392265339773663,0.048234762041870195,-0.4721181881370232,-1.87
2017-11-09,2730,2755,2259,2277,1.209925340360123,1.2382196749346797,0.049471894052361506,-0.5719274573277866,-2.34
2017-11-08,2760,2715,2211,2252,1.205595026642984,1.2371589011259807,0.05089954733245648,-0.6201209271436829,-2.62
2017-11-07,2740,2735,2185,2222,1.2308730873087308,1.236036289796804,0.05248705367380529,-0.09837097201457178,-0.42
2017-11-06,2745,2785,2218,2194,1.2693710118505013,1.2342513627007423,0.054855118941030456,0.6402255583022756,2.77
2017-11-02,2745,2695,2226,2213,1.2178038861274287,1.231560286843811,0.057930687894993456,-0.23746309971870794,-1.13
2017-11-01,2755,2745,2210,2214,1.2398373983739837,1.2291357095772186,0.062110273361862894,0.17230142804903686,0.86
2017-10-31,2750,2705,2122,2188,1.2362888482632541,1.22679613068219,0.06490500552834037,0.14625555461849923,0.77
2017-10-30,2750,2745,2245,2222,1.2353735373537353,1.2243908701579211,0.06778720683826128,0.16201681273014526,0.89
2017-10-27,2730,2745,2229,2217,1.2381596752368065,1.2218764966452902,0.07076517394777138,0.23010158363398045,1.32
2017-10-26,2690,2725,2204,2218,1.2285843101893599,1.2192259150177291,0.07376505402421478,0.12686759733896025,0.76
2017-10-25,2690,2695,2185,2200,1.225,1.2167542559024473,0.07646629963332979,0.10783500884824593,0.67
2017-10-24,2665,2675,2185,2148,1.245344506517691,1.2142786004717356,0.07911892380058466,0.3926482382932224,2.49
2017-10-23,2755,2660,2170,2145,1.24009324009324,1.2113396564241683,0.08195345752645646,0.3508526002065191,2.32
2017-10-20,2700,2750,2107,2145,1.2820512820512822,1.2085627800949306,0.08442331447971632,0.8704763892444434,5.73
2017-10-19,2700,2710,2106,2118,1.279508970727101,1.20552961630705,0.08580382748785798,0.8621917761246706,5.78
2017-10-18,2750,2720,2091,2103,1.2933903946742749,1.2026150826550215,0.08694630325547215,1.0440387758928698,7.02
2017-10-17,2865,2775,2075,2085,1.330935251798561,1.1996687988102632,0.0875621123987393,1.4991238720982227,9.86
2017-10-16,2835,2815,2067,2069,1.3605606573223779,1.1961939365077578,0.08745503566499653,1.8794426137362725,12.08
2017-10-13,2790,2845,2044,2057,1.383082158483228,1.1930775861641443,0.08568894916926949,2.2173754511068835,13.74
2017-10-12,2775,2790,2075,2052,1.3596491228070176,1.1900074527340307,0.08290609421300116,2.0461905929031685,12.48
2017-10-11,2730,2755,2098,2077,1.326432354357246,1.1873460372906603,0.08058907070140348,1.7258707149251626,10.49
2017-10-10,2705,2715,2068,2103,1.291012838801712,1.18539561956338,0.07895284066241076,1.337725385840564,8.18
2017-10-06,2725,2720,2092,2081,1.3070639115809708,1.1839789816046409,0.07799241113582421,1.578165467432169,9.42
2017-10-05,2705,2715,2098,2090,1.299043062200957,1.1821382158433165,0.07668388436057025,1.5245034511808238,9.0
2017-10-04,2765,2695,2131,2113,1.2754377662091814,1.1803189966941872,0.0754981745839923,1.2598817128906057,7.46
2017-10-03,2735,2765,2141,2125,1.3011764705882354,1.1785793888413032,0.07478620911879034,1.639300657052948,9.42
2017-10-02,2785,2740,2147,2127,1.2881993417959567,1.17685824200419,0.07341781494682549,1.5165406362530411,8.64
2017-09-29,2695,2750,2156,2138,1.2862488306828812,1.175236576550397,0.07227492397633468,1.5359719253227238,8.63
2017-09-28,2625,2685,2152,2156,1.2453617810760669,1.1732123448865983,0.07125623916080148,1.0125350009934069,5.79
2017-09-27,2625,2610,2122,2133,1.2236286919831223,1.171719104560809,0.07090120914174083,0.7321396637755377,4.24
2017-09-26,2620,2630,2113,2113,1.2446758163748226,1.1706006546967478,0.07073495418145066,1.0472214555770516,5.95
2017-09-25,2615,2630,2129,2115,1.243498817966903,1.1694220837976708,0.0702254672907394,1.0548414560567942,5.96
2017-09-22,2610,2600,2148,2116,1.2287334593572778,1.1683118281593645,0.06970183235570082,0.8668585768243655,4.92
2017-09-21,2615,2590,2173,2145,1.2074592074592074,1.1674877704860445,0.06934706103158793,0.5763969860951393,3.31
2017-09-20,2660,2615,2168,2158,1.21177015755329,1.1672190244250633,0.06923059403322976,0.643517995914389,3.68
2017-09-19,2705,2705,2150,2163,1.250577901063338,1.1665724350177975,0.06903767326921299,1.2168061591235912,6.72
2017-09-15,2660,2715,2112,2123,1.2788506829957607,1.165374883028298,0.06834562298525253,1.6603228562558905,8.87
2017-09-14,2665,2665,2125,2106,1.2654320987654322,1.1640250117042497,0.06707911758746793,1.511753444415135,8.01
2017-09-13,2620,2655,2140,2123,1.2505887894488932,1.1629134337117062,0.06607268013833384,1.326953221113847,7.01
2017-09-12,2615,2620,2134,2134,1.2277413308341143,1.1618851750224557,0.06529574677490264,1.0085826269617206,5.36
2017-09-11,2625,2615,2105,2112,1.238162878787879,1.1610423561383996,0.06484666803368692,1.1892750234972183,6.23
2017-09-08,2640,2585,2098,2096,1.2333015267175573,1.160116187957921,0.06423171710053249,1.1393956453801495,5.93
2017-09-07,2580,2615,2102,2098,1.2464251668255482,1.1590297497489368,0.06367131642752971,1.3726026408780831,7.01
2017-09-06,2500,2550,2042,2089,1.2206797510770704,1.1575606686187574,0.06290438277730298,1.003413111639138,5.17
2017-09-05,2550,2510,2108,2072,1.2113899613899615,1.1562202306645573,0.06261555888388351,0.8810866134360135,4.55
2017-09-04,2505,2540,2132,2108,1.2049335863377608,1.154812966935019,0.06254582673077143,0.8013423440461692,4.16
2017-09-01,2540,2530,2160,2152,1.1756505576208178,1.1540115535999407,0.06228300942168462,0.3474302899266017,1.84
2017-08-31,2540,2545,2156,2142,1.188141923436041,1.153112487545503,0.06245061358934405,0.5609141988721014,2.95
2017-08-30,2720,2590,2160,2152,1.203531598513011,1.1515636018690614,0.06300075730290058,0.8248789200119195,4.32
2017-08-29,2600,2705,2132,2138,1.265201122544434,1.149853431451612,0.06330697979770489,1.8220374982570837,9.12
2017-08-28,2600,2630,2130,2129,1.2353217472992015,,,,
2017-08-25,2575,2585,2078,2115,1.2222222222222223,,,,
2017-08-24,2525,2535,2059,2060,1.2305825242718447,,,,
2017-08-23,2485,2535,2060,2059,1.2311801845556096,,,,
2017-08-22,2488,2468,2025,2046,1.206256109481916,,,,
2017-08-21,2465,2485,2031,2040,1.2181372549019607,,,,
2017-08-18,2428,2468,2038,2039,1.2103972535556646,,,,
2017-08-17,2448,2463,2028,2064,1.193313953488372,,,,
2017-08-16,2470,2450,2026,2028,1.208086785009862,,,,
2017-08-15,2400,2428,1887,1893,1.2826201796090861,,,,
2017-08-14,2388,2373,1904,1873,1.2669514148424987,,,,
2017-08-10,2378,2420,1915,1916,1.2630480167014613,,,,
2017-08-09,2373,2368,1893,1898,1.2476290832455217,,,,
2017-08-08,2338,2370,1915,1900,1.2473684210526317,,,,
2017-08-07,2355,2338,1930,1917,1.2196139801773604,,,,
2017-08-04,2263,2320,1920,1928,1.2033195020746887,,,,
2017-08-03,2240,2265,1918,1912,1.1846234309623431,,,,
2017-08-02,2250,2245,1958,1919,1.1698801459093278,,,,
2017-08-01,2220,2243,2004,1951,1.149666837519221,,,,
2017-07-31,2198,2213,1914,1948,1.1360369609856262,,,,
2017-07-28,2220,2210,1907,1903,1.16132422490804,,,,
2017-07-27,2205,2208,1896,1911,1.1554160125588697,,,,
2017-07-26,2213,2193,1906,1887,1.162162162162162,,,,
2017-07-25,2210,2218,1933,1898,1.1685985247629083,,,,
2017-07-24,2213,2210,1915,1937,1.1409395973154361,,,,
2017-07-21,2180,2185,1936,1933,1.1303673047077083,,,,
2017-07-20,2195,2180,1966,1944,1.1213991769547325,,,,
2017-07-19,2123,2160,1967,1969,1.0970035551041137,,,,
2017-07-18,2118,2118,2000,1984,1.0675403225806452,,,,
2017-07-14,2110,2103,2050,2030,1.035960591133005,,,,
2017-07-13,2098,2100,1980,1973,1.0643689812468322,,,,
2017-07-12,2080,2078,1959,1968,1.0558943089430894,,,,
2017-07-11,2033,2058,1956,1966,1.0467955239064088,,,,
2017-07-10,2028,2033,1955,1956,1.0393660531697342,,,,
2017-07-07,2018,2028,1937,1944,1.0432098765432098,,,,
2017-07-06,2020,2035,1951,1958,1.0393258426966292,,,,
2017-07-05,2010,2015,1949,1966,1.0249237029501526,,,,
2017-07-04,2068,2010,1977,1948,1.0318275154004106,,,,
2017-07-03,2083,2068,1954,1961,1.0545639979602244,,,,
2017-06-30,2073,2055,1935,1937,1.060918946824987,,,,
2017-06-29,2093,2088,1955,1947,1.0724191063174113,,,,
2017-06-28,2138,2070,1929,1934,1.0703205791106516,,,,
2017-06-27,2165,2150,1901,1908,1.1268343815513626,,,,
2017-06-26,2148,2165,1860,1878,1.1528221512247072,,,,
2017-06-23,2188,2160,1861,1862,1.1600429645542427,,,,
2017-06-22,2185,2188,1842,1854,1.180151024811219,,,,
2017-06-21,2180,2193,1852,1851,1.1847649918962724,,,,
2017-06-20,2180,2165,1850,1852,1.1690064794816415,,,,
2017-06-19,2100,2145,1832,1845,1.1626016260162602,,,,
2017-06-16,2133,2093,1829,1828,1.1449671772428884,,,,
2017-06-15,2083,2125,1803,1813,1.1720904578047435,,,,
2017-06-14,2155,2108,1824,1807,1.166574432761483,,,,
2017-06-13,2115,2135,1872,1882,1.134431455897981,,,,
2017-06-12,2120,2133,1890,1882,1.1333687566418704,,,,
2017-06-09,2165,2145,1886,1882,1.1397449521785334,,,,
2017-06-08,2220,2190,1915,1894,1.1562829989440337,,,,
2017-06-07,2223,2223,1905,1916,1.1602296450939458,,,,
2017-06-06,2265,2223,1912,1905,1.1669291338582677,,,,
2017-06-05,2228,2263,1922,1906,1.1873032528856244,,,,
2017-06-02,2200,2230,1905,1917,1.1632759520083464,,,,
2017-06-01,2188,2195,1867,1891,1.1607615018508726,,,,
2017-05-31,2173,2188,1844,1858,1.1776103336921422,,,,
2017-05-30,2188,2188,1800,1851,1.1820637493246893,,,,
2017-05-29,2158,2185,1877,1862,1.1734693877551021,,,,
2017-05-26,2215,2180,1880,1872,1.1645299145299146,,,,
2017-05-25,2188,2203,1918,1885,1.1687002652519893,,,,
2017-05-24,2185,2185,1912,1897,1.1518186610437533,,,,
2017-05-23,2140,2160,1902,1901,1.1362440820620725,,,,
2017-05-22,2123,2135,1907,1906,1.120146904512067,,,,
2017-05-19,2158,2100,1885,1899,1.1058451816745656,,,,
2017-05-18,2108,2158,1900,1885,1.1448275862068966,,,,
2017-05-17,2100,2130,1951,1922,1.1082206035379814,,,,
2017-05-16,2100,2100,1974,1959,1.0719754977029097,,,,
2017-05-15,2105,2100,1963,1953,1.075268817204301,,,,
