DATE,OPEN_2127,CLOSE_2127,OPEN_8425,CLOSE_8425,saya_divide,saya_divide_mean,saya_divide_std,saya_divide_sigma,deviation_rate(%)
2020-03-06,3460,3455,2571.0,2512.0,1.3753980891719746,1.1380684213598333,0.06002417293335204,3.9539015069089034,17.26
2020-03-05,3565,3475,2689.0,2632.0,1.3202887537993921,1.133805031893184,0.05407683390941524,3.4484955650064357,14.12
2020-03-04,3400,3495,2672.0,2688.0,1.3002232142857142,1.1300136818425255,0.05073415648224389,3.35492977995523,13.09
2020-03-03,3560,3460,2842.0,2722.0,1.2711241734019103,1.1263419685920082,0.04818363652787794,3.004800285801062,11.39
2020-03-02,3255,3460,2748.0,2828.0,1.2234794908062234,1.1229957134634452,0.046704558330351274,2.151476877953435,8.21
2020-02-28,3240,3280,2878.0,2848.0,1.151685393258427,1.1206939530210571,0.04594340088827835,0.6745569469864127,2.69
2020-02-27,3480,3380,3035.0,2973.0,1.1368987554658594,1.1197755150812205,0.04600314931157643,0.3722188728572523,1.51
2020-02-26,3595,3485,3050.0,3070.0,1.1351791530944626,1.1194292980201324,0.04597067688656972,0.3426065514152032,1.39
2020-02-25,3465,3600,3085.0,3115.0,1.1556982343499198,1.1191298615397958,0.04594024351586336,0.7959986715677035,3.16
2020-02-21,3655,3675,3215.0,3230.0,1.1377708978328174,1.11809623035867,0.045977936736153725,0.42791540618821944,1.73
2020-02-20,3800,3680,3240.0,3220.0,1.1428571428571428,1.1166044846227328,0.04711628231411584,0.5571886605863393,2.3
2020-02-19,3690,3730,3250.0,3230.0,1.1547987616099071,1.1148731644523884,0.04848559880043327,0.8234526982300975,3.46
2020-02-18,3830,3710,3275.0,3230.0,1.1486068111455108,1.112627261940407,0.05044578349124614,0.7132320427008009,3.13
2020-02-17,3865,3830,3320.0,3305.0,1.1588502269288956,1.1106900611196056,0.05179846645442032,0.9297604563576846,4.16
2020-02-14,3945,3930,3350.0,3360.0,1.1696428571428572,1.108444234402427,0.05329164041854138,1.1483719071094272,5.23
2020-02-13,3915,3965,3375.0,3375.0,1.1748148148148148,1.1059000277947024,0.05484155463903102,1.256616218736172,5.87
2020-02-12,3800,3910,3365.0,3360.0,1.1636904761904763,1.103524940269366,0.05565676804327638,1.0810102353469029,5.17
2020-02-10,3795,3800,3310.0,3370.0,1.1275964391691395,1.1011997980912827,0.05672701431878035,0.465327523312255,2.34
2020-02-07,3750,3830,3445.0,3420.0,1.1198830409356726,1.0992477004564982,0.058282820927770505,0.35405527993827896,1.84
2020-02-06,3710,3815,3365.0,3410.0,1.1187683284457477,1.0974859045023007,0.05961431996921496,0.35700187395305955,1.9
2020-02-05,3590,3680,3345.0,3335.0,1.103448275862069,1.0958801415428798,0.060632707474914366,0.12481933653251912,0.69
2020-02-04,3435,3520,3230.0,3310.0,1.0634441087613293,1.0947269732152392,0.0612966193386288,-0.5103521987255099,-2.94
2020-02-03,3145,3405,3225.0,3240.0,1.0509259259259258,1.0943384793013198,0.06158531142903016,-0.7049173312279475,-4.13
2020-01-31,3340,3180,3310.0,3295.0,0.9650986342943855,1.0941536299387533,0.06173595934845881,-2.0904347645419654,-13.37
2020-01-30,3900,3810,3315.0,3310.0,1.151057401812689,1.0953939102564236,0.06004193354980094,0.9270769321593543,4.84
2020-01-29,4035,3940,3315.0,3330.0,1.1831831831831832,1.0938744714868918,0.06005599569622406,1.4870906836352156,7.55
2020-01-28,3915,3965,3245.0,3305.0,1.199697428139183,1.0918255009872169,0.059593737219923795,1.8101218715966287,8.99
2020-01-27,3955,3955,3215.0,3295.0,1.2003034901365706,1.0895256804034108,0.058708093888229146,1.8869256757690525,9.23
2020-01-24,4000,4025,3420.0,3300.0,1.2196969696969697,1.087251095943431,0.0576675790144071,2.2967129194109193,10.86
2020-01-23,4050,4040,3425.0,3445.0,1.1727140783744556,1.0848109761320557,0.05585509588002821,1.573770501284395,7.5
2020-01-22,3990,4035,3415.0,3430.0,1.1763848396501457,1.0830465657418655,0.05513592385881529,1.6928758489163687,7.93
2020-01-21,4000,4015,3470.0,3440.0,1.1671511627906976,1.0807483154032909,0.05478873335212169,1.5770185237191805,7.4
2020-01-20,4065,4030,3445.0,3485.0,1.156384505021521,1.078279981816626,0.05501018845072702,1.4198192263030265,6.75
2020-01-17,4050,4015,3425.0,3425.0,1.1722627737226277,1.0762482239956142,0.054901883665577286,1.7488388979850849,8.19
2020-01-16,3985,3980,3405.0,3395.0,1.1723122238586157,1.0744845411345099,0.05390474110730121,1.8148252030257017,8.34
2020-01-15,3875,3965,3390.0,3385.0,1.171344165435746,1.0727671490538753,0.052801158794377856,1.8669479729745422,8.42
2020-01-14,3920,3900,3450.0,3380.0,1.1538461538461537,1.071423466664474,0.05154275568021633,1.599112932437101,7.14
2020-01-10,3925,3915,3505.0,3455.0,1.1331403762662808,1.0699200667494717,0.050755125631130174,1.2455945824323513,5.58
2020-01-09,3850,3875,3455.0,3480.0,1.1135057471264367,1.0680519927441967,0.0509717586551992,0.8917438907633928,4.08
2020-01-08,3745,3765,3385.0,3420.0,1.1008771929824561,1.0666777991292045,0.051116903868239076,0.6690427483911261,3.11
2020-01-07,3765,3805,3410.0,3455.0,1.101302460202605,1.0660573085087137,0.05098026767288131,0.6913488944397927,3.2
2020-01-06,3705,3730,3325.0,3390.0,1.1002949852507375,1.0651135591993823,0.050974224476864304,0.6901807023532653,3.2
2019-12-30,3805,3765,3420.0,3425.0,1.0992700729927007,1.0648427714702697,0.050840380483003725,0.6771645136279081,3.13
2019-12-27,3795,3775,3445.0,3450.0,1.0942028985507246,1.0654871724217303,0.05157366528329244,0.5567904854398029,2.62
2019-12-26,3735,3765,3350.0,3400.0,1.1073529411764707,1.065879618622872,0.051901625635005895,0.7990755982337908,3.75
2019-12-25,3725,3750,3395.0,3370.0,1.1127596439169138,1.0662642208250057,0.05231277282950777,0.8887967618050198,4.18
2019-12-24,3670,3725,3375.0,3390.0,1.09882005899705,1.066806270283958,0.05299787111340862,0.6040580129074739,2.91
2019-12-23,3700,3705,3440.0,3390.0,1.092920353982301,1.0673090877015128,0.053475953474309564,0.4789305214182309,2.34
2019-12-20,3645,3680,3445.0,3460.0,1.0635838150289016,1.0680829172038042,0.054255204378588065,-0.08292480373879395,-0.42
2019-12-19,3650,3625,3465.0,3450.0,1.0507246376811594,1.0694056756390777,0.05532812849206817,-0.33764087936927817,-1.78
2019-12-18,3730,3635,3455.0,3465.0,1.049062049062049,1.0710010678609034,0.05647959885122785,-0.38844147701267634,-2.09
2019-12-17,3810,3775,3415.0,3455.0,1.0926193921852387,1.0724181046177463,0.05723949500912392,0.3529256777033469,1.85
2019-12-16,3725,3780,3410.0,3370.0,1.1216617210682494,1.073104083343412,0.05778318994307183,0.8403419363430173,4.33
2019-12-13,3775,3715,3355.0,3350.0,1.108955223880597,1.073244498342958,0.05791366412937911,0.6166200338811448,3.22
2019-12-12,3760,3750,3315.0,3285.0,1.1415525114155252,1.0733226449347435,0.05796572906225015,1.1770725148217962,5.98
2019-12-11,3720,3750,3345.0,3300.0,1.1363636363636365,1.0729790305041005,0.05763569603262315,1.0997456476218976,5.58
2019-12-10,3720,3755,3340.0,3345.0,1.1225710014947683,1.072918586553706,0.0575715327404488,0.862447334256523,4.42
2019-12-09,3675,3685,3330.0,3345.0,1.101644245142003,1.0731374311360415,0.05779063751589949,0.493277375563102,2.59
2019-12-06,3630,3675,3275.0,3295.0,1.1153262518968134,1.0732405869914214,0.057848306092027395,0.727517670758422,3.77
2019-12-05,3720,3645,3270.0,3255.0,1.119815668202765,1.0730280820221958,0.05772245153014335,0.8105613143637199,4.18
2019-12-04,3670,3675,3220.0,3270.0,1.1238532110091743,1.0732183361261693,0.057899594311215254,0.8745290098379314,4.51
2019-12-03,3680,3735,3225.0,3230.0,1.1563467492260062,1.0736241320059245,0.058357891244527824,1.4175052500348615,7.15
2019-12-02,3695,3750,3255.0,3280.0,1.1432926829268293,1.072907697003889,0.05766363991228546,1.2206129552349745,6.16
2019-11-29,3650,3645,3245.0,3250.0,1.1215384615384616,1.0719796912175312,0.05708054335970639,0.8682252726401742,4.42
2019-11-28,3655,3640,3275.0,3265.0,1.114854517611026,1.0717643185235843,0.05692340237454136,0.7569856559859033,3.87
2019-11-27,3610,3650,3230.0,3280.0,1.1128048780487805,1.0713610916845027,0.05672349854993969,0.7306281774526031,3.72
2019-11-26,3570,3575,3215.0,3225.0,1.1085271317829457,1.0715863499521232,0.05692083321625579,0.648985261520605,3.33
2019-11-25,3590,3575,3190.0,3200.0,1.1171875,1.0721400793911773,0.05747678884923541,0.7837497798804389,4.03
2019-11-22,3595,3610,3150.0,3150.0,1.146031746031746,1.0728219500076408,0.05830454870010575,1.2556446736371423,6.39
2019-11-21,3600,3590,3125.0,3135.0,1.1451355661881977,1.0725945132397416,0.058051244897258485,1.2496037436723746,6.33
2019-11-20,3585,3600,3145.0,3125.0,1.152,1.0716752916669905,0.05743789765256814,1.3984618451545636,6.97
2019-11-19,3535,3595,3175.0,3160.0,1.1376582278481013,1.0696389174405616,0.05726110752004448,1.1878797556217244,5.98
2019-11-18,3420,3495,3195.0,3175.0,1.1007874015748031,1.067989543688913,0.05705933756374695,0.574802640308401,2.98
2019-11-15,3365,3385,3140.0,3200.0,1.0578125,1.0668745891940905,0.057224320930541646,-0.15836079916247398,-0.86
2019-11-14,3360,3330,3135.0,3105.0,1.0724637681159421,1.0663880695862473,0.05745395175665374,0.10574901018868871,0.57
2019-11-13,3320,3320,3180.0,3145.0,1.055643879173291,1.065804257209382,0.057611495089249704,-0.17636025623620674,-0.96
2019-11-12,3310,3315,3220.0,3200.0,1.0359375,1.0652417780727412,0.05791309604405178,-0.5060043422726163,-2.83
2019-11-11,3315,3300,3225.0,3220.0,1.0248447204968945,1.0647022568228983,0.05837026135044305,-0.6828397784054351,-3.89
2019-11-08,3400,3290,3260.0,3225.0,1.0201550387596898,1.0643020368579428,0.05874388478138013,-0.7515164899725204,-4.33
2019-11-07,3405,3410,3200.0,3245.0,1.0508474576271187,1.064008240351172,0.059018402888644364,-0.22299455898332066,-1.25
2019-11-06,3440,3400,3140.0,3140.0,1.0828025477707006,1.0631801895242288,0.05962974860160123,0.3290699475788991,1.81
2019-11-05,3445,3455,3120.0,3110.0,1.1109324758842443,1.0619540554318527,0.060156791716119394,0.8141793977897172,4.41
2019-11-01,3330,3455,3060.0,3105.0,1.1127214170692432,1.0602534718109822,0.0605496709701888,0.8665273389196989,4.72
2019-10-31,3240,3310,3100.0,3070.0,1.0781758957654723,1.0587654171625358,0.06061329067165569,0.32023469420401185,1.8
2019-10-30,3145,3170,3060.0,3090.0,1.0258899676375404,1.057827744782859,0.0608492616972556,-0.5248671266418848,-3.11
2019-10-29,3045,3115,3025.0,3075.0,1.0130081300813008,1.0573778723171623,0.061207393422907604,-0.7249082137723517,-4.38
2019-10-28,3010,2964,3010.0,3005.0,0.9863560732113145,1.0572597139097961,0.06130141491079458,-1.1566395457863439,-7.19
2019-10-25,2999,3025,3025.0,3015.0,1.0033167495854063,1.0575711311281417,0.06099900664403383,-0.8894305748180888,-5.41
2019-10-24,3005,2996,3065.0,3025.0,0.9904132231404958,1.0577205042262483,0.06087956663204404,-1.1055808181513103,-6.8
2019-10-23,3005,3005,3015.0,3070.0,0.9788273615635179,1.058240780747897,0.06046747657956359,-1.3133245122257806,-8.11
2019-10-21,2960,3005,3005.0,3015.0,0.9966832504145937,1.0591171172873397,0.05978260136561631,-1.044348446647799,-6.26
2019-10-18,2934,2960,2991.0,2992.0,0.9893048128342246,1.059235634820197,0.05966741023638598,-1.1720103438196101,-7.07
2019-10-17,2965,2921,2995.0,2977.0,0.9811891165602956,1.0588195919072623,0.0602594148352187,-1.2882713109519845,-7.91
2019-10-16,3020,2983,3040.0,3020.0,0.9877483443708609,1.0586570056040276,0.06048468003500506,-1.1723408504786483,-7.18
2019-10-15,3030,3000,3020.0,3005.0,0.9983361064891847,1.0586235404219544,0.060524584553855836,-0.9960817472299192,-6.04
2019-10-11,3030,2998,2965.0,2948.0,1.0169606512890095,1.0583957569148594,0.060782644034448594,-0.681693043862432,-4.07
2019-10-10,3090,3045,2950.0,2944.0,1.0343070652173914,1.058214592408917,0.06092595242985566,-0.3924030111642574,-2.31
2019-10-09,3050,3050,2903.0,2941.0,1.037062223733424,1.057857869807227,0.06114282431456446,-0.34011588942660953,-2.01
2019-10-08,3095,3095,2964.0,2925.0,1.0581196581196581,1.057192011950433,0.061635606499295545,0.015050491459603639,0.09
2019-10-07,3090,3075,2971.0,2965.0,1.0370994940978078,1.05589980012015,0.06261083454552839,-0.30027240746441997,-1.81
2019-10-04,3070,3070,2926.0,2982.0,1.0295103957075789,1.055379558208567,0.06292619675953998,-0.4111032262102544,-2.51
2019-10-03,2995,3020,2901.0,2940.0,1.0272108843537415,1.0547940943496696,0.06336688397621,-0.43529377278964443,-2.69
2019-10-02,3050,3050,2921.0,2962.0,1.0297096556380825,1.054918715917007,0.0633216891651199,-0.3981109886880703,-2.45
2019-10-01,3060,3080,2939.0,2971.0,1.0366879838438237,1.0549253915091366,0.06331905752312268,-0.2880239911760059,-1.76
2019-09-30,2991,3040,2913.0,2922.0,1.0403832991101984,1.0546716303621682,0.06342967874622163,-0.2252625511337756,-1.37
2019-09-27,3000,3000,3025.0,2988.0,1.0040160642570282,1.0544247901950476,0.06352075911886439,-0.7935787707399912,-5.02
2019-09-26,3050,3005,3025.0,3060.0,0.9820261437908496,1.0543412351697452,0.06359109427039272,-1.1371889760444749,-7.36
2019-09-25,3060,3010,2969.0,2998.0,1.0040026684456305,1.0541289952428867,0.06385810017625738,-0.784964267006073,-4.99
2019-09-24,3100,3095,2942.0,2976.0,1.039986559139785,1.0536545736986995,0.06435895109590978,-0.21237161771866073,-1.31
2019-09-20,3130,3070,2922.0,2942.0,1.0435078178110129,1.0532210394483785,0.06455876497482708,-0.15045550578845582,-0.93
2019-09-19,3070,3110,2874.0,2905.0,1.0705679862306368,1.0528189287384062,0.06471175318039135,0.2742787302138614,1.66
2019-09-18,3020,3015,2999.0,2896.0,1.0410911602209945,1.0528144588961368,0.06471053860993047,-0.18116521554254642,-1.13
2019-09-17,3000,2994,2978.0,3015.0,0.9930348258706467,1.0532461902096846,0.06473889232540417,-0.930064790673138,-6.06
2019-09-13,3065,3000,2929.0,2969.0,1.0104412260020208,1.0550450959434827,0.06491504924525954,-0.6871113934296084,-4.41
2019-09-12,3035,3085,2929.0,2926.0,1.0543403964456597,1.0571097796098765,0.06591838768196999,-0.04201230129562625,-0.26
2019-09-11,3045,3005,2846.0,2916.0,1.0305212620027435,1.059009495463762,0.06783636087285866,-0.4199552142016028,-2.76
2019-09-10,3160,3065,2783.0,2838.0,1.079985905567301,1.060814383309956,0.06884765510871892,0.278462966197916,1.78
2019-09-09,3090,3180,2750.0,2771.0,1.1476001443522195,1.0625618104995291,0.07094336067890111,1.1986792426931239,7.41
2019-09-06,3090,3090,2764.0,2750.0,1.1236363636363635,1.0635751067046457,0.0726724114580623,0.8264657209892903,5.35
2019-09-05,3105,3120,2704.0,2746.0,1.1361981063364894,1.0651378499263362,0.07516462162038716,0.9453949860751952,6.25
2019-09-04,3080,3075,2690.0,2666.0,1.1534133533383346,1.0660901185127023,0.07649942213674465,1.1414888163408583,7.57
2019-09-03,3060,3080,2661.0,2710.0,1.136531365313653,1.0667948821623605,0.07753709605051194,0.8993950857517589,6.14
2019-09-02,3115,3065,2639.0,2663.0,1.1509575666541494,1.0676124923211139,0.07858437357116448,1.0605807560145508,7.24
2019-08-30,3000,3100,2588.0,2666.0,1.1627906976744187,1.0680906287679643,0.0791967289422624,1.1957573269913013,8.14
2019-08-29,2995,2995,2573.0,2559.0,1.170379054318093,1.0686376729594813,0.07998673117542812,1.2719782376838342,8.69
2019-08-28,2950,2975,2599.0,2575.0,1.1553398058252426,1.0686783753594715,0.08003925284287952,1.0827366246895285,7.5
2019-08-27,2929,2970,2608.0,2596.0,1.1440677966101696,1.0690820298156307,0.08054999610734974,0.9309220411954409,6.55
2019-08-26,2854,2912,2572.0,2572.0,1.1321928460342146,1.0693263680260705,0.08080447719618099,0.7780073603534838,5.55
2019-08-23,2947,2942,2601.0,2639.0,1.114816218264494,1.0693437190080457,0.08081811308975381,0.5626523253017325,4.08
2019-08-22,3015,2920,2635.0,2617.0,1.1157814291173098,1.0695052046229612,0.08092084685097903,0.5718702447537322,4.15
2019-08-21,2951,2962,2590.0,2617.0,1.1318303400840657,1.0694886408193816,0.08091149941203235,0.7704924481403604,5.51
2019-08-20,2959,2983,2626.0,2619.0,1.1389843451699122,1.070508041424935,0.08216247447020578,0.833425528947627,6.01
2019-08-19,2926,2921,2626.0,2633.0,1.1093809342954803,1.0711523838946047,0.08288328967019391,0.46123350741739755,3.45
2019-08-16,2880,2876,2559.0,2616.0,1.099388379204893,1.0726264772557954,0.08451711662637662,0.31664475809561216,2.43
2019-08-15,2904,2918,2542.0,2573.0,1.1340847260007774,1.0740017208073251,0.08577124859838905,0.7005028628507186,5.3
2019-08-14,2883,3015,2595.0,2612.0,1.1542879019908117,1.0747986973333288,0.08659953390619725,0.9178941395179318,6.89
2019-08-13,2769,2826,2585.0,2563.0,1.1026141240733516,1.0754869240797909,0.08742964608305082,0.3102746174654781,2.46
2019-08-09,2859,2812,2595.0,2619.0,1.073692248949981,1.07663657469867,0.08834094273379621,-0.03332911849901022,-0.27
2019-08-08,2879,2853,2575.0,2581.0,1.1053855094924447,1.0779414231877291,0.08900804993910658,0.3083326319753219,2.48
2019-08-07,2980,2897,2625.0,2671.0,1.0846125046798951,1.0787585052833855,0.08953594367762066,0.06538155690397725,0.54
2019-08-06,2905,3005,2589.0,2660.0,1.1296992481203008,1.0797363768459254,0.08999386287955984,0.5551808720694815,4.42
2019-08-05,3105,3035,2680.0,2639.0,1.1500568397120121,1.0801199587823662,0.09026689904587099,0.7747788133732835,6.08
2019-08-02,3030,3165,2709.0,2709.0,1.168327796234773,1.0800704204317344,0.09022951594386322,0.9781430708100917,7.55
2019-08-01,2895,3125,2755.0,2768.0,1.1289739884393064,1.0795926424626925,0.08985500987827838,0.5495669751025358,4.37
2019-07-31,2900,2952,2697.0,2743.0,1.076193948231863,1.0795579709684833,0.08983644865225456,-0.037446078814201464,-0.31
2019-07-30,2744,2745,2737.0,2747.0,0.9992719330178377,1.0800801399653723,0.08992914546369538,-0.898576390678116,-8.09
2019-07-29,2813,2761,2739.0,2723.0,1.0139551964744766,1.0814198319767552,0.08946255256778543,-0.7541103351724829,-6.65
2019-07-26,2769,2785,2700.0,2738.0,1.0171658144631117,1.0825656535426946,0.08914089165956433,-0.7336682173805231,-6.43
2019-07-25,2776,2778,2696.0,2720.0,1.0213235294117646,1.0835336641074833,0.08881905417811709,-0.7004142891565015,-6.09
2019-07-24,2765,2762,2682.0,2685.0,1.0286778398510241,1.084477356691907,0.08852858872063263,-0.6302994055058079,-5.42
2019-07-23,2647,2711,2652.0,2675.0,1.0134579439252336,1.085554839508492,0.08833445931237696,-0.816180866951393,-7.11
2019-07-22,2652,2639,2701.0,2651.0,0.995473406261788,1.0874973079327688,0.08832949903945654,-1.0418252415297171,-9.24
2019-07-19,2683,2693,2660.0,2707.0,0.9948282231252309,1.0894963221145817,0.08791981859218015,-1.0767549399581093,-9.52
2019-07-18,2711,2655,2727.0,2660.0,0.9981203007518797,1.0913801076161558,0.0873832115167783,-1.0672508511130812,-9.34
2019-07-17,2710,2723,2730.0,2754.0,0.9887436456063907,1.0927787641153077,0.08671626459447583,-1.1997186340467028,-10.52
2019-07-16,2687,2705,2690.0,2730.0,0.9908424908424909,1.0943372309068327,0.0858788249646168,-1.2051252460310558,-10.45
2019-07-12,2669,2664,2691.0,2709.0,0.9833887043189369,1.0959778363246604,0.08505740349263695,-1.3236840931250606,-11.45
2019-07-11,2680,2688,2664.0,2685.0,1.0011173184357542,1.0979984576669513,0.08415400922052314,-1.151236169596184,-9.68
2019-07-10,2678,2696,2650.0,2675.0,1.0078504672897197,1.0993919421540845,0.08340015387176543,-1.097617577602043,-9.08
2019-07-09,2664,2654,2662.0,2675.0,0.9921495327102804,1.1008707887406315,0.08274461387508514,-1.3139375596637797,-10.96
2019-07-08,2697,2664,2660.0,2653.0,1.0041462495288354,1.102263682189206,0.08177632991653543,-1.1998268051465955,-9.77
2019-07-05,2694,2703,2695.0,2677.0,1.0097123645872246,1.1032554398333234,0.08102799433232374,-1.1544537911483583,-9.26
2019-07-04,2728,2725,2665.0,2686.0,1.0145197319434103,1.1040061126434793,0.08041638573458146,-1.1127878961810536,-8.82
2019-07-03,2782,2728,2655.0,2650.0,1.0294339622641508,1.1048964454610748,0.07978790020180526,-0.9457885594940942,-7.33
2019-07-02,2717,2790,2682.0,2671.0,1.0445526020217146,1.1053376436665958,0.0794602147471111,-0.764974545290807,-5.82
2019-07-01,2684,2707,2715.0,2692.0,1.0055720653789004,1.1057134915661329,0.07923816775286652,-1.2638028998797706,-9.96
2019-06-28,2563,2584,2683.0,2697.0,0.9581015943641082,1.1061959847471365,0.07873550211847057,-1.8809099630836903,-15.46
2019-06-27,2568,2594,2646.0,2677.0,0.9689951438177064,1.107493480562712,0.07706850361301679,-1.7970809118138027,-14.29
2019-06-26,2578,2603,2669.0,2642.0,0.9852384557153672,1.1085074356132985,0.0757282763013252,-1.6277800831942897,-12.51
2019-06-25,2679,2617,2669.0,2667.0,0.9812523434570679,1.1095028042981343,0.0745834553996621,-1.7195564371994412,-13.07
2019-06-24,2628,2677,2659.0,2668.0,1.0033733133433282,1.110210862720656,0.07360824572946875,-1.451434527729218,-10.65
2019-06-21,2700,2668,2712.0,2648.0,1.0075528700906344,1.110491562691487,0.07323951043275952,-1.4055076555346402,-10.22
2019-06-20,2674,2683,2752.0,2718.0,0.9871228844738779,1.1110004651697714,0.07265272895821832,-1.7050643860485124,-12.55
2019-06-19,2673,2651,2697.0,2758.0,0.9612037708484409,1.1118669612666947,0.07154928714320306,-2.1057259468806087,-15.67
2019-06-18,2595,2601,2637.0,2606.0,0.9980813507290868,1.1132209614378357,0.06962018340807413,-1.653825156332405,-11.54
2019-06-17,2696,2601,2613.0,2639.0,0.9856006062902615,1.1141000355506798,0.06856910755868434,-1.8740134418468712,-13.04
2019-06-14,2694,2722,2622.0,2626.0,1.0365575019040365,1.115139443582411,0.06719035008003561,-1.1695420783604995,-7.58
2019-06-13,2692,2694,2638.0,2615.0,1.0302103250478012,1.1156484339504138,0.0667361933995376,-1.2802364736494634,-8.29
2019-06-12,2750,2709,2652.0,2662.0,1.0176558978211871,1.1163858188288769,0.06609050210375846,-1.4938594482561078,-9.7
2019-06-11,2626,2710,2653.0,2652.0,1.0218702865761689,1.1175604254108034,0.06510080402176337,-1.469876451950502,-9.36
2019-06-10,2602,2660,2630.0,2666.0,0.9977494373593399,1.118604193659105,0.06417926056487212,-1.8830811579327185,-12.11
2019-06-07,2511,2537,2585.0,2626.0,0.9661081492764662,1.1202817984149847,0.06262385272266255,-2.461899778368723,-15.96
2019-06-06,2562,2484,2549.0,2565.0,0.968421052631579,1.1226797473137788,0.06006544452221283,-2.568177026062854,-15.93
2019-06-05,2555,2562,2507.0,2543.0,1.0074714903657098,1.1243814609316733,0.05742073446390779,-2.0360236011862254,-11.6
2019-06-04,2617,2505,2449.0,2472.0,1.0133495145631068,1.125378384564302,0.05601415463298586,-2.000010010598697,-11.06
2019-06-03,2653,2621,2462.0,2449.0,1.0702327480604328,1.126880306246121,0.05447931009286578,-1.039799477804077,-5.29
2019-05-31,2822,2703,2517.0,2518.0,1.073471008737093,1.1275195795909192,0.054090759751513354,-0.9992200350322151,-5.03
2019-05-30,2929,2865,2526.0,2540.0,1.1279527559055118,1.1279565358709607,0.05378387717598694,-7.028064258923867e-05,-0.0
2019-05-29,3015,2968,2500.0,2547.0,1.165292500981547,1.1271233594417698,0.0542593888837469,0.7034569007320775,3.28
2019-05-28,3010,3010,2547.0,2515.0,1.1968190854870775,1.1259636361355096,0.054360619007463105,1.3034334532106815,5.92
2019-05-27,2960,2994,2500.0,2568.0,1.1658878504672898,1.124473566965863,0.053927919590492535,0.7679562611706637,3.55
2019-05-24,2932,2961,2390.0,2445.0,1.211042944785276,1.1227904833886322,0.054575068619090415,1.6170838375413965,7.29
2019-05-23,2916,2966,2382.0,2424.0,1.2235973597359735,1.1205801883447153,0.054312338083603015,1.8967544949488975,8.42
2019-05-22,2890,2947,2405.0,2375.0,1.240842105263158,1.1181085825017398,0.053783345056039274,2.281998686276143,9.89
2019-05-21,2900,2885,2400.0,2389.0,1.207618250313939,1.115344281805866,0.052721570515468726,1.7502128181291439,7.64
2019-05-20,2948,2924,2427.0,2424.0,1.2062706270627064,1.113038374060216,0.052416476985156835,1.778682169518786,7.73
2019-05-17,2874,2900,2411.0,2421.0,1.197852127220157,1.1105402787778509,0.0523782061519795,1.666949956036369,7.29
2019-05-16,2911,2827,2409.0,2382.0,1.1868178001679262,1.108433882525495,0.05199981501632942,1.507388393935949,6.6
2019-05-15,2894,2900,2405.0,2409.0,1.2038190120381902,1.1062256640356234,0.05214061821426834,1.8717336185296758,8.11
2019-05-14,2720,2862,2370.0,2439.0,1.1734317343173433,1.1039479288247696,0.0515555836617281,1.3477454924858991,5.92
2019-05-13,2877,2868,2443.0,2419.0,1.1856138900372055,1.1020327145035442,0.05160679067988045,1.6195770834136844,7.05
2019-05-10,2836,2856,2484.0,2457.0,1.1623931623931625,1.1001172652161508,0.05113288413552209,1.217922638823897,5.36
2019-05-09,2849,2819,2500.0,2487.0,1.1334941696823482,1.0984310971997446,0.05113658786893945,0.685674855202863,3.09
2019-05-08,2869,2850,2543.0,2529.0,1.1269276393831553,1.0969695501260055,0.05167717896440519,0.5797160343792123,2.66
2019-05-07,2840,2890,2613.0,2593.0,1.1145391438488237,1.0953813054534793,0.05255507433865431,0.3645288040483988,1.72
2019-04-26,3135,3150,2596.0,2607.0,1.2082853855005753,1.0939636309003136,0.053445691716277076,2.139026569384724,9.46
2019-04-25,3125,3125,2597.0,2632.0,1.1873100303951367,1.090651646397799,0.05395277623515744,1.7915367983297912,8.14
2019-04-24,3135,3145,2605.0,2578.0,1.2199379363847944,1.087352662943519,0.05548438374868261,2.3895962157896977,10.87
2019-04-23,3110,3135,2614.0,2607.0,1.2025316455696202,1.0831440295122938,0.05721226501291892,2.0867486373833977,9.93
2019-04-22,3145,3110,2595.0,2605.0,1.1938579654510557,1.0793246879075924,0.05865785958788901,1.9525648966419296,9.59
2019-04-19,3140,3145,2620.0,2608.0,1.20590490797546,1.0762115809914519,0.058692435459884694,2.209711114691286,10.75
2019-04-18,3175,3110,2690.0,2616.0,1.1888379204892967,1.072500171484993,0.05917287694248191,1.966065451192916,9.79
2019-04-17,3160,3155,2694.0,2693.0,1.1715558856294095,1.0688379427373575,0.06034733219930433,1.7021124074352378,8.77
2019-04-16,3150,3150,2700.0,2700.0,1.1666666666666667,1.0657132276230608,0.061011444685507156,1.6546639661457938,8.65
2019-04-15,3100,3145,2725.0,2716.0,1.1579528718703977,1.062025007630493,0.06312162018689949,1.5197307032973482,8.28
2019-04-12,3060,3085,2665.0,2663.0,1.158467893353361,1.058689274077779,0.0645582380569414,1.5455598275091667,8.61
2019-04-11,3055,3055,2649.0,2665.0,1.146341463414634,1.0555968425384066,0.06525581071225142,1.390598321984998,7.92
2019-04-10,3035,3060,2695.0,2702.0,1.1324944485566246,1.0532062350309193,0.06517178532701752,1.2166033679736523,7.0
2019-04-09,3055,3075,2748.0,2730.0,1.1263736263736264,1.0514761863667919,0.06476498843562706,1.156449523360582,6.65
2019-04-08,3040,3065,2796.0,2748.0,1.1153566229985443,1.0501968008825546,0.06421824932246953,1.0146620750869757,5.84
2019-04-05,3050,3065,2812.0,2787.0,1.0997488338715464,1.0489880577450827,0.06383242912780461,0.7952192454532945,4.62
2019-04-04,3050,3050,2779.0,2773.0,1.0998918139199423,1.0477263147632785,0.0637518043537357,0.8182591800416551,4.74
2019-04-03,3005,3035,2750.0,2785.0,1.0897666068222622,1.0468395505418646,0.06348200941930282,0.6762082151001491,3.94
2019-04-02,3085,3000,2759.0,2747.0,1.0921004732435384,1.0460803982999576,0.06330431482322534,0.7269658485695641,4.21
2019-04-01,3070,3040,2689.0,2740.0,1.1094890510948905,1.0445319513842106,0.06357944549920154,1.0216682325657531,5.85
2019-03-29,3070,3030,2640.0,2614.0,1.159143075745983,1.0430573044702038,0.063337883586972,1.8328015510082023,10.01
2019-03-28,3030,3025,2684.0,2641.0,1.145399469897766,1.0408383211959689,0.06213590225208222,1.6827815306776734,9.13
2019-03-27,3080,3080,2748.0,2711.0,1.1361121357432682,1.038673513187438,0.06127767831208852,1.5901160951231403,8.58
2019-03-26,3060,3105,2770.0,2815.0,1.103019538188277,1.0361301132822898,0.06113918907151844,1.0940515555046437,6.06
2019-03-25,2999,3025,2783.0,2736.0,1.1056286549707601,1.0343359248059867,0.06112438366941669,1.166354994274477,6.45
2019-03-22,3085,3120,2749.0,2801.0,1.1138878971795787,1.032071052904512,0.061586087603723166,1.328495565451708,7.35
2019-03-20,3025,3070,2745.0,2705.0,1.1349353049907578,1.0295771757482626,0.06200807359110367,1.699103409295576,9.28
2019-03-19,3025,3025,2702.0,2736.0,1.1056286549707601,1.0268734169127907,0.061775709797721894,1.2748576797554454,7.12
2019-03-18,2950,3005,2696.0,2686.0,1.1187639612807148,1.0246304814058111,0.061929223298515745,1.5200171237600473,8.41
2019-03-15,2868,2917,2644.0,2660.0,1.0966165413533835,1.0219850150194134,0.06208915543301814,1.2020058223288712,6.81
2019-03-14,2861,2843,2679.0,2636.0,1.0785280728376327,1.0195217519819946,0.0627407065346595,0.9404790623937528,5.47
2019-03-13,2874,2826,2636.0,2651.0,1.066012825348925,1.017661643860191,0.06303110460543124,0.7671003354836898,4.54
2019-03-12,2850,2873,2633.0,2657.0,1.0812946932630787,1.0157947099193174,0.06364201408900326,1.029194067493836,6.06
2019-03-11,2800,2787,2629.0,2623.0,1.062523827678231,1.0138843146540735,0.06379745595506536,0.7624052134369728,4.58
2019-03-08,2771,2802,2666.0,2612.0,1.0727411944869831,1.0120924941510772,0.0642914828407347,0.9433395786833417,5.65
2019-03-07,2888,2819,2725.0,2706.0,1.041759053954176,1.0107095471967262,0.06408724540533252,0.4844880843461267,2.98
2019-03-06,2878,2895,2753.0,2743.0,1.0554137805322639,1.0095819279276215,0.06427475278365284,0.7130615151319404,4.34
2019-03-05,2902,2877,2736.0,2753.0,1.0450417726116963,1.0084372407672186,0.06421277460455836,0.5700506179634722,3.5
2019-03-04,2859,2920,2775.0,2755.0,1.05989110707804,1.0074379382793495,0.06421852713309632,0.8167918378130731,4.95
2019-03-01,2830,2830,2726.0,2736.0,1.034356725146199,1.0069335432892552,0.06395257347970729,0.42880497788951866,2.65
2019-02-28,2865,2810,2724.0,2743.0,1.024425811155669,1.006556725283123,0.06387309254435905,0.27975920940631216,1.74
2019-02-27,2888,2859,2725.0,2734.0,1.0457205559619605,1.0064479675407436,0.06384951400400418,0.6150804596375462,3.76
2019-02-26,2890,2867,2715.0,2725.0,1.0521100917431192,1.006081564705886,0.06370177265865569,0.7225627343822255,4.37
2019-02-25,2869,2879,2700.0,2709.0,1.0627537836840162,1.004766057488804,0.06375637618672503,0.9095204223242233,5.46
2019-02-22,2878,2859,2724.0,2687.0,1.0640119091924078,1.0033228523617337,0.06365241058931234,0.9534447520336999,5.7
2019-02-21,2881,2895,2714.0,2722.0,1.0635562086700956,1.001220094065633,0.06421525036779553,0.9707369238215195,5.86
2019-02-20,2970,2905,2720.0,2703.0,1.0747317795042546,0.9993485163921522,0.06441639574060849,1.1702496273721248,7.01
2019-02-19,2963,2945,2705.0,2713.0,1.085514190932547,0.9984500958505323,0.06382593592586737,1.3640864613898955,8.02
2019-02-18,2968,2980,2663.0,2695.0,1.1057513914656771,0.9977357509846477,0.06314367643424185,1.7106327439378266,9.77
2019-02-15,2920,2878,2606.0,2616.0,1.1001529051987768,0.9970204742828308,0.06221303454862493,1.6577302757244388,9.37
2019-02-14,2990,2946,2590.0,2622.0,1.1235697940503433,0.9967642389041612,0.06182611017116916,2.0510032863965333,11.29
2019-02-13,2875,2960,2610.0,2583.0,1.145954316686024,0.9958639645027426,0.060449357847928056,2.4829106135562666,13.1
2019-02-12,2774,2830,2537.0,2582.0,1.0960495739736638,0.9950153967309336,0.05875956237303501,1.7194508121301988,9.22
2019-02-08,2753,2724,2580.0,2517.0,1.0822407628128725,0.9948567096738546,0.05850199975080116,1.493693438023393,8.07
2019-02-07,2845,2833,2546.0,2516.0,1.125993640699523,0.9952182064884829,0.059121336289345114,2.2119837341127306,11.61
2019-02-06,2858,2848,2596.0,2547.0,1.1181782489202985,0.9950654146330282,0.058797084265605544,2.0938595140386482,11.01
2019-02-05,2773,2853,2564.0,2579.0,1.1062427297402093,0.9953002258945652,0.05932110725795493,1.8702028497751404,10.03
2019-02-04,2650,2718,2517.0,2551.0,1.0654645237161897,0.9957266676835178,0.06022517661480475,1.1579518724985975,6.55
2019-02-01,2712,2685,2503.0,2490.0,1.0783132530120483,0.9962263563869099,0.06095279572934327,1.3467289833536038,7.61
2019-01-31,2550,2717,2489.0,2504.0,1.0850638977635783,0.9965308490531093,0.061417375320415586,1.4414984073902606,8.16
2019-01-30,2581,2543,2496.0,2446.0,1.0396565821749795,0.9969107880433802,0.06204877496455831,0.6889063346700285,4.11
2019-01-29,2536,2586,2461.0,2474.0,1.0452708164915117,0.9983089439133837,0.0641423353838446,0.7321509623417328,4.49
2019-01-28,2590,2553,2504.0,2459.0,1.0382269215128102,0.999610094931592,0.06604339269812905,0.5847190006989466,3.72
2019-01-25,2562,2590,2509.0,2506.0,1.0335195530726258,1.0011740786048935,0.06829003746155725,0.4736485096518015,3.13
2019-01-24,2536,2596,2490.0,2509.0,1.0346751693901952,1.0023993184473134,0.06966979892513059,0.46326889758310397,3.12
2019-01-23,2567,2532,2486.0,2485.0,1.018913480885312,1.0038164742871742,0.0713721036083283,0.21152531360132257,1.48
2019-01-22,2619,2608,2562.0,2508.0,1.039872408293461,1.0051871015595806,0.072624924965869,0.4775950784139353,3.34
2019-01-21,2660,2601,2548.0,2547.0,1.0212014134275618,1.0063331736432617,0.07383143680150618,0.20138088094198864,1.46
2019-01-18,2570,2599,2484.0,2516.0,1.0329888712241653,1.0077857983999772,0.075169314145977,0.33528405986576304,2.44
2019-01-17,2589,2558,2458.0,2484.0,1.0297906602254427,1.0085640000734863,0.07572625817099099,0.28030779104424114,2.06
2019-01-16,2578,2558,2471.0,2455.0,1.0419551934826885,1.0093204241046456,0.0762162712913962,0.42818638100611084,3.13
2019-01-15,2463,2566,2417.0,2477.0,1.0359305611626968,1.0098262438223262,0.0765563047348371,0.34098194042654373,2.52
2019-01-11,2459,2487,2447.0,2429.0,1.0238781391519143,1.010641406276119,0.07715308523019822,0.1715645309102201,1.29
2019-01-10,2455,2452,2424.0,2433.0,1.007809288943691,1.01137868226356,0.07753928956589577,-0.04603335083223388,-0.35
2019-01-09,2431,2455,2453.0,2435.0,1.0082135523613962,1.0120819401872174,0.07774264804112323,-0.04975888940359958,-0.38
2019-01-08,2337,2369,2474.0,2468.0,0.9598865478119936,1.0122403864236924,0.07774671212977842,-0.6733897444345606,-5.45
2019-01-07,2311,2314,2489.0,2462.0,0.9398862713241267,1.0126125741514833,0.07756178884393876,-0.9376563371132196,-7.74
2019-01-04,2166,2192,2348.0,2424.0,0.9042904290429042,1.0131448240528627,0.07719700389596093,-1.4100857483622347,-12.04
2018-12-28,2214,2216,2349.0,2419.0,0.9160810252170318,1.0142195700943795,0.07622907319529497,-1.28741621488591,-10.71
2018-12-27,2274,2254,2334.0,2347.0,0.9603749467405198,1.0150190453137078,0.07550662763745014,-0.7236993663068237,-5.69
2018-12-26,2065,2074,2240.0,2236.0,0.9275491949910555,1.0154462647989695,0.07528656580032035,-1.1675000562655495,-9.48
2018-12-25,2064,2045,2203.0,2237.0,0.9141707644166294,1.0166591891126688,0.0745902790099121,-1.3740185189871734,-11.21
2018-12-21,2118,2164,2376.0,2309.0,0.9372022520571676,1.0185789926320312,0.07377623070369307,-1.1030211193859505,-8.68
2018-12-20,2209,2129,2464.0,2392.0,0.8900501672240803,1.019879652911931,0.07318765127131854,-1.7739261122966175,-14.59
2018-12-19,2291,2254,2485.0,2483.0,0.9077728554168345,1.0213916435533816,0.07164497837051187,-1.5858583632891587,-12.52
2018-12-18,2391,2308,2525.0,2491.0,0.9265355279004416,1.0226905429667397,0.07044638037516693,-1.3649390437694329,-10.38
2018-12-17,2540,2465,2550.0,2549.0,0.9670459003530797,1.023587310640711,0.06964011284367126,-0.8119086540620047,-5.85
2018-12-14,2668,2561,2600.0,2554.0,1.0027407987470633,1.024068350840099,0.06937197928671199,-0.30743756070285344,-2.13
2018-12-13,2680,2676,2605.0,2597.0,1.0304197150558336,1.024303437813367,0.06932916793319016,0.08822083727242436,0.59
2018-12-12,2564,2655,2554.0,2591.0,1.0247008876881514,1.0240733426205677,0.0693371236449804,0.009050636002681928,0.06
2018-12-11,2713,2553,2602.0,2540.0,1.0051181102362206,1.0236327250759691,0.06943666425852194,-0.26664032665532744,-1.84
2018-12-10,2701,2693,2625.0,2606.0,1.033384497313891,1.0233138385637641,0.0695757387472107,0.14474382782648715,0.97
2018-12-07,2613,2737,2661.0,2650.0,1.0328301886792453,1.022357780957722,0.0699225755907029,0.1497714812855905,1.01
2018-12-06,2678,2599,2693.0,2663.0,0.9759669545625235,1.0213871029255581,0.07027488795662752,-0.6463211779301192,-4.65
2018-12-05,2643,2701,2712.0,2704.0,0.9988905325443787,1.0215912644616238,0.07016479349237868,-0.3235345076546254,-2.27
2018-12-04,2795,2727,2821.0,2747.0,0.9927193301783764,1.021630739577495,0.07015284264273085,-0.41212028351233737,-2.91
2018-12-03,2710,2782,2801.0,2830.0,0.9830388692579505,1.0219140896849208,0.07007837389600022,-0.5547391907903442,-3.95
2018-11-30,2658,2647,2730.0,2800.0,0.9453571428571429,1.0224410629371243,0.06993250992966257,-1.1022615970385117,-8.15
2018-11-29,2690,2671,2796.0,2758.0,0.9684554024655547,1.0233316373112038,0.069368213889904,-0.7910861728794762,-5.67
2018-11-28,2564,2593,2755.0,2771.0,0.9357632623601588,1.0239955235371254,0.06907750045809564,-1.2772937728181226,-9.43
2018-11-27,2556,2534,2730.0,2734.0,0.9268471104608632,1.0251960689867925,0.06831181657718907,-1.4397063854216157,-10.61
2018-11-26,2550,2528,2730.0,2712.0,0.9321533923303835,1.0256559650677721,0.06776204696493997,-1.3798664138019143,-10.03
2018-11-22,2501,2561,2707.0,2732.0,0.9374084919472914,1.0258838603945424,0.06747533397368545,-1.3112253506111629,-9.44
2018-11-21,2454,2496,2702.0,2712.0,0.9203539823008849,1.0271217267628647,0.06668785872705595,-1.601007237298849,-11.6
2018-11-20,2554,2504,2746.0,2746.0,0.9118718135469774,1.0289438027440425,0.06560388495592352,-1.7845282985256254,-12.84
2018-11-19,2587,2587,2772.0,2755.0,0.9390199637023593,1.030792057011289,0.06421759383522747,-1.4290802228498753,-9.77
2018-11-16,2636,2565,2791.0,2770.0,0.9259927797833934,1.0320353825507935,0.06332525329225543,-1.6745705268322852,-11.45
2018-11-15,2613,2618,2771.0,2791.0,0.9380150483697599,1.0334857523483965,0.062114008859413754,-1.5370237041811445,-10.18
2018-11-14,2699,2596,2798.0,2797.0,0.9281372899535216,1.0361859454577094,0.06230656941109486,-1.734145476559453,-11.64
2018-11-13,2650,2690,2827.0,2776.0,0.9690201729106628,1.0394877412116148,0.06305027115484406,-1.117641003127361,-7.27
2018-11-12,2814,2750,2906.0,2873.0,0.9571876087713191,1.0422578246369307,0.06444193827245837,-1.3201064112307974,-8.89
2018-11-09,2899,2835,2964.0,2924.0,0.969562243502052,1.0449631182031018,0.06506966248307704,-1.15877156609902,-7.78
2018-11-08,2868,2887,2900.0,2976.0,0.9700940860215054,1.0478395011898958,0.0664269692347899,-1.1703893172303979,-8.01
2018-11-07,2813,2826,2839.0,2765.0,1.0220614828209764,1.0509877350929002,0.06823827822008062,-0.4239006760784831,-2.83
2018-11-06,2817,2806,2769.0,2789.0,1.0060953746862675,1.053934562163476,0.07161411684826981,-0.6680133691876168,-4.75
2018-11-05,2828,2811,2774.0,2766.0,1.0162689804772234,1.0569479165262097,0.07424426858357178,-0.5479067519292318,-4.0
2018-11-02,2698,2847,2808.0,2796.0,1.0182403433476395,1.0594879437589682,0.07604596533791166,-0.5424035348626874,-4.05
2018-11-01,2720,2683,2820.0,2814.0,0.9534470504619759,1.0620627336032136,0.07785349832735794,-1.3951291268188246,-11.39
2018-10-31,2701,2707,2845.0,2836.0,0.9545133991537377,1.0661591172799356,0.08008152572028075,-1.394150737289506,-11.7
2018-10-30,2526,2573,2796.0,2839.0,0.9063050369848539,1.0699240260808243,0.08137133832514334,-2.0107693011288834,-18.05
2018-10-29,2745,2560,2740.0,2773.0,0.9231878831590336,1.0740783201873205,0.08086380958947167,-1.8659822953472704,-16.34
2018-10-26,2997,2741,2730.0,2721.0,1.0073502388827638,1.0778451440275043,0.08032548466579469,-0.8776156837153785,-7.0
2018-10-25,2863,2811,2735.0,2724.0,1.0319383259911894,1.080568029080566,0.08134450235034535,-0.5978240899419562,-4.71
2018-10-24,3015,2948,2800.0,2802.0,1.0521056388294077,1.0825597671515992,0.0819559169358727,-0.37159157582265456,-2.89
2018-10-23,3075,3005,2876.0,2780.0,1.080935251798561,1.0846910856843566,0.083205190989103,-0.045139417879436906,-0.35
2018-10-22,3055,3090,2845.0,2926.0,1.0560492139439508,1.0862505861810958,0.08421021583550532,-0.3586426176147064,-2.86
2018-10-19,3015,3090,2838.0,2855.0,1.0823117338003503,1.0872688204920409,0.08430053135330982,-0.058802555714804125,-0.46
2018-10-18,3205,3105,2854.0,2864.0,1.0841480446927374,1.0870333792574736,0.08433869694402812,-0.034211277495205236,-0.27
2018-10-17,3125,3155,2809.0,2844.0,1.109353023909986,1.0872083336558822,0.08434613961138544,0.2625453915986289,2.0
2018-10-16,3115,3075,2757.0,2759.0,1.1145342515404133,1.0873005742681683,0.08437408466691793,0.3227730099799591,2.44
2018-10-15,3170,3145,2798.0,2769.0,1.1357890935355723,1.0872854784057049,0.08436931192786862,0.5748964169736921,4.27
2018-10-12,3105,3195,2823.0,2807.0,1.1382258639116494,1.087172939065314,0.08431014697595693,0.6055371349417095,4.49
2018-10-11,3095,3150,2853.0,2856.0,1.1029411764705883,1.0879457826394114,0.08503712121763017,0.17633938704016217,1.36
2018-10-10,3220,3255,2963.0,2956.0,1.101150202976996,1.0892991389767397,0.08606646639275066,0.13769664884550753,1.08
2018-10-09,3405,3285,2993.0,2950.0,1.1135593220338984,1.0906042360169819,0.0869736328290627,0.2639315533942601,2.06
2018-10-05,3435,3445,2999.0,3010.0,1.1445182724252492,1.0914577554405336,0.08750718079749914,0.6063561470172742,4.64
2018-10-04,3475,3440,3005.0,3010.0,1.1428571428571428,1.0918003486876295,0.08776416370351682,0.5817499081059134,4.47
2018-10-03,3415,3440,3045.0,2977.0,1.155525697010413,1.092382981740851,0.0882449053297429,0.7155394981004057,5.46
2018-10-02,3450,3410,3025.0,3030.0,1.1254125412541254,1.0926387566958535,0.08845510221695412,0.37051321785698105,2.91
2018-10-01,3390,3440,3035.0,3015.0,1.1409618573797677,1.093310425852819,0.08889159526342423,0.536062283343402,4.18
2018-09-28,3440,3410,3040.0,3040.0,1.1217105263157894,1.093667776526352,0.08913597485900437,0.31460641827046215,2.5
2018-09-27,3420,3400,3035.0,3020.0,1.1258278145695364,1.094359019095585,0.08955081855748247,0.35140712257980844,2.8
2018-09-26,3395,3430,3015.0,3035.0,1.130148270181219,1.094536197607271,0.08962601920011087,0.39734078219446467,3.15
2018-09-25,3275,3345,3055.0,3065.0,1.0913539967373573,1.0942111437484443,0.08954044044598458,-0.03190901225028648,-0.26
2018-09-21,3245,3265,2954.0,3005.0,1.086522462562396,1.0941328754048494,0.08954546913538347,-0.08498936814935099,-0.7
2018-09-20,3220,3190,2984.0,2954.0,1.079891672308734,1.0942501095604527,0.08954118430490475,-0.16035567725824906,-1.33
2018-09-19,3200,3255,2938.0,2967.0,1.0970677451971689,1.0950896491677646,0.0896976694950725,0.022052925572530146,0.18
2018-09-18,3080,3135,2875.0,2905.0,1.0791738382099827,1.0955158426726626,0.08978195499695096,-0.18201880838120357,-1.51
2018-09-14,2980,3065,2902.0,2890.0,1.060553633217993,1.0964830299957138,0.08999117335326771,-0.3992546761967087,-3.39
2018-09-13,2835,2944,2857.0,2886.0,1.02009702009702,1.097865350116493,0.09022460465481835,-0.861941488322385,-7.62
2018-09-12,2821,2834,2890.0,2869.0,0.9878006273963054,1.0997542525936306,0.09005950362247797,-1.2431072867848083,-11.33
2018-09-11,2812,2814,2835.0,2872.0,0.9798050139275766,1.1022142807286148,0.08948589106989419,-1.367916945761079,-12.49
2018-09-10,2796,2804,2855.0,2847.0,0.9848963821566561,1.105106853442643,0.088987221450199,-1.3508734099902386,-12.21
2018-09-07,2829,2811,2882.0,2880.0,0.9760416666666667,1.1078190575247098,0.08837987719098986,-1.4910338761081408,-13.5
2018-09-06,2899,2879,2909.0,2901.0,0.9924164081351258,1.1106084473243456,0.08747352248623264,-1.3511750279385621,-11.91
2018-09-05,3035,2970,2868.0,2916.0,1.0185185185185186,1.1126143237873058,0.08645924973984141,-1.0883254891977951,-9.24
2018-09-04,2936,2984,2828.0,2820.0,1.0581560283687943,1.1139322547944115,0.08576544773446906,-0.650334463341241,-5.27
2018-09-03,2915,2918,2899.0,2820.0,1.0347517730496454,1.1145354086649493,0.08552981662065602,-0.9328166336327162,-7.71
2018-08-31,2900,2909,2890.0,2899.0,1.0034494653328734,1.1149553324480517,0.08521380346960265,-1.3085423085821362,-11.11
2018-08-30,2890,2905,2925.0,2890.0,1.005190311418685,1.115595767034045,0.08455128297095137,-1.305780961990738,-10.98
2018-08-29,2899,2882,2900.0,2900.0,0.9937931034482759,1.1165087990364457,0.08371977337504653,-1.4657910627448787,-12.35
2018-08-28,2944,2890,2879.0,2881.0,1.003123915307185,1.1179012731697495,0.0825271374878435,-1.390783218180464,-11.44
2018-08-27,2872,2905,2831.0,2847.0,1.0203723217421847,1.119384043939352,0.08144352937416005,-1.2157101117548235,-9.7
2018-08-24,2813,2848,2802.0,2811.0,1.0131625755958733,1.120293304018753,0.08071042963678143,-1.3273467742025007,-10.57
2018-08-23,2667,2733,2725.0,2756.0,0.9916545718432511,1.1208919965591952,0.08007759199880217,-1.6139024849533101,-13.03
2018-08-22,2612,2662,2715.0,2713.0,0.9812016218208626,1.1221361665381044,0.07877425374864172,-1.7890939997596862,-14.36
2018-08-21,2587,2610,2720.0,2714.0,0.9616801768607222,1.123571022106809,0.07715758937563953,-2.098184333597124,-16.83
2018-08-20,2710,2618,2705.0,2727.0,0.9600293362669601,1.1254318245760209,0.07488011204908691,-2.208897446636202,-17.23
2018-08-17,2749,2728,2702.0,2752.0,0.9912790697674418,1.1277556120648413,0.07237340567000951,-1.8857277895650195,-13.77
2018-08-16,2726,2706,2703.0,2701.0,1.0018511662347278,1.128762263978237,0.07097977783095794,-1.7879895037957814,-12.67
2018-08-15,2809,2758,2748.0,2720.0,1.013970588235294,1.129553008759019,0.06988340865628158,-1.6539322100358897,-11.4
2018-08-14,2794,2810,2716.0,2748.0,1.022561863173217,1.1303396474609344,0.06890311188933926,-1.564193275636262,-10.54
2018-08-13,2836,2749,2763.0,2716.0,1.0121502209131075,1.1310576487537298,0.06805158752377567,-1.7473130630358744,-11.75
2018-08-10,2911,2846,2814.0,2795.0,1.01824686940966,1.1322512013637773,0.06672774567178237,-1.7084996774037147,-11.2
2018-08-09,2775,2902,2881.0,2829.0,1.025804171085189,1.1335669950482057,0.06542703451900668,-1.6470687500242933,-10.51
2018-08-08,2761,2785,2901.0,2897.0,0.9613393165343459,1.1348924261793656,0.06422642175305937,-2.7022073612057116,-18.05
2018-08-07,2811,2768,2885.0,2916.0,0.9492455418381345,1.1369797176770648,0.06101576468266562,-3.076814276036846,-19.78
2018-08-06,2924,2861,2785.0,2777.0,1.03024846957148,1.1397303170491901,0.05700902997308101,-1.920429930651446,-10.63
2018-08-03,2981,2948,2853.0,2789.0,1.0570096808892075,1.141422373218315,0.05560032940090365,-1.5182048962417767,-7.99
2018-08-02,2980,2996,2849.0,2852.0,1.050490883590463,1.143233347666527,0.05503045227069364,-1.6852935102162323,-8.83
2018-08-01,3000,2943,2867.0,2851.0,1.0322693791652051,1.1451703169580918,0.05428359761416612,-2.079835212753539,-10.94
2018-07-31,2660,2976,2924.0,2876.0,1.0347705146036161,1.1477173156333162,0.05340079455003036,-2.1150771628291416,-10.92
2018-07-30,3465,3360,2930.0,2946.0,1.140529531568228,1.149926750666288,0.05209401361639003,-0.18038961572934795,-0.82
2018-07-27,3410,3465,2907.0,2947.0,1.175771971496437,1.1512555710596624,0.05309876016545335,0.46171323700181716,2.09
2018-07-26,3335,3395,2859.0,2885.0,1.1767764298093588,1.1529411485147725,0.0557886511331177,0.42724247334306054,2.03
2018-07-25,3290,3290,2828.0,2836.0,1.1600846262341327,1.1540415882635569,0.05704773249292972,0.10592950335624236,0.52
2018-07-24,3350,3320,2775.0,2801.0,1.185290967511603,1.154693462816202,0.05739135805963149,0.5331378404325127,2.58
2018-07-23,3365,3340,2709.0,2769.0,1.20621162874684,1.1551562499160473,0.057774881751793836,0.8836950813699866,4.23
2018-07-20,3340,3365,2715.0,2707.0,1.2430735131141486,1.1554167949775722,0.0580479526858901,1.5100742417377861,7.05
2018-07-19,3315,3355,2733.0,2723.0,1.2320969518912963,1.1550809421522885,0.057611043082376176,1.3368272056606418,6.25
2018-07-18,3330,3315,2778.0,2747.0,1.20677102293411,1.1549196494604046,0.05741178607727822,0.9031485870150716,4.3
2018-07-17,3390,3330,2700.0,2749.0,1.2113495816660604,1.1550878953762422,0.05758172834454277,0.977075331139315,4.64
2018-07-13,3310,3395,2668.0,2693.0,1.260675826216116,1.1553461208146154,0.05787612793074563,1.8199162447000203,8.36
2018-07-12,3320,3300,2680.0,2668.0,1.23688155922039,1.1546805077053255,0.05694043852011859,1.4436322173040617,6.65
2018-07-11,3245,3270,2720.0,2685.0,1.217877094972067,1.153896027120986,0.056203056903204984,1.1383912437587094,5.25
2018-07-10,3380,3300,2756.0,2737.0,1.205699671172817,1.1528741160711418,0.05572518324034408,0.9479655701415513,4.38
2018-07-09,3265,3310,2739.0,2732.0,1.2115666178623719,1.1524237776584485,0.05543216431514967,1.0669408444468684,4.88
2018-07-06,3285,3225,2730.0,2730.0,1.1813186813186813,1.1526317300499513,0.05568233742732854,0.5151894226094508,2.43
2018-07-05,3315,3305,2765.0,2727.0,1.211954528786212,1.1534370286927105,0.056521812286163715,1.0353082770459263,4.83
2018-07-04,3165,3305,2738.0,2759.0,1.197897789054005,1.1541190046471195,0.05752344799332787,0.7610598101136675,3.65
2018-07-03,3035,3130,2815.0,2764.0,1.1324167872648336,1.1555454652234605,0.059870016974505086,-0.3863148722419086,-2.04
2018-07-02,3190,2997,2920.0,2815.0,1.0646536412078154,1.1579007807702317,0.062337661979118504,-1.4958395390839607,-8.76
2018-06-29,3265,3215,2930.0,2930.0,1.0972696245733788,1.1619740695154464,0.06598578226979483,-0.9805816149532282,-5.9
2018-06-28,3225,3245,2910.0,2907.0,1.1162710698314413,1.1649344511293218,0.06796726676610468,-0.7159826135917086,-4.36
2018-06-27,3240,3240,2884.0,2910.0,1.1134020618556701,1.1676783576240959,0.07006883406126929,-0.7746139420696753,-4.87
2018-06-26,3325,3240,2827.0,2874.0,1.1273486430062631,1.1706139525853148,0.07230965482846355,-0.5983337865695483,-3.84
2018-06-25,3455,3390,2885.0,2834.0,1.1961891319689484,1.1724154958447566,0.0728901147501448,0.3261572053451128,1.99
2018-06-22,3440,3470,2896.0,2881.0,1.2044429017702187,1.1736071068423426,0.07399122922180502,0.41674932626729366,2.56
2018-06-21,3455,3470,2910.0,2894.0,1.1990324809951625,1.174136400427587,0.07435102961230823,0.33484513526432963,2.08
2018-06-20,3400,3455,2920.0,2934.0,1.1775732788002726,1.1748821765687902,0.07487567617130544,0.03594094062436926,0.23
2018-06-19,3540,3410,2960.0,2914.0,1.1702127659574468,1.1755454826913678,0.07511654333227716,-0.07099257363763112,-0.46
2018-06-18,3550,3530,3000.0,2975.0,1.1865546218487395,1.1765199948651686,0.07551408717402427,0.13288417246501127,0.85
2018-06-15,3570,3530,3030.0,3005.0,1.1747088186356074,1.1773067896398564,0.07592086110663249,-0.03421946177085716,-0.22
2018-06-14,3510,3545,3020.0,3015.0,1.175787728026534,1.1779471873720753,0.07609860554961236,-0.028377121104187983,-0.18
2018-06-13,3580,3550,3035.0,3040.0,1.167763157894737,1.1787397634581087,0.07638101715729301,-0.14370855445362052,-0.94
2018-06-12,3515,3550,3025.0,3025.0,1.1735537190082646,1.1795697818179618,0.07659516348333659,-0.07854363821556498,-0.51
2018-06-11,3475,3480,3095.0,3055.0,1.1391162029459903,1.180343350593884,0.07682313214476479,-0.5366501794043722,-3.62
2018-06-08,3355,3450,3080.0,3120.0,1.1057692307692308,1.1811876782253388,0.07671329082841667,-0.983121003435964,-6.82
2018-06-07,3390,3365,3085.0,3100.0,1.085483870967742,1.1826166601857742,0.0762921556041515,-1.27316876091448,-8.95
2018-06-06,3520,3390,3095.0,3095.0,1.0953150242326333,1.1845434922845695,0.07563672598573087,-1.1796976520211813,-8.15
2018-06-05,3500,3520,3105.0,3080.0,1.1428571428571428,1.1857491731372023,0.07492211632437097,-0.5724882369093918,-3.75
2018-06-04,3550,3500,3095.0,3100.0,1.1290322580645162,1.1863936522310605,0.07475810073352859,-0.7672933582275723,-5.08
2018-06-01,3560,3530,3060.0,3065.0,1.1517128874388254,1.1868726856690104,0.07450368164153968,-0.4719202790453993,-3.05
2018-05-31,3570,3580,3070.0,3075.0,1.1642276422764228,1.1869309119006186,0.07447788272227736,-0.30483237162977134,-1.95
2018-05-30,3550,3555,3060.0,3060.0,1.161764705882353,1.1868547408854275,0.0745039799388412,-0.33676100288428074,-2.16
2018-05-29,3665,3640,3080.0,3105.0,1.172302737520129,1.186574210762931,0.07463741445806821,-0.19121071310448176,-1.22
2018-05-28,3675,3680,3090.0,3075.0,1.1967479674796748,1.1856904842309612,0.07519148733241085,0.14705764762745052,0.92
2018-05-25,3585,3660,3070.0,3080.0,1.1883116883116882,1.1849225668109957,0.07536852718059689,0.04496733089359067,0.29
2018-05-24,3600,3615,3065.0,3050.0,1.1852459016393442,1.1846721644776814,0.07538804613345687,0.007610452732082884,0.05
2018-05-23,3475,3520,3100.0,3080.0,1.1428571428571428,1.1843924340287544,0.07542431273464038,-0.5506883611620306,-3.63
2018-05-22,3445,3475,3105.0,3110.0,1.117363344051447,1.1842899773981805,0.07548585886233616,-0.8866115369871844,-5.99
2018-05-21,3405,3415,3160.0,3095.0,1.1033925686591277,1.1835118540477538,0.07646616546366829,-1.0477743313373489,-7.26
2018-05-18,3360,3380,3195.0,3170.0,1.0662460567823344,1.183135421057251,0.07692775492653965,-1.5194693304976497,-10.96
2018-05-17,3450,3370,3210.0,3205.0,1.0514820592823713,1.1836610982114741,0.07625900759982826,-1.7332908346082456,-12.57
2018-05-16,3415,3425,3110.0,3190.0,1.073667711598746,1.1842760329068018,0.07537145343118856,-1.4675094650926055,-10.3
2018-05-15,3460,3410,3110.0,3105.0,1.0982286634460547,1.1841797325218086,0.07551718677710233,-1.1381656645850484,-7.83
2018-05-14,3400,3460,3100.0,3105.0,1.1143317230273753,1.1839577245763406,0.07579351170318828,-0.9186274653907681,-6.25
2018-05-11,3300,3380,3090.0,3105.0,1.0885668276972624,1.1832365691315734,0.07670439087508883,-1.2342154126284406,-8.7
2018-05-10,3360,3280,3040.0,3100.0,1.0580645161290323,1.1825980509769658,0.07768288407887887,-1.6031013308090194,-11.77
2018-05-09,3310,3320,3065.0,3060.0,1.0849673202614378,1.1821243012660658,0.078544474034972,-1.2369677459596808,-8.95
2018-05-08,3280,3310,2989.0,3040.0,1.0888157894736843,1.1811085603596625,0.0802680199762657,-1.149807493859548,-8.48
2018-05-07,3410,3285,3005.0,2983.0,1.1012403620516258,1.1794759802681294,0.08331590019607286,-0.9390238601801877,-7.1
2018-05-02,3265,3395,2995.0,2993.0,1.1343133979284998,1.1774255438023562,0.08702580647326144,-0.49539495950666673,-3.8
2018-05-01,3100,3195,3025.0,2995.0,1.0667779632721202,1.1746612972515948,0.091527452487701,-1.17869918857374,-10.11
2018-04-27,3270,3210,3020.0,3025.0,1.0611570247933884,1.1728654348776892,0.09488635730548174,-1.1772863165635226,-10.53
2018-04-26,3240,3235,3010.0,3015.0,1.0729684908789385,1.1711203026650245,0.09807486267625974,-1.0007845956418036,-9.15
2018-04-25,3300,3240,2984.0,3010.0,1.0764119601328903,1.1691631105742897,0.10142163010683608,-0.9145105471455807,-8.62
2018-04-24,3330,3305,2975.0,3000.0,1.1016666666666666,1.1670803342411087,0.10485092127567394,-0.6238730835989181,-5.94
2018-04-23,3350,3305,2957.0,2959.0,1.1169313957418046,1.1645785560102784,0.10855493932029778,-0.43892208467721633,-4.27
2018-04-20,3290,3325,2965.0,2955.0,1.125211505922166,1.162112378288968,0.11166583179306754,-0.3304580440970033,-3.28
2018-04-19,3410,3300,2951.0,2952.0,1.1178861788617886,1.1598190554167096,0.11413894876063609,-0.3673844643764815,-3.75
2018-04-18,3295,3410,2906.0,2951.0,1.1555404947475432,1.1576487706658454,0.11643995124468597,-0.01810612161690012,-0.18
2018-04-17,3430,3365,2938.0,2908.0,1.157152682255846,1.1550566901196317,0.11860180910571742,0.01767251403683025,0.18
2018-04-16,3540,3495,2920.0,2930.0,1.1928327645051195,1.152390489139838,0.12075285047467378,0.3349177696949171,3.39
2018-04-13,3575,3500,2913.0,2927.0,1.1957635804578066,1.1489458223947124,0.12320996112551567,0.3799835470721421,3.92
2018-04-12,3545,3550,2925.0,2902.0,1.2232942798070296,1.1455196932459102,0.12541341977342052,0.6201456487003683,6.36
2018-04-11,3640,3515,2940.0,2928.0,1.2004781420765027,1.1416569470765776,0.1274041548628878,0.4616897703471948,4.9
2018-04-10,3805,3635,2913.0,2931.0,1.2401910610713067,1.1384066239904178,0.12896210029449146,0.7892585251671539,8.21
2018-04-09,3740,3805,2955.0,2922.0,1.3021902806297057,1.1348714459168223,0.12975509588780496,1.289497214487503,12.85
2018-04-06,3615,3720,2974.0,2954.0,1.2593094109681788,1.1306537851668481,0.12938839881531972,0.9943366405280669,10.22
2018-04-05,3690,3610,3020.0,2986.0,1.2089752176825184,1.1267475639204436,0.12986676571608574,0.6331693355776685,6.8
2018-04-04,3675,3660,2994.0,3000.0,1.22,1.123559029625516,0.1307415198773053,0.7376460856886873,7.9
2018-04-03,3580,3665,2980.0,2990.0,1.225752508361204,1.1202964781851867,0.13134584754335618,0.8028881928772592,8.6
2018-04-02,3655,3650,3025.0,2997.0,1.2178845512178846,1.1170983201078015,0.1316589893397242,0.7655096823660172,8.28
2018-03-30,3725,3660,3000.0,3000.0,1.22,1.1139479386608357,0.13203598816270748,0.8032057230372424,8.69
2018-03-29,3610,3635,2961.0,2981.0,1.219389466621939,1.1107262914908014,0.1323564290076211,0.820989021431522,8.91
2018-03-28,3530,3590,2916.0,2917.0,1.230716489544052,1.1071763204697436,0.1329634981061797,0.9291284512961141,10.04
2018-03-27,3615,3625,2993.0,2994.0,1.210754843019372,1.1033554816446418,0.13347490239720153,0.8046408684018032,8.87
2018-03-26,3475,3520,3080.0,2988.0,1.178045515394913,1.1000352965609297,0.13385860674583852,0.5827807470169154,6.62
2018-03-23,3565,3515,3110.0,3080.0,1.1412337662337662,1.0970949682405295,0.13453306119779623,0.3280888548900398,3.87
2018-03-22,3605,3715,3000.0,3170.0,1.1719242902208202,1.0949235127921297,0.13511617178205607,0.5698857243594322,6.57
2018-03-20,3500,3560,2870.0,2901.0,1.2271630472250947,1.0926168929968576,0.13525854303228693,0.9947331326504104,10.96
2018-03-19,3575,3560,2869.0,2867.0,1.2417160795256366,1.0896706869521937,0.13470115701705535,1.1287608506153473,12.24
2018-03-16,3735,3615,2833.0,2862.0,1.2631027253668763,1.0864815245816402,0.13389265402857906,1.31912539987098,13.98
2018-03-15,3730,3715,2837.0,2847.0,1.3048823322795926,1.0830361312984687,0.13262208785084784,1.6727696311840692,17.0
2018-03-14,3885,3740,2841.0,2857.0,1.3090654532726635,1.078874415177253,0.13047516071366322,1.764251807289058,17.58
2018-03-13,3795,3920,2832.0,2861.0,1.3701502970989166,1.074700228520507,0.12802894429765427,2.3076818308484857,21.56
2018-03-12,3760,3760,2816.0,2850.0,1.3192982456140352,1.0698132880800593,0.12357588207130822,2.0188806533463635,18.91
2018-03-09,3790,3715,2832.0,2810.0,1.3220640569395017,1.0653931428894967,0.12046272344089365,2.1307082117892127,19.41
2018-03-08,3600,3730,2824.0,2797.0,1.3335716839470861,1.060880773645455,0.11705395807232265,2.3296171679487077,20.45
2018-03-07,3580,3545,2776.0,2808.0,1.2624643874643875,1.0561620482969554,0.11303023214425417,1.8251961024386818,16.34
2018-03-06,3495,3570,2806.0,2777.0,1.2855599567879006,1.0525952316143012,0.1106597918888559,2.1052337185631402,18.12
2018-03-05,3450,3450,2755.0,2773.0,1.2441399206635413,1.0486680767146994,0.10750386407887688,1.8182773765733837,15.71
2018-03-02,3400,3475,2775.0,2769.0,1.25496569158541,1.0451204594256258,0.1053636358021587,1.9916286160987318,16.72
2018-03-01,3455,3450,2815.0,2811.0,1.2273212379935965,1.041280996431233,0.10286388565919756,1.8086060075422463,15.16
2018-02-28,3505,3480,2820.0,2799.0,1.2433011789924973,1.0372506144504896,0.10140713455042613,2.0319138831355708,16.57
2018-02-27,3465,3510,2820.0,2818.0,1.2455642299503193,1.0330895632068124,0.099246635880104,2.1408752534462656,17.06
2018-02-26,3475,3420,2815.0,2797.0,1.22273864855202,1.0292207479738555,0.09650625055191345,2.005236961040836,15.83
2018-02-23,3410,3450,2762.0,2793.0,1.2352309344790549,1.0251190374136487,0.09471497108306795,2.2183599346837313,17.01
2018-02-22,3430,3385,2771.0,2752.0,1.230014534883721,1.0209974697582465,0.09217378491069317,2.2676411229938145,16.99
2018-02-21,3355,3425,2799.0,2781.0,1.2315713772024452,1.0168108440826098,0.08968229456423536,2.3946815161604973,17.44
2018-02-20,3350,3350,2784.0,2786.0,1.202440775305097,1.0128346390713783,0.08663143429410575,2.1886528576916238,15.77
2018-02-19,3355,3355,2730.0,2766.0,1.21294287780188,1.0092299392036996,0.08425915204614638,2.4176950948499045,16.79
2018-02-16,3260,3305,2671.0,2687.0,1.2299962783773726,1.0054156441436655,0.0813767586991859,2.7597638173803776,18.26
2018-02-15,3185,3160,2678.0,2665.0,1.1857410881801125,1.001313206884169,0.07762048893006218,2.3760206079366126,15.55
2018-02-14,3200,3165,2737.0,2657.0,1.1911930748964998,0.9977095771343982,0.07521100722584069,2.572542303297666,16.24
2018-02-13,3235,3185,2788.0,2734.0,1.1649597659107536,0.9939565057664212,0.07243418505072748,2.3608087814417247,14.68
2018-02-09,3100,3185,2775.0,2755.0,1.1560798548094373,0.9909166106479746,0.06993481554251874,2.361674122970229,14.29
2018-02-08,3260,3245,2816.0,2801.0,1.158514816137094,0.987767430959047,0.06770896231665513,2.521784108572084,14.74
2018-02-07,3290,3210,2884.0,2814.0,1.140724946695096,0.9845110429343618,0.06524695208896104,2.3941946521539292,13.69
2018-02-06,3040,3140,2840.0,2839.0,1.1060232476224023,0.9815937357824138,0.06305162388821617,1.9734545149953444,11.25
2018-02-05,3330,3340,2912.0,2932.0,1.1391541609822646,0.9793370531019686,0.06156918923963789,2.595731888855322,14.03
2018-02-02,3375,3470,2901.0,2967.0,1.1695315133131108,0.9765448451167585,0.058950957041009215,3.2736816819123247,16.5
2018-02-01,3325,3395,2888.0,2916.0,1.1642661179698217,0.9730881226010231,0.05500212245384139,3.475829419659907,16.42
2018-01-31,3355,3250,2920.0,2863.0,1.1351728955640936,0.9694523845016628,0.05112008415869828,3.2417886979208506,14.6
2018-01-30,3165,3105,2967.0,2932.0,1.0590040927694406,0.9659007458941414,0.0486780278686561,1.9126359664058756,8.79
2018-01-29,3265,3190,2980.0,2967.0,1.075160094371419,0.9634985157719168,0.04846928487138289,2.303759564346887,10.39
2018-01-26,3340,3275,2968.0,2962.0,1.1056718433490884,0.9608782582029517,0.04766731440744915,3.037586382745936,13.1
2018-01-25,3215,3250,2990.0,2961.0,1.0976021614319487,0.9577460908139784,0.04572868181625876,3.0583884132046997,12.74
2018-01-24,3240,3210,2990.0,3010.0,1.0664451827242525,0.9551005552198181,0.043232388897814646,2.5754909766289313,10.44
2018-01-23,3145,3235,2954.0,2991.0,1.0815780675359412,0.9527620449244161,0.04186832912864004,3.0766936558595197,11.91
2018-01-22,3120,3115,2944.0,2938.0,1.0602450646698434,0.9503826022724317,0.0394829787354569,2.7825272032667567,10.36
2018-01-19,3030,3070,2927.0,2950.0,1.040677966101695,0.9481793347435004,0.03786842372249493,2.4426322055556735,8.89
2018-01-18,3040,2995,2975.0,2929.0,1.0225332878115398,0.9460445192170702,0.037098960214432555,2.0617496596228944,7.48
2018-01-17,2885,2985,2944.0,2959.0,1.008786752281176,0.9441387242090145,0.03679077416438455,1.7571804220076535,6.41
2018-01-16,2800,2845,2945.0,2944.0,0.9663722826086957,0.9424516245397749,0.03668858571561219,0.6519918280399051,2.48
2018-01-15,2735,2795,2966.0,2950.0,0.9474576271186441,0.9413540346807601,0.037184542988643786,0.16414326887782646,0.64
2018-01-12,2750,2730,2941.0,2945.0,0.9269949066213922,0.9405275341254461,0.037724668674791705,-0.3587209107311967,-1.46
2018-01-11,2725,2745,2934.0,2945.0,0.9320882852292021,0.9401698969310222,0.03797756036582802,-0.21279965390014563,-0.87
2018-01-10,2700,2735,2920.0,2940.0,0.9302721088435374,0.9401574289168358,0.03798036490136393,-0.26027448917278456,-1.06
2018-01-09,2700,2710,2958.0,2926.0,0.9261790840738209,0.940627200514427,0.038072971371072906,-0.3794848660428844,-1.56
2018-01-05,2695,2710,2950.0,2945.0,0.9202037351443124,0.941106064230988,0.0381140756875892,-0.5484149545697057,-2.27
2018-01-04,2715,2690,2894.0,2943.0,0.9140332993544003,0.9415476326217627,0.038061159539863054,-0.7228979253389665,-3.01
2017-12-29,2735,2685,2872.0,2881.0,0.9319680666435266,0.9419627345659165,0.03792835708589462,-0.26351439108621105,-1.07
2017-12-28,2745,2730,2879.0,2864.0,0.9532122905027933,0.942141940773022,0.03791245914156784,0.2919976699067132,1.16
2017-12-27,2745,2745,2861.0,2874.0,0.9551148225469729,0.9419977613449061,0.03789064020479574,0.3461820948701361,1.37
2017-12-26,2760,2745,2875.0,2856.0,0.9611344537815126,0.9419416849230676,0.03787429467635229,0.5067492087299111,2.0
2017-12-25,2730,2750,2910.0,2873.0,0.9571876087713191,0.9416265588726475,0.03781156492375768,0.41154207528962655,1.63
2017-12-22,2720,2710,2890.0,2900.0,0.9344827586206896,0.9410381813462142,0.0379080574323538,-0.1729295344986376,-0.7
2017-12-21,2695,2700,2874.0,2876.0,0.9388038942976356,0.9408622946794641,0.037968620123007994,-0.05421319961483793,-0.22
2017-12-20,2730,2685,2854.0,2876.0,0.9335883171070932,0.9402901407724927,0.038317048484817616,-0.1749044858727826,-0.72
2017-12-19,2770,2740,2859.0,2864.0,0.9567039106145251,0.9399354303053866,0.03850014626905498,0.43554328838008505,1.75
2017-12-18,2780,2775,2863.0,2846.0,0.9750527055516515,0.9394731956552563,0.03850415850259041,0.9240433054523574,3.65
2017-12-15,2805,2790,2875.0,2830.0,0.9858657243816255,0.9393259022754611,0.03838872783258823,1.2123304087888178,4.72
2017-12-14,2775,2785,2875.0,2882.0,0.9663428174878557,0.9387632529567117,0.03800986347166784,0.7255896762613074,2.85
2017-12-13,2770,2765,2845.0,2851.0,0.9698351455629604,0.9382633987894164,0.03789020203907982,0.8332430305064332,3.26
2017-12-12,2790,2765,2838.0,2835.0,0.9753086419753086,0.9376053208863404,0.03776454680911962,0.9983787513600825,3.87
2017-12-11,2795,2795,2836.0,2835.0,0.9858906525573192,0.9367813858401831,0.03760674305966846,1.3058633298612767,4.98
2017-12-08,2720,2775,2771.0,2827.0,0.9816059426954369,0.9353969586500218,0.037684505768435524,1.2262064501883327,4.71
2017-12-07,2700,2760,2822.0,2821.0,0.97837646224743,0.934146440447785,0.037686503034709974,1.1736302983301021,4.52
2017-12-06,2710,2685,2869.0,2817.0,0.9531416400425985,0.9327953323465568,0.03789247839522199,0.5369484540923372,2.13
2017-12-05,2740,2705,2846.0,2865.0,0.944153577661431,0.9315692946285061,0.03869345817558378,0.3252302488916798,1.33
2017-12-04,2755,2740,2873.0,2849.0,0.9617409617409617,0.9304305159998438,0.039553593023302816,0.7915954872335226,3.26
2017-12-01,2790,2750,2895.0,2872.0,0.9575208913649025,0.928902953327829,0.04051548488898496,0.7063456877163993,2.99
2017-11-30,2805,2805,2801.0,2867.0,0.978374607603767,0.9273439429307425,0.041618880124916435,1.2261421864273911,5.22
2017-11-29,2775,2795,2755.0,2798.0,0.998927805575411,0.92566845720662,0.04205788345859239,1.7418695936260715,7.33
2017-11-28,2785,2760,2773.0,2743.0,1.006197593875319,0.9234707066370366,0.04247684041567413,1.9475762893078978,8.22
2017-11-27,2805,2775,2794.0,2768.0,1.0025289017341041,0.921034585834752,0.04289968819893419,1.899648210062675,8.13
2017-11-24,2735,2780,2761.0,2767.0,1.0046982291290205,0.9188769309109951,0.04281606190006007,2.0044183049423565,8.54
2017-11-22,2785,2740,2765.0,2760.0,0.9927536231884058,0.9170060414575312,0.0420845298996735,1.7998913594009818,7.63
2017-11-21,2740,2740,2755.0,2751.0,0.9960014540167212,0.9150886668115209,0.041865054173090985,1.9327047057115125,8.12
2017-11-20,2735,2765,2754.0,2755.0,1.0036297640653358,0.9131341613608149,0.041461796498381547,2.1826261847591026,9.02
2017-11-17,2705,2750,2798.0,2784.0,0.9877873563218391,0.9111194652541081,0.04067928615110533,1.884691161564244,7.76
2017-11-16,2620,2705,2705.0,2750.0,0.9836363636363636,0.9091896020904519,0.04042883574383789,1.841427292579378,7.57
2017-11-15,2755,2650,2750.0,2705.0,0.9796672828096118,0.9073990726608755,0.04006415108121287,1.8038123409190308,7.38
2017-11-14,2760,2760,2781.0,2774.0,0.9949531362653208,0.9056468691154616,0.03973757732108359,2.2474009028848356,8.98
2017-11-13,2775,2760,2818.0,2785.0,0.9910233393177738,0.9035967843373324,0.03903735308412205,2.2395615499863646,8.82
2017-11-10,2730,2765,2816.0,2827.0,0.9780686239830209,0.9017182618266382,0.03816522104748874,2.000521942775608,7.81
2017-11-09,2730,2755,2885.0,2849.0,0.967005967005967,0.8999241661786204,0.03769368717754319,1.7796561135391393,6.94
2017-11-08,2760,2715,2909.0,2935.0,0.9250425894378195,0.8981503461605255,0.037625368337222166,0.7147370103135959,2.91
2017-11-07,2740,2735,2905.0,2937.0,0.9312223357167178,0.896902130195583,0.038260016685413845,0.8970253673260666,3.69
2017-11-06,2745,2785,2945.0,2915.0,0.9554030874785592,0.8955330130534608,0.03884023381473134,1.5414447480074347,6.27
2017-11-02,2745,2695,2946.0,2945.0,0.9151103565365025,0.8935976717085542,0.03942075741337954,0.5457197233010761,2.35
2017-11-01,2755,2745,2946.0,2964.0,0.9261133603238867,0.8920013440097013,0.040913138754520614,0.8337667886802312,3.68
2017-10-31,2750,2705,2939.0,2953.0,0.9160176092109719,0.8903117117418631,0.0420698327618999,0.611029228820445,2.81
2017-10-30,2750,2745,2950.0,2941.0,0.9333560013600816,0.8886090186822772,0.04355307604146974,1.0274126822913237,4.79
2017-10-27,2730,2745,2968.0,2945.0,0.9320882852292021,0.8864839410459905,0.04517598339131532,1.0094820468695895,4.89
2017-10-26,2690,2725,2944.0,2940.0,0.9268707482993197,0.8841705251036309,0.04717950770704042,0.9050586848178745,4.61
2017-10-25,2690,2695,2934.0,2922.0,0.9223134839151266,0.882070215075725,0.04871319017803167,0.8261267367693396,4.36
2017-10-24,2665,2675,2916.0,2922.0,0.9154688569472964,0.8797518609613927,0.05083415456859449,0.7026180781212362,3.9
2017-10-23,2755,2660,2963.0,2924.0,0.9097127222982216,0.8774013199780797,0.053151255118065385,0.6079141922117989,3.55
2017-10-20,2700,2750,2932.0,2935.0,0.9369676320272572,0.8751574680653759,0.05525063258356371,1.1187231905154509,6.6
2017-10-19,2700,2710,2964.0,2946.0,0.9198913781398507,0.872805549509622,0.0563135863166806,0.836136209927043,5.12
2017-10-18,2750,2720,2990.0,2975.0,0.9142857142857143,0.870696002001733,0.05746193983737104,0.758584071601985,4.77
2017-10-17,2865,2775,3015.0,3010.0,0.9219269102990033,0.8687257901284374,0.058458198480475884,0.9100711543195129,5.77
2017-10-16,2835,2815,2974.0,3005.0,0.9367720465890182,0.8667511883337966,0.05912519582342908,1.1842812066843933,7.47
2017-10-13,2790,2845,3060.0,3060.0,0.9297385620915033,0.864937492765372,0.05903573595741465,1.0976583636202222,6.97
2017-10-12,2775,2790,3110.0,3065.0,0.9102773246329527,0.8633362914937057,0.058884833180789894,0.7971667847835677,5.16
2017-10-11,2730,2755,3125.0,3090.0,0.8915857605177994,0.8619817389710818,0.05895787917426498,0.5021215478123864,3.32
2017-10-10,2705,2715,3090.0,3125.0,0.8688,0.860979500970148,0.0590848759053976,0.13236042066625747,0.9
2017-10-06,2725,2720,3080.0,3095.0,0.8788368336025848,0.8604086836443479,0.0592132249342075,0.3112167928484333,2.1
2017-10-05,2705,2715,3070.0,3090.0,0.8786407766990292,0.8594660240588242,0.0594745322610875,0.3224027480540685,2.18
2017-10-04,2765,2695,3075.0,3095.0,0.8707592891760905,0.8584704538827471,0.05976944204304747,0.20560398212338366,1.41
2017-10-03,2735,2765,3100.0,3075.0,0.8991869918699187,0.8576643047334798,0.06000553133892543,0.691980992583983,4.62
2017-10-02,2785,2740,3050.0,3075.0,0.8910569105691057,0.8567775481856633,0.059876637454198,0.5724997902506476,3.85
2017-09-29,2695,2750,3000.0,3045.0,0.90311986863711,0.8558974416937961,0.05985141773107787,0.7889942917558267,5.23
2017-09-28,2625,2685,2975.0,3000.0,0.895,0.8550323910176086,0.05963109723507096,0.6702477538663358,4.47
2017-09-27,2625,2610,2956.0,2964.0,0.8805668016194332,0.854238893171937,0.059489768933073464,0.4425619551004704,2.99
2017-09-26,2620,2630,2970.0,2990.0,0.8795986622073578,0.8536350741347682,0.05944929127286138,0.43673503109433987,2.95
2017-09-25,2615,2630,2960.0,2981.0,0.8822542770882255,0.8534122141154236,0.05938283480008118,0.4856969706801951,3.27
2017-09-22,2610,2600,2950.0,2941.0,0.8840530431825909,0.8533135226916734,0.0593409546617123,0.51801526729989,3.48
2017-09-21,2615,2590,2904.0,2925.0,0.8854700854700854,0.8533067529161174,0.05933747628829756,0.5420407905064759,3.63
2017-09-20,2660,2615,2904.0,2905.0,0.9001721170395869,0.8533891113247168,0.05938632729160511,0.7877740188436155,5.2
2017-09-19,2705,2705,2839.0,2905.0,0.9311531841652324,0.8531298390743522,0.05922373877281381,1.317433628940295,8.38
2017-09-15,2660,2715,2784.0,2812.0,0.9655049786628734,0.852397763352016,0.05859071957807676,1.9304629833080158,11.71
2017-09-14,2665,2665,2796.0,2770.0,0.9620938628158845,0.8513306498903894,0.05723409876031127,1.9352661319846505,11.51
2017-09-13,2620,2655,2781.0,2785.0,0.9533213644524237,0.8505329722693391,0.05609029165532733,1.8325522857808487,10.78
2017-09-12,2615,2620,2788.0,2772.0,0.9451659451659452,0.849865564907562,0.05515323535467573,1.7279200330775135,10.08
2017-09-11,2625,2615,2774.0,2766.0,0.9454085321764281,0.849171040411317,0.05426967320080218,1.7733199057422844,10.18
2017-09-08,2640,2585,2729.0,2743.0,0.942398833394094,0.8485841421426907,0.05345767918162118,1.7549338595989201,9.95
2017-09-07,2580,2615,2741.0,2750.0,0.9509090909090909,0.8478232544019202,0.05251476818886727,1.9629875568797452,10.84
2017-09-06,2500,2550,2704.0,2720.0,0.9375,0.8468091080784179,0.05123300789898705,1.7701652829049528,9.67
2017-09-05,2550,2510,2757.0,2749.0,0.9130592942888323,0.8457876027020738,0.05016727668829141,1.3409476461069114,7.37
2017-09-04,2505,2540,2812.0,2757.0,0.921291258614436,0.8450983024041455,0.04959006794578308,1.536455975289091,8.27
2017-09-01,2540,2530,2831.0,2824.0,0.8958923512747875,0.8446699333083771,0.04906604150977983,1.0439484496869536,5.72
2017-08-31,2540,2545,2824.0,2806.0,0.9069850320741268,0.8441716991366037,0.04873196559662114,1.28895545600316,6.93
2017-08-30,2720,2590,2810.0,2809.0,0.9220363118547525,0.8432383900069426,0.048187289150271255,1.6352428874361449,8.55
2017-08-29,2600,2705,2758.0,2806.0,0.9640057020669993,0.8420161423059769,0.04732802020747655,2.577533546221555,12.65
2017-08-28,2600,2630,2792.0,2787.0,0.9436670254754216,0.8401443685640557,0.04519435275441913,2.290610454671095,10.97
2017-08-25,2575,2585,2768.0,2783.0,0.9288537549407114,0.838220399342502,0.04379615701719702,2.069436264981452,9.76
2017-08-24,2525,2535,2765.0,2754.0,0.920479302832244,0.8365119917033031,0.04271307210091962,1.9658457469541981,9.12
2017-08-23,2485,2535,2827.0,2775.0,0.9135135135135135,0.834779330265861,0.041899752301223114,1.879108560872187,8.62
2017-08-22,2488,2468,2790.0,2798.0,0.8820586132952108,0.8333925451722696,0.04098206014618732,1.1874968693458623,5.52
2017-08-21,2465,2485,2816.0,2799.0,0.8878170775276885,0.8323279748502866,0.04074036435792168,1.3620178305207609,6.25
2017-08-18,2428,2468,2823.0,2814.0,0.8770433546552949,0.8311504524799368,0.04039434774331125,1.1361218769266392,5.23
2017-08-17,2448,2463,2861.0,2860.0,0.8611888111888112,0.829943741745144,0.04035715021168255,0.774213969018616,3.63
2017-08-16,2470,2450,2871.0,2853.0,0.858745180511742,0.8289629424756849,0.04047956106425935,0.7357352019894483,3.47
2017-08-15,2400,2428,2850.0,2866.0,0.8471737613398465,0.827960026603078,0.040660655230527844,0.47253873868571783,2.27
2017-08-14,2388,2373,2800.0,2823.0,0.8405951115834219,0.8271397679507615,0.04088468435061426,0.32910474536801154,1.6
2017-08-10,2378,2420,2837.0,2838.0,0.8527131782945736,0.8265668211087186,0.04099305867296563,0.6378240129492504,3.07
2017-08-09,2373,2368,2846.0,2839.0,0.8340965128566397,0.8258434834282979,0.04100394683737749,0.20127402518282947,0.99
2017-08-08,2338,2370,2780.0,2878.0,0.8234885337039611,0.8255526263230782,0.041021738055126857,-0.05031704449829229,-0.25
2017-08-07,2355,2338,2685.0,2781.0,0.8407047824523552,0.8255436107263986,0.04102226500218324,0.36958397409674393,1.8
2017-08-04,2263,2320,2671.0,2684.0,0.8643815201192251,0.8254531771134884,0.04099621026968889,0.9495595507402027,4.5
2017-08-03,2240,2265,2649.0,2668.0,0.8489505247376312,0.8251037718951502,0.0407740106022226,0.5848517840229621,2.81
2017-08-02,2250,2245,2642.0,2643.0,0.8494135452137722,0.8247602246791326,0.040680078619919686,0.6060293237134436,2.9
2017-08-01,2220,2243,2620.0,2631.0,0.8525275560623337,0.8245108969426196,0.0405854092378578,0.6903135793338341,3.29
2017-07-31,2198,2213,2602.0,2625.0,0.843047619047619,0.8241707613608226,0.04045587400540659,0.46660363052034776,2.24
2017-07-28,2220,2210,2588.0,2602.0,0.8493466564181399,0.823898150969316,0.040396597652571614,0.6299665547997927,3.0
2017-07-27,2205,2208,2601.0,2603.0,0.8482520169035728,0.823548783614454,0.04028815714866669,0.6131636450374662,2.91
2017-07-26,2213,2193,2617.0,2607.0,0.8411967779056386,0.8231547649167289,0.04018901702135702,0.44892894442583514,2.14
2017-07-25,2210,2218,2633.0,2609.0,0.8501341510157149,0.822699145805955,0.04017559068137448,0.68287745729346,3.23
2017-07-24,2213,2210,2608.0,2620.0,0.8435114503816794,0.8221440413208959,0.04008019374864411,0.5331164114321763,2.53
2017-07-21,2180,2185,2614.0,2620.0,0.833969465648855,0.8214453445547654,0.04015829132769763,0.3118688738993134,1.5
2017-07-20,2195,2180,2605.0,2622.0,0.8314263920671243,0.8207585599666617,0.040378080970745765,0.2641985910175264,1.28
2017-07-19,2123,2160,2601.0,2607.0,0.8285385500575374,0.8198300015628935,0.040919217307614573,0.21282294891362225,1.05
2017-07-18,2118,2118,2643.0,2614.0,0.8102524866105585,0.8187993498210795,0.04165377974053907,-0.20518817893020325,-1.05
2017-07-14,2110,2103,2631.0,2644.0,0.7953857791225416,0.8180986527374562,0.04222969505865146,-0.5378412887748635,-2.86
2017-07-13,2098,2100,2640.0,2627.0,0.7993909402360106,0.8173908012660558,0.043041605464649114,-0.41819678508109476,-2.25
2017-07-12,2080,2078,2655.0,2636.0,0.7883156297420334,0.816722727697862,0.043699635163140634,-0.6500534352238526,-3.6
2017-07-11,2033,2058,2680.0,2659.0,0.7739751786385859,0.8160982921803931,0.04442959570107013,-0.9480868073889006,-5.44
2017-07-10,2028,2033,2660.0,2680.0,0.7585820895522388,0.8157192919560426,0.044905988016189946,-1.2723737952988399,-7.53
2017-07-07,2018,2028,2690.0,2636.0,0.7693474962063733,0.8154925045447843,0.04523571336192882,-1.0201012631149842,-6.0
2017-07-06,2020,2035,2734.0,2719.0,0.7484369253401986,0.81477702158883,0.04637007085350315,-1.4306662687279381,-8.86
2017-07-05,2010,2015,2693.0,2726.0,0.7391782831988262,0.8141922725221823,0.04746652524184057,-1.580355607265584,-10.15
2017-07-04,2068,2010,2725.0,2711.0,0.7414238288454444,0.8134686277890125,0.04899376430627221,-1.470489152317387,-9.72
2017-07-03,2083,2068,2695.0,2719.0,0.7605737403457153,0.8126623170831497,0.05064267035715264,-1.0285511480750251,-6.85
2017-06-30,2073,2055,2707.0,2698.0,0.7616753150481839,0.8116219456187459,0.05247054968869014,-0.9518983671201728,-6.56
2017-06-29,2093,2088,2701.0,2724.0,0.7665198237885462,0.8105751341954481,0.05421086827423381,-0.8126656482246607,-5.75
2017-06-28,2138,2070,2687.0,2675.0,0.7738317757009345,0.8095228365969362,0.05579855975904566,-0.6396412568734041,-4.61
2017-06-27,2165,2150,2667.0,2685.0,0.8007448789571695,0.8083582895127579,0.05741919266598057,-0.13259347967285423,-0.95
2017-06-26,2148,2165,2667.0,2674.0,0.8096484667165296,0.8068647749196752,0.05903192795505137,0.04715569850562769,0.34
2017-06-23,2188,2160,2669.0,2671.0,0.8086858854361663,0.805220096763795,0.060628206846352964,0.05716462439924068,0.43
2017-06-22,2185,2188,2662.0,2680.0,0.8164179104477612,,,,
2017-06-21,2180,2193,2665.0,2655.0,0.8259887005649718,,,,
2017-06-20,2180,2165,2678.0,2679.0,0.8081373646883165,,,,
2017-06-19,2100,2145,2592.0,2668.0,0.8039730134932533,,,,
2017-06-16,2133,2093,2555.0,2583.0,0.8102981029810298,,,,
2017-06-15,2083,2125,2540.0,2552.0,0.832680250783699,,,,
2017-06-14,2155,2108,2552.0,2555.0,0.8250489236790607,,,,
2017-06-13,2115,2135,2545.0,2547.0,0.8382410679230468,,,,
2017-06-12,2120,2133,2552.0,2553.0,0.8354876615746181,,,,
2017-06-09,2165,2145,2531.0,2568.0,0.8352803738317757,,,,
2017-06-08,2220,2190,2555.0,2538.0,0.8628841607565012,,,,
2017-06-07,2223,2223,2514.0,2541.0,0.8748524203069658,,,,
2017-06-06,2265,2223,2522.0,2516.0,0.8835453100158982,,,,
2017-06-05,2228,2263,2532.0,2538.0,0.8916469661150512,,,,
2017-06-02,2200,2230,2501.0,2532.0,0.8807266982622433,,,,
2017-06-01,2188,2195,2455.0,2505.0,0.8762475049900199,,,,
2017-05-31,2173,2188,2415.0,2471.0,0.8854714690408741,,,,
2017-05-30,2188,2188,2410.0,2425.0,0.9022680412371133,,,,
2017-05-29,2158,2185,2453.0,2419.0,0.9032658123191402,,,,
2017-05-26,2215,2180,2441.0,2441.0,0.8930766079475625,,,,
2017-05-25,2188,2203,2450.0,2444.0,0.9013911620294599,,,,
2017-05-24,2185,2185,2469.0,2468.0,0.8853322528363047,,,,
2017-05-23,2140,2160,2484.0,2469.0,0.8748481166464156,,,,
2017-05-22,2123,2135,2453.0,2480.0,0.8608870967741935,,,,
2017-05-19,2158,2100,2429.0,2438.0,0.8613617719442166,,,,
2017-05-18,2108,2158,2432.0,2427.0,0.8891635764318088,,,,
2017-05-17,2100,2130,2496.0,2481.0,0.8585247883917775,,,,
2017-05-16,2100,2100,2532.0,2509.0,0.8369868473495417,,,,
2017-05-15,2105,2100,2514.0,2529.0,0.830367734282325,,,,
2017-05-12,2030,2078,2521.0,2523.0,0.8236226714229092,,,,
2017-05-11,1995,2028,2485.0,2537.0,0.7993693338588884,,,,
2017-05-10,1973,1993,2473.0,2489.0,0.8007231820008035,,,,
2017-05-09,1990,1970,2483.0,2492.0,0.790529695024077,,,,
2017-05-08,2000,2010,2459.0,2483.0,0.8095046314941603,,,,
2017-05-02,1935,1955,2426.0,2437.0,0.8022158391464916,,,,
2017-05-01,1873,1930,2411.0,2414.0,0.7995028997514498,,,,
2017-04-28,1923,1905,2436.0,2422.0,0.7865400495458299,,,,
2017-04-27,1885,1910,2418.0,2425.0,0.7876288659793814,,,,
2017-04-26,1883,1893,2392.0,2416.0,0.7835264900662252,,,,
2017-04-25,1875,1873,2357.0,2384.0,0.7856543624161074,,,,
2017-04-24,1898,1880,2353.0,2357.0,0.7976240984302079,,,,
2017-04-21,1868,1870,2310.0,2342.0,0.798462852263023,,,,
2017-04-20,1890,1865,2293.0,2296.0,0.8122822299651568,,,,
2017-04-19,1868,1890,2250.0,2297.0,0.8228123639529822,,,,
2017-04-18,1905,1888,2257.0,2264.0,0.833922261484099,,,,
2017-04-17,1803,1875,2216.0,2237.0,0.8381761287438534,,,,
2017-04-14,1853,1825,2211.0,2217.0,0.8231844835363104,,,,
2017-04-13,1820,1850,2225.0,2227.0,0.8307139649753031,,,,
2017-04-12,1870,1855,2270.0,2243.0,0.8270173874275524,,,,
2017-04-11,1900,1878,2292.0,2283.0,0.8226018396846255,,,,
2017-04-10,1900,1885,2297.0,2290.0,0.8231441048034934,,,,
2017-04-07,1850,1865,2278.0,2278.0,0.8187006145741879,,,,
2017-04-06,1853,1815,2282.0,2249.0,0.8070253445975989,,,,
2017-04-05,1848,1845,2309.0,2282.0,0.8085013146362839,,,,
2017-04-04,1840,1833,2337.0,2317.0,0.7911091929218818,,,,
2017-04-03,1833,1838,2377.0,2349.0,0.7824606215410813,,,,
2017-03-31,1850,1810,2424.0,2376.0,0.7617845117845118,,,,
2017-03-30,1835,1818,2430.0,2420.0,0.7512396694214876,,,,
2017-03-29,1865,1845,2477.0,2435.0,0.757700205338809,,,,
2017-03-28,1845,1855,2461.0,2499.0,0.742296918767507,,,,
2017-03-27,1845,1835,2502.0,2449.0,0.7492854226214781,,,,
2017-03-24,1843,1850,2480.0,2495.0,0.7414829659318637,,,,
2017-03-23,1855,1843,2496.0,2472.0,0.7455501618122977,,,,
2017-03-22,1790,1848,2535.0,2492.0,0.7415730337078652,,,,
2017-03-21,1828,1825,2584.0,2550.0,0.7156862745098039,,,,
2017-03-17,1763,1815,2581.0,2576.0,0.7045807453416149,,,,
2017-03-16,1740,1765,2550.0,2577.0,0.6849049282110982,,,,
2017-03-15,1748,1748,2560.0,2567.0,0.6809505259057266,,,,
2017-03-14,1753,1748,2573.0,2561.0,0.6825458805154236,,,,
2017-03-13,1765,1753,2569.0,2566.0,0.6831644583008574,,,,
2017-03-10,1750,1763,2558.0,2564.0,0.6875975039001561,,,,
2017-03-09,1753,1743,2548.0,2539.0,0.6864907443875542,,,,
2017-03-08,1740,1748,2552.0,2538.0,0.6887312844759653,,,,
2017-03-07,1748,1748,2546.0,2547.0,0.6862976050255202,,,,
