DATE,OPEN_2327,CLOSE_2327,OPEN_3076,CLOSE_3076,saya_divide,saya_divide_mean,saya_divide_std,saya_divide_sigma,deviation_rate(%)
2020-05-15,2653,2686,1298,1296,2.072530864197531,1.9657876496398667,0.13643453558717816,0.7823767941032639,5.15
2020-05-14,2690,2638,1385,1358,1.9425625920471281,1.9619102499615648,0.13747415459258996,-0.14073669317534088,-1.0
2020-05-13,2679,2704,1400,1388,1.9481268011527377,1.9616191714984972,0.13753790869323868,-0.0980992838552789,-0.69
2020-05-12,2720,2703,1417,1395,1.9376344086021506,1.9613163950731833,0.13759226182729167,-0.17211713912195706,-1.22
2020-05-11,2748,2725,1388,1418,1.9217207334273625,1.960929662180146,0.1376990026597608,-0.284743738120344,-2.04
2020-05-08,2695,2738,1350,1373,1.9941733430444282,1.9607035444646066,0.13777710463884862,0.24292714429988238,1.68
2020-05-07,2582,2646,1299,1328,1.9924698795180722,1.9595937862350408,0.1378382366403137,0.23851214354128006,1.65
2020-05-01,2679,2625,1328,1315,1.9961977186311788,1.9589346083229857,0.13779764598685385,0.2704190629769397,1.87
2020-04-30,2823,2697,1346,1339,2.0141896938013444,1.9580892299489172,0.13776092901967343,0.407230585998847,2.79
2020-04-28,2803,2923,1290,1316,2.2211246200607904,1.9565802370772511,0.1377579963787265,1.9203559135416688,11.91
2020-04-27,2857,2847,1269,1287,2.212121212121212,1.9523947954077123,0.13438423130721852,1.9327149784392021,11.74
2020-04-24,2730,2869,1300,1274,2.2519623233908947,1.9480442563782743,0.13114813703178846,2.317364728855851,13.5
2020-04-23,2739,2739,1299,1310,2.0908396946564887,1.9428017542332354,0.12667697082447074,1.168625516222528,7.08
2020-04-22,2689,2718,1318,1300,2.0907692307692307,1.9395772044267214,0.12594353854252993,1.2004746578678442,7.23
2020-04-21,2725,2720,1359,1326,2.051282051282051,1.936267049953264,0.12518651705011719,0.9187491116374941,5.61
2020-04-20,2700,2775,1373,1354,2.0494830132939437,1.9334957471819614,0.12491000791373202,0.9285666380878612,5.66
2020-04-17,2782,2731,1370,1366,1.999267935578331,1.9310085625038627,0.12443197763779097,0.5485677747014878,3.41
2020-04-16,2704,2732,1341,1360,2.0088235294117647,1.929029373086575,0.12451101443918758,0.6408602217610384,3.97
2020-04-15,2712,2738,1333,1321,2.072672218016654,1.927194349421937,0.12433553580230525,1.1700425598843132,7.02
2020-04-14,2663,2713,1350,1362,1.9919236417033774,1.9244203202509986,0.1233760647819544,0.5471346615867438,3.39
2020-04-13,2661,2671,1356,1345,1.9858736059479554,1.9220764352220074,0.12374067355610145,0.5155715488894895,3.21
2020-04-10,2677,2668,1377,1386,1.924963924963925,1.919541550832884,0.12435358725799261,0.0436044850060613,0.28
2020-04-09,2661,2657,1354,1363,1.9493763756419662,1.917862131088948,0.125117205569936,0.25187778458976834,1.62
2020-04-08,2576,2600,1318,1340,1.9402985074626866,1.9161956822477297,0.12551805928146165,0.19202675179122006,1.24
2020-04-07,2503,2555,1305,1316,1.9414893617021276,1.9157377418347368,0.12549193753996749,0.20520537312757073,1.33
2020-04-06,2373,2453,1242,1275,1.923921568627451,1.915805158851006,0.12550711101881182,0.06466892362161256,0.42
2020-04-03,2440,2386,1238,1220,1.955737704918033,1.9163409400256262,0.1256263296605434,0.3136027694103717,2.01
2020-04-02,2391,2452,1212,1232,1.9902597402597402,1.916257703286652,0.1256022646521824,0.5891775691944297,3.72
2020-04-01,2561,2490,1290,1263,1.9714964370546317,1.9150000945671142,0.12532691079334432,0.45079179028577704,2.87
2020-03-31,2680,2632,1314,1333,1.9744936234058514,1.9143701437676806,0.12515998062276545,0.48037303408814186,3.05
2020-03-30,2686,2686,1341,1344,1.9985119047619047,1.9136690868913706,0.12496835746251038,0.6789144035600075,4.25
2020-03-27,2730,2745,1339,1386,1.9805194805194806,1.9132259185990579,0.12472539651357877,0.5395337581716686,3.4
2020-03-26,2719,2680,1295,1295,2.0694980694980694,1.912457449878661,0.12448573737389548,1.2615149569121606,7.59
2020-03-25,2690,2769,1312,1295,2.138223938223938,1.9103022995212071,0.12314021406992381,1.8509115029904706,10.66
2020-03-24,2600,2640,1169,1192,2.214765100671141,1.907046686658398,0.12026549880229366,2.558659109031812,13.89
2020-03-23,2354,2550,1068,1139,2.2388059701492535,1.902916485316116,0.11482267136946503,2.925288889616107,15.0
2020-03-19,2521,2254,1159,1038,2.1714836223506744,1.8982217324793147,0.1079880629865002,2.5304823729037595,12.58
2020-03-18,2527,2421,1183,1149,2.1070496083550916,1.8940173405332579,0.10330398361518527,2.062188314202811,10.11
2020-03-17,2491,2513,1110,1183,2.1242603550295858,1.8903080238317997,0.10054587501131719,2.326821773359205,11.01
2020-03-16,2550,2441,1176,1149,2.124456048738033,1.886858228063027,0.0968296348226722,2.4537717312486818,11.18
2020-03-13,2472,2550,1171,1163,2.1926053310404128,1.8833970122780515,0.09283180819984027,3.330844510716892,14.1
2020-03-12,2699,2672,1278,1248,2.141025641025641,1.878454957457675,0.08584209178424473,3.0587638081782815,12.26
2020-03-11,2799,2749,1345,1308,2.1016819571865444,1.8737611599198407,0.08083505353467871,2.819578726064978,10.84
2020-03-10,2639,2737,1290,1344,2.0364583333333335,1.8700167563399281,0.07658310705394382,2.173345838216864,8.17
2020-03-09,2783,2689,1413,1350,1.9918518518518518,1.8663989952367572,0.07502804155256267,1.6720795854334751,6.3
2020-03-06,2891,2878,1485,1454,1.9793672627235213,1.8646362921828261,0.07359933277158473,1.5588588404294683,5.8
2020-03-05,2971,2941,1543,1515,1.9412541254125413,1.8632657194439097,0.07239733597429099,1.0772275653392274,4.02
2020-03-04,2937,2923,1500,1505,1.9421926910299003,1.861673288729367,0.07197668944217175,1.1186872156050613,4.15
2020-03-03,3065,2962,1579,1515,1.9551155115511551,1.8601749765437474,0.07145266220216065,1.3287193518247502,4.86
2020-03-02,2978,3040,1504,1539,1.9753086419753085,1.8583982676987738,0.07072280352795303,1.6530789002210038,5.92
2020-02-28,3000,2992,1532,1525,1.961967213114754,1.85596722809129,0.06978985601420068,1.5188451599885153,5.4
2020-02-27,3195,3080,1630,1583,1.9456727732154138,1.8537384188139148,0.06903418154264328,1.3317222330608787,4.73
2020-02-26,3250,3210,1607,1646,1.9501822600243013,1.8523378666985373,0.06821550361215985,1.4343424609464088,5.02
2020-02-25,3180,3245,1640,1630,1.99079754601227,1.8521474914545797,0.067961625899046,2.0401226828158707,6.96
2020-02-21,3320,3360,1735,1717,1.9569015725101921,1.8505782461157712,0.06607463946349623,1.6091397131748355,5.43
2020-02-20,3370,3335,1714,1731,1.926632004621606,1.8492267390165884,0.06491248574708798,1.19245573042148,4.02
2020-02-19,3330,3320,1734,1732,1.9168591224018476,1.8472337057950146,0.06479992051974118,1.0744676235462638,3.63
2020-02-18,3245,3270,1720,1730,1.8901734104046244,1.8458769730518785,0.06439190237072365,0.6879193768452115,2.34
2020-02-17,3170,3235,1773,1740,1.8591954022988506,1.8457266359651252,0.0643014058008442,0.2094630150924099,0.72
2020-02-14,3295,3235,1854,1828,1.7696936542669583,1.8460985418400324,0.06445870188829327,-1.1853308449413626,-4.32
2020-02-13,3295,3340,1856,1875,1.7813333333333334,1.847659859154209,0.06400570577162056,-1.0362595806307644,-3.72
2020-02-12,3270,3250,1852,1855,1.752021563342318,1.8497714303625572,0.06439386808076887,-1.5179996160136262,-5.58
2020-02-10,3295,3305,1871,1863,1.7740203972088031,1.852157277335325,0.064041903979336,-1.2200898985097914,-4.4
2020-02-07,3325,3275,1883,1874,1.747598719316969,1.8545033134234643,0.06435859770304736,-1.6610771197930143,-6.12
2020-02-06,3465,3465,1899,1895,1.8284960422163588,1.8570699590295492,0.06388070319126615,-0.44730122534244576,-1.56
2020-02-05,3375,3415,1866,1896,1.8011603375527425,1.8589153690074491,0.06501763506022519,-0.8882979425691,-3.21
2020-02-04,3240,3325,1819,1865,1.7828418230563003,1.8612377973834582,0.06601636815649918,-1.1875232842453771,-4.4
2020-02-03,3170,3230,1838,1834,1.7611777535441657,1.8637977182255667,0.0666462474297032,-1.5397710844806676,-5.83
2020-01-31,3185,3255,1879,1884,1.7277070063694266,1.866931040878111,0.06726923501206356,-2.0696538987505506,-8.06
2020-01-30,3275,3195,1897,1889,1.6913710958178931,1.8699439937813778,0.06601486624809462,-2.7050406690574604,-10.56
2020-01-29,3350,3290,1896,1916,1.7171189979123174,1.8737149125770258,0.06374529068719997,-2.456587976563308,-9.12
2020-01-28,3345,3320,1888,1907,1.740954378605139,1.8772878740699825,0.062362871342843726,-2.186132429909166,-7.83
2020-01-27,3180,3345,1909,1905,1.7559055118110236,1.8801283640995192,0.0609235606312448,-2.038995275413821,-7.07
2020-01-24,3495,3455,1960,1949,1.7727039507439712,1.8819666482624968,0.059203325895007645,-1.8455499900849188,-6.16
2020-01-23,3565,3500,1951,1956,1.7893660531697342,1.8835079005504496,0.057827458611568794,-1.627978293375695,-5.26
2020-01-22,3755,3510,1970,1970,1.781725888324873,1.885123941250734,0.056859461251989596,-1.818484569658895,-5.8
2020-01-21,3780,3780,1970,1968,1.920731707317073,1.887329832819619,0.05600811915162103,0.5963755791732792,1.74
2020-01-20,3795,3795,1971,1971,1.9254185692541856,1.8877363368846598,0.05635861582305551,0.6686152918984672,1.96
2020-01-17,3830,3760,1985,1970,1.9086294416243654,1.8884846466597867,0.05721998898635818,0.3520587004898147,1.06
2020-01-16,3755,3760,1975,1974,1.9047619047619047,1.8895871674706841,0.05838234415647039,0.25991997256140936,0.8
2020-01-15,3775,3755,1961,1965,1.910941475826972,1.8914398867004525,0.060981449938969,0.31979543198853083,1.02
2020-01-14,3850,3820,1975,1966,1.943031536113937,1.893405111467204,0.06388413941620436,0.776819177658754,2.55
2020-01-10,3780,3825,1989,1979,1.9327943405760486,1.8944643164538495,0.06534014162010864,0.5866229116100189,1.98
2020-01-09,3730,3745,1977,1970,1.901015228426396,1.8949462673056992,0.06575309082192556,0.09229925232158147,0.32
2020-01-08,3660,3700,1942,1940,1.907216494845361,1.8955211853028446,0.06599171565155426,0.1772239049560283,0.61
2020-01-07,3690,3700,1918,1962,1.8858307849133538,1.8966676984784059,0.06692530634796942,-0.16192549808747977,-0.57
2020-01-06,3560,3580,1915,1926,1.8587746625129802,1.8981447058107828,0.06788533698089734,-0.5799491473229507,-2.12
2019-12-30,3650,3600,1941,1947,1.8489984591679507,1.9005851749917857,0.06969212343799966,-0.7402086961768096,-2.79
2019-12-27,3620,3615,1921,1962,1.842507645259939,1.9039738870357357,0.07319246100727354,-0.8397892478255171,-3.34
2019-12-26,3655,3650,1966,1980,1.8434343434343434,1.9066071184322697,0.07447506854275857,-0.8482405754572315,-3.43
2019-12-25,3685,3670,1985,1970,1.8629441624365481,1.909726722747093,0.07663256886938873,-0.6104788212213056,-2.51
2019-12-24,3690,3685,1982,1991,1.850828729281768,1.9124363161548843,0.0785004937163959,-0.7848050879232713,-3.33
2019-12-23,3720,3690,1985,1972,1.8711967545638946,1.9147463673485583,0.07919964050937324,-0.5498713441699229,-2.33
2019-12-20,3620,3705,1991,1987,1.8646200301962759,1.9169137820931985,0.08019620767242815,-0.6520726280539759,-2.8
2019-12-19,3645,3625,2024,1996,1.816132264529058,1.9192240148325637,0.08114654165513666,-1.2704392350031812,-5.68
2019-12-18,3625,3640,2021,2027,1.7957572767636902,1.9229325456571404,0.08269135517062506,-1.5379511997479929,-7.08
2019-12-17,3640,3625,2002,2015,1.7990074441687345,1.9267115004420317,0.08326726838228536,-1.533664532947084,-7.1
2019-12-16,3620,3605,1984,1976,1.8243927125506072,1.9306035223985698,0.08402573287565646,-1.264027176116824,-5.82
2019-12-13,3925,3810,2030,1999,1.9059529764882441,1.934112314422612,0.08500612030318004,-0.3312624765597547,-1.48
2019-12-12,3890,3860,1975,1983,1.9465456379223398,1.9356809936000439,0.08555577349091817,0.12698902574294696,0.56
2019-12-11,3845,3885,1980,1978,1.9641051567239636,1.9372285146048478,0.08677922378939043,0.3097128661157914,1.37
2019-12-10,3765,3860,1967,1980,1.9494949494949494,1.9399076809276998,0.09058595173695697,0.10583615211207391,0.49
2019-12-09,3760,3735,1996,1970,1.8959390862944163,1.942629274372185,0.09384094624181555,-0.497546006808736,-2.46
2019-12-06,3805,3785,1974,1967,1.9242501270971022,1.946038948042801,0.09668526928956887,-0.2253582278438111,-1.13
2019-12-05,3900,3815,2000,1985,1.9219143576826196,1.950681341021825,0.10363672558095699,-0.2775751856105663,-1.5
2019-12-04,3805,3905,1979,1987,1.96527428283845,1.9552552464521538,0.10966102850173116,0.09136369157925628,0.51
2019-12-03,3780,3840,1994,1997,1.9228843264897346,1.9585338315384844,0.11351948110814845,-0.3140386539891506,-1.85
2019-12-02,3805,3810,2009,1997,1.9078617926890336,1.9618958028523836,0.11611795014962882,-0.46533727209033754,-2.83
2019-11-29,3825,3790,2002,2001,1.8940529735132434,1.965632149273792,0.118796716473615,-0.6025349680135856,-3.78
2019-11-28,3805,3810,2022,2000,1.905,1.9704814688000754,0.12312033075719944,-0.5318493574323533,-3.44
2019-11-27,3795,3830,2004,2030,1.8866995073891626,1.9742829245911264,0.12541987450929162,-0.6983216778412203,-4.64
2019-11-26,3755,3755,2040,2023,1.856154226396441,1.978827377303312,0.12830572574822202,-0.9561003625636789,-6.61
2019-11-25,3820,3740,2050,2045,1.8288508557457213,1.9834437336497726,0.13002595317941265,-1.188938624358636,-8.45
2019-11-22,3800,3815,2046,2045,1.8655256723716382,1.988291062006617,0.13094568126244122,-0.9375291223918447,-6.58
2019-11-21,3750,3795,2044,2035,1.864864864864865,1.9924912433503763,0.131988523624559,-0.9669505725251104,-6.84
2019-11-20,3705,3735,2071,2050,1.8219512195121952,1.9964319990944106,0.1325302559120105,-1.316535446049819,-9.58
2019-11-19,3650,3705,2053,2071,1.7889908256880733,1.9990474158560552,0.13098770468650667,-1.6036359341566524,-11.74
2019-11-18,3710,3720,2100,2043,1.8208516886930983,2.0022160153081816,0.12872284199049158,-1.4089521627286647,-9.96
2019-11-15,3705,3705,2010,2099,1.7651262505955216,2.004635523656471,0.12698481237284098,-1.8861253451139066,-13.57
2019-11-14,3705,3710,1990,1995,1.8596491228070176,2.007489395870753,0.12393863103974469,-1.1928506215009436,-7.95
2019-11-13,3700,3725,1995,1985,1.8765743073047858,2.0092590194602433,0.12275698351056445,-1.080873025395241,-7.07
2019-11-12,3645,3640,1997,1998,1.8218218218218218,2.011185069194622,0.12178948104115951,-1.5548407444876415,-10.39
2019-11-11,3635,3645,1982,1992,1.8298192771084338,2.014792662294968,0.12012275585108664,-1.5398696431493917,-10.11
2019-11-08,3595,3600,1998,1976,1.8218623481781377,2.0190187016533763,0.11911197715552993,-1.6552185446288286,-10.82
2019-11-07,3520,3525,1967,1966,1.7929806714140386,2.022883536806377,0.11734156913486687,-1.9592618974448752,-12.82
2019-11-06,3580,3525,1969,1964,1.794806517311609,2.0271190400610446,0.11466933886825062,-2.0259340905100287,-12.94
2019-11-05,3750,3615,1948,1964,1.8406313645621182,2.029993202011483,0.11146725690251776,-1.6988113165372731,-10.29
2019-11-01,3720,3715,1938,1919,1.9359041167274622,2.03157909412988,0.10959219156640682,-0.8730090714943334,-4.94
2019-10-31,3705,3705,1992,1978,1.8731041456016178,2.032095677737833,0.10923070877948976,-1.4555570856651716,-8.49
2019-10-30,3520,3635,1958,1959,1.855538540071465,2.0330181071098337,0.10817114052377572,-1.640729368101274,-9.56
2019-10-29,3495,3485,1938,1961,1.7771545130035695,2.034628054375284,0.10640175275613781,-2.4198242482134487,-14.49
2019-10-28,3615,3485,1923,1920,1.8151041666666667,2.036585076193389,0.10294166046272861,-2.151518719740414,-12.2
2019-10-25,3625,3615,1927,1924,1.8788981288981288,2.038047082433544,0.10053628559599664,-1.5830001336527662,-8.47
2019-10-24,3610,3610,1917,1913,1.8870883429168845,2.038902788461664,0.09944526389580782,-1.526613129649299,-8.04
2019-10-23,3635,3600,1884,1908,1.8867924528301887,2.040319190363084,0.09801917340128503,-1.5662929221445845,-8.14
2019-10-21,3580,3635,1856,1874,1.939701173959445,2.041694845061134,0.09656810193597111,-1.056183864619348,-5.26
2019-10-18,3600,3580,1860,1854,1.9309600862998921,2.0420000391608077,0.09628102197585336,-1.1532901352954448,-5.75
2019-10-17,3590,3625,1860,1859,1.9499731038192576,2.042460801228533,0.09583015976559844,-0.9651209768981006,-4.74
2019-10-16,3665,3595,1864,1853,1.9400971397733406,2.0425597973418776,0.09573835643357666,-1.0702362290878231,-5.28
2019-10-15,3660,3625,1865,1843,1.9669017905588715,2.043109135302897,0.09526589515815599,-0.7999436169419267,-3.87
2019-10-11,3615,3605,1830,1825,1.9753424657534246,2.0430402601057254,0.09532281685274129,-0.7101950675343883,-3.43
2019-10-10,3655,3610,1830,1828,1.974835886214442,2.043022119235046,0.09533582726003094,-0.7152214962652423,-3.45
2019-10-09,3550,3655,1819,1831,1.9961769524849808,2.043060837099219,0.09530871334846477,-0.4919160375486623,-2.35
2019-10-08,3585,3585,1830,1835,1.9536784741144415,2.042678328255922,0.09555336207696125,-0.9314152030547874,-4.56
2019-10-07,3595,3595,1815,1821,1.9741900054914883,2.0431982409723517,0.09517301915760557,-0.7250819201877634,-3.5
2019-10-04,3575,3595,1800,1811,1.985091109884042,2.0428502274364964,0.09547197268729639,-0.6049850644820689,-2.91
2019-10-03,3470,3525,1816,1804,1.9539911308203992,2.0421364937843474,0.09609913414997392,-0.9172336852316173,-4.51
2019-10-02,3455,3530,1856,1864,1.8937768240343347,2.0426359852594485,0.09573635807742012,-1.5548864006789802,-7.86
2019-10-01,3575,3550,1855,1880,1.8882978723404256,2.04333692136517,0.09483209257306435,-1.6348795520387045,-8.21
2019-09-30,3535,3525,1808,1845,1.910569105691057,2.044486339724522,0.09345845254898907,-1.4329066058874464,-7.01
2019-09-27,3570,3575,1849,1836,1.9471677559912854,2.0455029106700477,0.09240499139366708,-1.0641757895937822,-5.05
2019-09-26,3650,3600,1842,1845,1.951219512195122,2.0465026008854243,0.09173890782825546,-1.0386333448473362,-4.88
2019-09-25,3625,3650,1848,1842,1.981541802388708,2.046839281899293,0.09143443224239382,-0.7141454035333291,-3.3
2019-09-24,3730,3670,1825,1843,1.991318502441671,2.0467075871866096,0.09153544386683751,-0.6051107899309102,-2.78
2019-09-20,3760,3740,1813,1830,2.0437158469945356,2.0466325235523843,0.0915831308294996,-0.0318473121789072,-0.14
2019-09-19,3690,3705,1799,1800,2.058333333333333,2.0453491625006697,0.09228670166558725,0.14069384427361237,0.63
2019-09-18,3565,3600,1799,1780,2.0224719101123596,2.0450636924151993,0.09227921008632475,-0.24481984925646452,-1.12
2019-09-17,3465,3550,1789,1803,1.968940654464781,2.0447090355004938,0.09241636819732478,-0.8198588898660716,-3.85
2019-09-13,3520,3480,1766,1790,1.9441340782122905,2.0439624117303867,0.09324793371112111,-1.0705688538618026,-5.13
2019-09-12,3560,3520,1777,1766,1.9932049830124576,2.0429747106498914,0.09468140894895806,-0.525654700219599,-2.5
2019-09-11,3550,3530,1747,1768,1.996606334841629,2.0412205414725677,0.09678266553535528,-0.46097311315155814,-2.23
2019-09-10,3640,3565,1738,1746,2.0418098510882015,2.039491987471959,0.09870271019523083,0.023483282390706222,0.11
2019-09-09,3625,3670,1764,1745,2.103151862464183,2.037503261020538,0.10012830888919419,0.6556447639228011,3.12
2019-09-06,3620,3570,1771,1750,2.04,2.034545981950394,0.1014128331812472,0.053780353812407186,0.27
2019-09-05,3580,3650,1739,1757,2.0774046670461015,2.032005560387253,0.10360708764798132,0.4381853374075916,2.19
2019-09-04,3555,3560,1721,1723,2.0661636680208937,2.028901935071459,0.10566659474439695,0.3526349367041593,1.8
2019-09-03,3525,3530,1744,1744,2.0240825688073394,2.0258870160675713,0.1077654283140136,-0.016744212763428804,-0.09
2019-09-02,3535,3555,1743,1748,2.0337528604118993,2.023927181444367,0.10910861930048592,0.09005410416268013,0.48
2019-08-30,3510,3550,1709,1742,2.0378874856486795,2.021137962018992,0.1114700856130679,0.15026025626128994,0.82
2019-08-29,3575,3510,1710,1676,2.094272076372315,2.0184903588161895,0.11338259656143079,0.6683716889043609,3.62
2019-08-28,3565,3545,1694,1705,2.0791788856304985,2.015101318628776,0.11485596432695719,0.5578949894087768,3.08
2019-08-27,3575,3565,1710,1705,2.090909090909091,2.0120542581623604,0.11613980727144559,0.6789647287981843,3.77
2019-08-26,3415,3505,1676,1679,2.087552114353782,2.0089617950698977,0.11708300382026211,0.6712359327962828,3.76
2019-08-23,3500,3515,1717,1737,2.0236039147956246,2.00571377895722,0.11823102629324557,0.15131506846630946,0.88
2019-08-22,3525,3525,1682,1709,2.0626097132826215,2.0031450008764686,0.11989562937000862,0.4959706431219399,2.88
2019-08-21,3580,3555,1638,1642,2.1650426309378807,1.9997546491438114,0.1217470379147594,1.357634523394277,7.63
2019-08-20,3530,3575,1635,1660,2.1536144578313254,1.9928837308233873,0.126666827426867,1.2689251816995135,7.46
2019-08-19,3515,3490,1509,1622,2.151664611590629,1.9856410175043577,0.13265761318610486,1.2515195328696096,7.72
2019-08-16,3440,3470,1515,1527,2.272429600523903,1.978313297619117,0.13834145791355795,2.126017083675403,12.94
2019-08-15,3375,3445,1508,1521,2.264957264957265,1.9690051288106742,0.1416845053986546,2.088810878182315,13.07
2019-08-14,3430,3445,1585,1558,2.211168164313222,1.9593196327408133,0.14588854064613627,1.7263078406088546,11.39
2019-08-13,3435,3380,1563,1554,2.175032175032175,1.94988773215371,0.15203861703182991,1.480837219344937,10.35
2019-08-09,3525,3490,1567,1595,2.188087774294671,1.9410351308078688,0.15788852338413595,1.5647283171160815,11.29
2019-08-08,3465,3495,1549,1548,2.257751937984496,1.9321477419965447,0.16242666138521514,2.0046228446187193,14.42
2019-08-07,3415,3410,1571,1557,2.1901091843288376,1.922804586011367,0.16357834961310896,1.6341074411723324,12.21
2019-08-06,3375,3495,1516,1569,2.2275334608030595,1.9142886846099627,0.16604734243439723,1.8864787090275474,14.06
2019-08-05,3600,3515,1637,1596,2.2023809523809526,1.9054260091439479,0.1668287312145443,1.7799988112066623,13.48
2019-08-02,3650,3635,1675,1658,2.192400482509047,1.8970792019094342,0.1674219052463973,1.7639345351194284,13.47
2019-08-01,3660,3720,1698,1706,2.1805392731535758,1.888555967405805,0.16843894517983024,1.7334667195644156,13.39
2019-07-31,3600,3690,1700,1708,2.160421545667447,1.8801428340801356,0.16940032292575075,1.6545346947783537,12.97
2019-07-30,3540,3455,1728,1712,2.018107476635514,1.8714538115507973,0.17150133426458297,0.8551167587913178,7.27
2019-07-29,3455,3500,1722,1727,2.026635784597568,1.8646170312713914,0.17568809197951107,0.9221954174621655,7.99
2019-07-26,3410,3460,1711,1728,2.002314814814815,1.8580121028083678,0.1787577048206553,0.8072531035863524,7.21
2019-07-25,3395,3420,1719,1728,1.9791666666666667,1.8521387764303465,0.18114067579099344,0.7012665138938177,6.42
2019-07-24,3435,3395,1720,1704,1.9923708920187793,1.8468486333460858,0.1831362564348698,0.794611954539142,7.3
2019-07-23,3440,3460,1661,1712,2.0210280373831777,1.841887966194035,0.1841633015014469,0.9727240428937206,8.86
2019-07-22,3505,3465,1642,1656,2.092391304347826,1.8367233204468227,0.18449817198996527,1.3857480599586052,12.22
2019-07-19,3475,3525,1639,1642,2.146772228989038,1.8304359717589194,0.18371146861892948,1.7219189395643613,14.74
2019-07-18,3500,3440,1650,1629,2.1117249846531614,1.823210647123811,0.18177412573729607,1.5872134516345722,13.66
2019-07-17,3505,3510,1721,1663,2.110643415514131,1.8159873624281506,0.18092761724747033,1.6285852738720037,13.96
2019-07-16,3470,3490,1781,1736,2.01036866359447,1.8093355592987594,0.17913418001979883,1.122248720336295,10.0
2019-07-12,3500,3490,1783,1781,1.9595732734418865,1.8036453047710317,0.1794358970082798,0.8689898246149694,7.96
2019-07-11,3530,3505,1802,1775,1.9746478873239437,1.7985496197039652,0.18035965723680963,0.9763728226028063,8.92
2019-07-10,3485,3500,1757,1802,1.9422863485016648,1.793631443623738,0.18051976934445751,0.8234826878948204,7.65
2019-07-09,3485,3500,1806,1771,1.976284584980237,1.7889532377974247,0.18115199629511208,1.034111414801268,9.48
2019-07-08,3500,3465,1822,1801,1.923931149361466,1.7839389758404247,0.18110206450140856,0.773001533176627,7.28
2019-07-05,3545,3530,1841,1834,1.9247546346782989,1.7795824568438992,0.18161130392907346,0.7993565086185127,7.54
2019-07-04,3610,3550,1796,1827,1.9430760810071155,1.7751496663162463,0.18207059829374914,0.9223148397630904,8.64
2019-07-03,3540,3580,1793,1796,1.9933184855233852,1.7704347434896124,0.18223951105269276,1.2230264487997236,11.18
2019-07-02,3570,3570,1795,1794,1.9899665551839465,1.764814629423869,0.18177820484797116,1.2386079285378668,11.31
2019-07-01,3490,3515,1765,1791,1.9625907314349524,1.7586901952268859,0.18182712345445776,1.1213977999225047,10.39
2019-06-28,3410,3420,1737,1740,1.9655172413793103,1.7530574474112404,0.181966818328226,1.1675743738335944,10.81
2019-06-27,3405,3400,1720,1737,1.9573978123200921,1.7474081017403098,0.18186017491361853,1.1546767217150484,10.73
2019-06-26,3405,3390,1715,1711,1.9812974868497955,1.7419354262745197,0.18163431731113178,1.3178239889836392,12.08
2019-06-25,3435,3435,1768,1751,1.961736150770988,1.7368072227000717,0.18022795953040896,1.2480246053774204,11.47
2019-06-24,3450,3490,1752,1768,1.9739819004524888,1.7317531028945166,0.17916123267811795,1.3520156896506834,12.27
2019-06-21,3555,3465,1782,1752,1.9777397260273972,1.7259386587365406,0.1782797519774303,1.4123929638556705,12.73
2019-06-20,3535,3510,1780,1784,1.9674887892376682,1.7198664765812703,0.17735328974550424,1.3962093007224576,12.59
2019-06-19,3480,3535,1778,1774,1.9926719278466742,1.7139353867858733,0.17640863974322055,1.580061733181143,13.99
2019-06-18,3410,3415,1788,1753,1.9480889903023388,1.7078113285008263,0.17458898355800131,1.3762475552856883,12.33
2019-06-17,3450,3415,1760,1768,1.9315610859728507,1.7022703297088106,0.1734662910066556,1.3218173682819019,11.87
2019-06-14,3440,3495,1768,1755,1.9914529914529915,1.6969697198327534,0.1724497922168237,1.707646427604737,14.79
2019-06-13,3430,3410,1751,1752,1.9463470319634704,1.6908019562199208,0.17006287429021974,1.5026505744425482,13.13
2019-06-12,3465,3485,1745,1765,1.9745042492917848,1.6853427420020324,0.16833494604838525,1.717774675299076,14.64
2019-06-11,3500,3465,1718,1744,1.9868119266055047,1.679708036492462,0.16561240062821206,1.85435323048344,15.46
2019-06-10,3410,3470,1720,1716,2.0221445221445222,1.6743042820444942,0.16207800842611933,2.1461285431489334,17.2
2019-06-07,3325,3360,1700,1700,1.9764705882352942,1.6672766736375755,0.1582244277548433,1.9541477822677997,15.64
2019-06-06,3285,3340,1695,1694,1.9716646989374262,1.6608217755461234,0.1553274013603298,2.0012111235300125,15.77
2019-06-05,3255,3330,1694,1677,1.9856887298747763,1.6544025870790882,0.15226662654088258,2.1756976582569787,16.68
2019-06-04,3285,3225,1627,1656,1.9474637681159421,1.6473779568596194,0.14893744343681037,2.0148446510943367,15.41
2019-06-03,3345,3310,1656,1625,2.036923076923077,1.641235978829027,0.14590301334423544,2.7119871551966375,19.43
2019-05-31,3340,3385,1733,1696,1.9958726415094339,1.634339101244246,0.1391029491387725,2.5990357681382665,18.11
2019-05-30,3275,3340,1740,1746,1.9129438717067584,1.62764216418685,0.13351449064753415,2.136859498442596,14.91
2019-05-29,3295,3310,1766,1770,1.8700564971751412,1.6235976664390719,0.12933987852251647,1.905513083446757,13.18
2019-05-28,3320,3310,1781,1778,1.8616422947131608,1.6180502464767366,0.1275603745323417,1.909621613525945,13.08
2019-05-27,3350,3340,1787,1789,1.8669647847959754,1.6134188254043706,0.12491036380289848,2.0298232402211718,13.58
2019-05-24,3285,3350,1747,1770,1.8926553672316384,1.607931414553441,0.12267127393360411,2.321032003240665,15.04
2019-05-23,3295,3330,1775,1770,1.88135593220339,1.6020035031970707,0.1194695550719707,2.338272950276177,14.85
2019-05-22,3205,3305,1794,1787,1.8494683827644096,1.5960167567561627,0.1165349480070293,2.1748980056434135,13.7
2019-05-21,3275,3265,1790,1770,1.844632768361582,1.5905959562677592,0.11404853562449739,2.227444751506798,13.77
2019-05-20,3345,3290,1788,1788,1.8400447427293065,1.5847677903589816,0.11206929741954454,2.277849136634325,13.87
2019-05-17,3330,3360,1733,1790,1.8770949720670391,1.5788079628891383,0.11020508361506426,2.7066538075483764,15.89
2019-05-16,3110,3120,1631,1710,1.8245614035087718,1.5723219085311608,0.10671854396942365,2.3635957313087137,13.82
2019-05-15,3145,3125,1701,1699,1.8393172454384932,1.5661531533097741,0.10532237300882566,2.5935998622612577,14.85
2019-05-14,3070,3130,1660,1701,1.8400940623162845,1.5596199278683454,0.1033540595667209,2.7137215086058344,15.24
2019-05-13,3170,3135,1710,1694,1.8506493506493507,1.5529279842224977,0.10120327834321943,2.941815436226925,16.09
2019-05-10,3135,3190,1704,1716,1.858974358974359,1.5461853685308704,0.0979362759370533,3.1938011472330015,16.83
2019-05-09,3140,3155,1741,1711,1.8439509059029806,1.5393053518791642,0.09375654523514239,3.2493257218444027,16.52
2019-05-08,3200,3195,1782,1745,1.830945558739255,1.5327172758169696,0.08937581792345163,3.33678941184864,16.29
2019-05-07,3460,3255,1829,1800,1.8083333333333333,1.526349523700104,0.08479693997620144,3.3254007716831433,15.59
2019-04-26,2937,2986,1829,1810,1.6497237569060774,1.5207686768686175,0.07967369157171753,1.6185402922040109,7.82
2019-04-25,2930,2939,1816,1825,1.6104109589041096,1.5172120764219266,0.07979141455510322,1.1680314605504418,5.79
2019-04-24,2903,2919,1840,1822,1.602085620197585,1.5132170544862116,0.0824806734735469,1.0774471396608478,5.55
2019-04-23,2846,2881,1841,1830,1.5743169398907104,1.5090464367407677,0.08572600386307018,0.7613851131355556,4.15
2019-04-22,2778,2834,1846,1842,1.5385450597176982,1.5061811878752147,0.0870771465235113,0.3716689525849936,2.1
2019-04-19,2781,2788,1873,1854,1.5037756202804746,1.5038848703259564,0.08845338597345917,-0.0012351143405021391,-0.01
2019-04-18,2883,2794,1905,1849,1.511087074094105,1.5021302956271094,0.08973403067156142,0.0998147347217524,0.59
2019-04-17,2940,2897,1909,1904,1.521533613445378,1.5001703501292751,0.0911117404922842,0.23447322157029907,1.4
2019-04-16,2956,2963,1904,1903,1.557015239096164,1.4983475146348422,0.09202905948653879,0.6374912966474817,3.77
2019-04-15,2959,2957,1918,1906,1.5514165792235046,1.4963480627194932,0.09236113355228424,0.5962304097625437,3.55
2019-04-12,2951,2935,1876,1878,1.56283280085197,1.4943224579520127,0.09279607975450585,0.7382891936944218,4.38
2019-04-11,2965,2962,1889,1879,1.5763704097924427,1.4919924489164502,0.09323944818402383,0.9049598911123786,5.35
2019-04-10,2915,2951,1882,1900,1.553157894736842,1.489222818524459,0.09377550988162285,0.6817886278953997,4.12
2019-04-09,2942,2955,1940,1907,1.5495542737283692,1.4870738939956833,0.09413174712689704,0.6637545954443759,4.03
2019-04-08,2953,2933,1969,1944,1.5087448559670782,1.485132443870318,0.09432445945055333,0.2503318040124928,1.57
2019-04-05,2941,2955,1944,1963,1.5053489556800814,1.4842127495159625,0.09442596696166224,0.22383891681723964,1.4
2019-04-04,2970,2963,1923,1935,1.5312661498708011,1.4836378449809986,0.09442679048709322,0.504393982302222,3.11
2019-04-03,2976,2994,1889,1917,1.5618153364632237,1.482611909484779,0.09432168284126835,0.8397160079483976,5.07
2019-04-02,3050,2986,1890,1887,1.5824059353471118,1.48070023454943,0.0941498301646721,1.080253683089966,6.43
2019-04-01,3015,3030,1850,1870,1.6203208556149733,1.4785860362061705,0.09362107794053129,1.5139199689500873,8.75
2019-03-29,3010,2988,1848,1829,1.6336796063422636,1.47582366989601,0.09244743727792362,1.7075209556290143,9.66
2019-03-28,2960,2971,1848,1833,1.6208401527550464,1.4729553022941009,0.09082834563774206,1.6281795008219848,9.12
2019-03-27,2950,3030,1880,1888,1.6048728813559323,1.4706314971949406,0.08923050163698004,1.504433816892919,8.36
2019-03-26,2930,2939,1816,1872,1.5699786324786325,1.4683523554626767,0.0879463710527955,1.155548271058825,6.47
2019-03-25,2919,2906,1847,1803,1.6117581808097614,1.4668838076313129,0.08715313480395016,1.6622967550661436,8.99
2019-03-22,2965,2974,1862,1878,1.5835995740149096,1.4658615348111594,0.0858882979530641,1.3708274818542936,7.43
2019-03-20,2959,2945,1860,1867,1.5773968934118907,1.465481415897748,0.08542823364059654,1.3100525756505756,7.09
2019-03-19,2997,2998,1865,1867,1.6057846813069094,1.464461906743137,0.08453816247721807,1.671703884051857,8.8
2019-03-18,2992,2968,1858,1865,1.5914209115281501,1.4629926116890803,0.08301303799027643,1.5470858909429743,8.07
2019-03-15,2995,2978,1851,1861,1.600214938205266,1.4614493755877573,0.08167625631758757,1.6989706540654441,8.67
2019-03-14,3020,2958,1869,1852,1.5971922246220303,1.4597776684899721,0.08008658337126573,1.715824927816325,8.6
2019-03-13,3005,2976,1860,1869,1.5922953451043338,1.4583984002302286,0.0785848201224395,1.7038525336761774,8.41
2019-03-12,2994,2985,1891,1878,1.5894568690095847,1.4574177560781334,0.07735713606547635,1.706876955988795,8.31
2019-03-11,2912,2944,1860,1873,1.571809930592632,1.4564127912519025,0.07611487233275809,1.5160918727714312,7.34
2019-03-08,2959,2873,1907,1877,1.530633990410229,1.455279318099829,0.07501297897226418,1.0045551228976297,4.92
2019-03-07,3025,2974,1930,1931,1.5401346452615226,1.455117778474606,0.0748634257630787,1.1356261875588018,5.52
2019-03-06,3040,3005,1936,1949,1.5418163160595177,1.4547084360346414,0.07448040027322698,1.1695409759524142,5.65
2019-03-05,3060,3015,1921,1949,1.546947152385839,1.4541448628714027,0.07397736266214644,1.2544687479366219,6.0
2019-03-04,3020,3080,1928,1929,1.5966822187662002,1.4534768208876827,0.07335995680269802,1.9520921783483207,8.97
2019-03-01,2960,3015,1914,1905,1.5826771653543308,1.4520116469204054,0.0715604638891335,1.8259456595524812,8.26
2019-02-28,2906,2942,1926,1913,1.5378985886042864,1.4511830887458301,0.07039299443241072,1.2318768445305726,5.64
2019-02-27,2927,2932,1953,1926,1.5223260643821392,1.4508649194987855,0.07005343958814494,1.0200947348693359,4.69
2019-02-26,2995,2957,1957,1942,1.5226570545829041,1.4508358589089771,0.07002423499343371,1.025661982321717,4.72
2019-02-25,2985,2987,1950,1948,1.5333675564681726,1.450696666338574,0.06989158211864699,1.1828447378578086,5.39
2019-02-22,2980,2993,1961,1953,1.5325140809011777,1.4511431304881721,0.0705223572060156,1.1538319709776317,5.31
2019-02-21,3010,2999,1957,1955,1.534015345268542,1.4503567243355744,0.06993701306836224,1.1961995124268867,5.45
2019-02-20,3040,2992,1966,1957,1.5288707204905467,1.4492788939839751,0.06925903079772779,1.1491905905963502,5.21
2019-02-19,2999,3040,1949,1978,1.5369059656218402,1.4487910902276435,0.06882420684978034,1.2802890062579477,5.73
2019-02-18,3050,3020,1948,1946,1.551901336073998,1.4481717012620166,0.06823493419475554,1.5201837011510435,6.68
2019-02-15,3010,2997,1782,1895,1.5815303430079155,1.4474619214583537,0.06742429910839104,1.9884288501691936,8.48
2019-02-14,3015,3035,2028,2030,1.4950738916256157,1.446541443817547,0.06604483926820597,0.7348408800115318,3.25
2019-02-13,3055,3025,1999,2027,1.4923532313764183,1.4465786352340488,0.06607293796882249,0.692788871655274,3.07
2019-02-12,2881,2973,1973,1995,1.4902255639097743,1.4464911003316312,0.06601656153417304,0.6624771506087043,2.93
2019-02-08,2903,2871,1948,1968,1.458841463414634,1.4464104195878555,0.06596674187038366,0.18844410795979502,0.85
2019-02-07,2972,2932,1983,1972,1.486815415821501,1.4466322633308133,0.06603611447838265,0.6085026777861368,2.7
2019-02-06,3070,3015,2021,1984,1.5196572580645162,1.4464089967536629,0.06592809761354863,1.1110325333549502,4.82
2019-02-05,3095,3035,1974,2032,1.4936023622047243,1.445810960216944,0.06546273529005724,0.7300550729513907,3.2
2019-02-04,3140,3150,1994,1957,1.6096065406234032,1.4458074495631672,0.06546017923555807,2.502270738838126,10.18
2019-02-01,2878,2908,1924,2000,1.454,1.44347449534863,0.06263801946953701,0.16803699638825315,0.72
2019-01-31,2800,2862,1891,1890,1.5142857142857142,1.4432834660371099,0.06262747436943167,1.1337236406783855,4.69
2019-01-30,2793,2758,1950,1895,1.4554089709762532,1.4418723325696385,0.062202646852192,0.2176215819043985,0.93
2019-01-29,2775,2802,1958,1935,1.448062015503876,1.4419024493783472,0.06220974003930374,0.09901288964778067,0.43
2019-01-28,2824,2816,1953,1966,1.4323499491353,1.441605270500784,0.0622328378026648,-0.14872086332993323,-0.65
2019-01-25,2770,2818,1972,1953,1.4429083461341525,1.4412942154092552,0.06233653680322014,0.025893814569659796,0.11
2019-01-24,2722,2770,1960,1968,1.407520325203252,1.4410481325780624,0.062366101378293674,-0.5375966532113498,-2.38
2019-01-23,2707,2729,1936,1959,1.3930576824910668,1.4410240520515427,0.06237938959421549,-0.7689457988047373,-3.44
2019-01-22,2748,2734,2011,1966,1.3906408952187181,1.441041641614276,0.062366046261367755,-0.8081440049018823,-3.62
2019-01-21,2729,2717,2021,1995,1.361904761904762,1.440815338861182,0.06257895124463128,-1.260976340877714,-5.79
2019-01-18,2668,2700,1996,2001,1.3493253373313343,1.4410249770708203,0.06234013121553562,-1.4709567970340398,-6.8
2019-01-17,2600,2659,1962,1987,1.338198288877705,1.4414309191379546,0.06183879737289432,-1.6693828898021115,-7.71
2019-01-16,2639,2585,1967,1922,1.3449531737773153,1.4421153473930006,0.060970410144813754,-1.593595538965718,-7.22
2019-01-15,2555,2647,1902,1971,1.3429731100963977,1.4428576514505134,0.060115873902195284,-1.661533549634851,-7.44
2019-01-11,2641,2616,1970,1938,1.3498452012383901,1.4439989623635139,0.05901111221845901,-1.5955259541044866,-6.98
2019-01-10,2660,2635,1936,1947,1.3533641499743194,1.4452513610190234,0.057987450837253214,-1.5846051122784026,-6.79
2019-01-09,2721,2717,1984,1955,1.389769820971867,1.445726511038635,0.05737535039010287,-0.9752740451484978,-4.03
2019-01-08,2686,2730,2017,1974,1.3829787234042554,1.4458158294235368,0.05729332653365397,-1.0967613476304439,-4.54
2019-01-07,2631,2674,2041,2040,1.3107843137254902,1.4467874751922465,0.05683553040060166,-2.3929249979396086,-10.38
2019-01-04,2590,2576,1915,1998,1.2892892892892893,1.4480285060105809,0.05483321019954551,-2.89494662347176,-12.31
2018-12-28,2639,2640,1930,1942,1.3594232749742534,1.4492463422820077,0.05224744446153901,-1.7191858517381808,-6.61
2018-12-27,2580,2637,1899,1930,1.366321243523316,1.4493822616140897,0.05202638898608361,-1.596517069693062,-6.08
2018-12-26,2448,2496,1799,1819,1.3721825178669598,1.4496921531243936,0.05159817599109425,-1.5021778147896514,-5.65
2018-12-25,2496,2454,1791,1799,1.3640911617565314,1.450043651107671,0.051156872131114244,-1.6801748381106019,-6.3
2018-12-21,2622,2591,1884,1871,1.3848209513629075,1.451008774415398,0.05020004309275056,-1.3184813991135569,-4.78
2018-12-20,2728,2672,1959,1899,1.407056345444971,1.451797011958114,0.04961530445205447,-0.9017513246618908,-3.18
2018-12-19,2775,2778,2019,1985,1.3994962216624685,1.45215605858473,0.049387145459401774,-1.0662660583521681,-3.76
2018-12-18,2905,2772,2053,1997,1.388082123184777,1.452820175465698,0.04900799276105206,-1.3209692671267679,-4.66
2018-12-17,2915,2855,2127,2086,1.3686481303930969,1.4539152866580463,0.048463785386274605,-1.759399427538276,-6.23
2018-12-14,2989,2919,2131,2097,1.391988555078684,1.4560915533443801,0.0482502276242782,-1.3285532819629917,-4.61
2018-12-13,2992,2989,2084,2129,1.4039455143259747,1.4580872614988867,0.04865134828419082,-1.1128519369422134,-3.86
2018-12-12,2953,2976,2026,2067,1.4397677793904209,1.4596846106658332,0.04881393185461499,-0.40801530462105856,-1.38
2018-12-11,2930,2923,2034,1999,1.462231115557779,1.4606000997238278,0.04907497892851969,0.03323518154387515,0.11
2018-12-10,2960,2945,2086,2025,1.454320987654321,1.4613765893331547,0.049553039895864626,-0.1423848404388707,-0.49
2018-12-07,2996,3000,2109,2115,1.4184397163120568,1.4621323274591467,0.049870870827126226,-0.8761148626930372,-3.08
2018-12-06,3045,3010,2155,2114,1.423841059602649,1.4627334396639542,0.04961163461064283,-0.7839366786951611,-2.73
2018-12-05,3065,3075,2168,2176,1.4131433823529411,1.4618562252628067,0.05085756166316113,-0.9578289111164935,-3.45
2018-12-04,3205,3135,2259,2210,1.418552036199095,1.4613677773326141,0.051494989805476774,-0.8314545025692064,-3.02
2018-12-03,3310,3275,2269,2264,1.4465547703180213,1.460531459794745,0.052679281366271154,-0.26531663140098427,-0.97
2018-11-30,3210,3245,2221,2263,1.4339372514361468,1.4587443963238913,0.055329804269462046,-0.4483504905770324,-1.73
2018-11-29,3320,3235,2200,2216,1.4598375451263539,1.4572497540442062,0.057453072728483344,0.04504182212111245,0.18
2018-11-28,3370,3325,2161,2166,1.5350877192982457,1.4555881309468917,0.05913179395701894,1.3444474288931576,5.18
2018-11-27,3305,3345,2175,2151,1.5550906555090656,1.4526571086119378,0.06054968968617673,1.6917270332520467,6.59
2018-11-26,3210,3215,2148,2142,1.5009337068160598,1.4495305849591797,0.06122992910224253,0.8395097399352922,3.42
2018-11-22,3165,3220,2154,2153,1.4955875522526707,1.447978400435628,0.061382541820048764,0.7756138863818218,3.18
2018-11-21,3120,3155,2114,2138,1.4756782039289056,1.4467006062024907,0.06137565592792419,0.47213503934596407,1.96
2018-11-20,3220,3165,2142,2146,1.4748369058713886,1.446009076666897,0.06133743702244566,0.46998750850875126,1.95
2018-11-19,3170,3225,2107,2159,1.4937471051412692,1.4424202736054774,0.06714499181388472,0.7644178686931946,3.44
2018-11-16,3235,3200,2134,2107,1.5187470336971998,1.4386743209004276,0.07184910662135703,1.1144566239181422,5.27
2018-11-15,3170,3225,2059,2130,1.5140845070422535,1.4343014825206546,0.07666166581533518,1.0407160302749296,5.27
2018-11-14,3295,3210,2160,2159,1.4867994441871237,1.430440774124666,0.07977435772177485,0.7064760114900209,3.79
2018-11-13,3220,3280,2119,2160,1.5185185185185186,1.4267678462201168,0.08335607381024844,1.1007077001642716,6.04
2018-11-12,3285,3280,2164,2173,1.509433962264151,1.4228777097888863,0.08575688732008165,1.0093212939527476,5.73
2018-11-09,3295,3320,2206,2214,1.4995483288166216,1.4191051533882424,0.08805877859221892,0.9135168204057664,5.36
2018-11-08,3305,3320,2252,2218,1.496844003606853,1.4148618838859848,0.09167365603227459,0.8942822100604969,5.48
2018-11-07,3280,3265,2175,2196,1.4867941712204007,1.4111158988372106,0.09395876497580594,0.8054413274022603,5.09
2018-11-06,3280,3295,2177,2167,1.5205353022611905,1.4076718150393737,0.0958370057417018,1.177660824734075,7.42
2018-11-05,3305,3290,2169,2173,1.5140358950759318,1.4041410347493328,0.09648965549230078,1.1389289324944047,7.26
2018-11-02,3245,3320,2166,2184,1.52014652014652,1.400723185137495,0.0970746666608684,1.2302214276586905,7.86
2018-11-01,3345,3280,2154,2169,1.512217611802674,1.3973935158576967,0.09720404365831228,1.1812687170566931,7.59
2018-10-31,3370,3375,2147,2154,1.5668523676880224,1.3941649209363376,0.09735783573905395,1.7737395808030814,11.02
2018-10-30,2944,3090,2066,2097,1.4735336194563662,1.390067537515312,0.09646640650315343,0.8652346963740766,5.66
2018-10-29,3110,2995,2081,2061,1.453178068898593,1.3863919325607372,0.09844763179916377,0.6783925130276519,4.6
2018-10-26,3195,3095,2151,2074,1.49228543876567,1.3828986610359002,0.1006397038461432,1.0869147418895342,7.33
2018-10-25,3240,3200,2205,2147,1.4904517931998138,1.3789671132502075,0.10203947439129656,1.0925642317804352,7.48
2018-10-24,3445,3375,2283,2252,1.4986678507992894,1.3749485437537141,0.1034942274949253,1.1954222959115448,8.26
2018-10-23,3470,3450,2328,2281,1.5124945199473916,1.3711847681948228,0.10405785023053005,1.3579922268191276,9.34
2018-10-22,3420,3505,2305,2340,1.4978632478632479,1.3677309516295864,0.10360818060288857,1.256004067211981,8.69
2018-10-19,3420,3450,2314,2322,1.4857881136950903,1.3639490816931947,0.10396516833078881,1.171921653743079,8.2
2018-10-18,3485,3470,2358,2338,1.484174508126604,1.3600877578616835,0.10474332016146824,1.1846745937939835,8.36
2018-10-17,3410,3460,2304,2345,1.4754797441364607,1.3558025112975975,0.10614407896117407,1.1274979632414472,8.11
2018-10-16,3380,3340,2276,2272,1.4700704225352113,1.3520133604186133,0.10687414317269968,1.104636337770003,8.03
2018-10-15,3430,3395,2315,2302,1.4748045178105995,1.3485635955517967,0.10718306402434893,1.1778066190580674,8.56
2018-10-12,3380,3475,2356,2327,1.4933390631714654,1.3447300815796508,0.1077395373514265,1.379335620377499,9.95
2018-10-11,3410,3380,2350,2356,1.434634974533107,1.3405694459470778,0.10794534745229906,0.8714180907852161,6.56
2018-10-10,3525,3520,2476,2445,1.4396728016359919,1.3368747695743075,0.10939497951754065,0.9396960675439542,7.14
2018-10-09,3580,3500,2480,2485,1.408450704225352,1.3334596534811636,0.1101280638309894,0.680944058539658,5.32
2018-10-05,3600,3650,2537,2504,1.457667731629393,1.3306002241780723,0.11092509223228664,1.1455253711687732,8.72
2018-10-04,3700,3640,2594,2553,1.4257735996866432,1.3269513210896804,0.11118603591900263,0.8888011680617282,6.93
2018-10-03,3715,3655,2594,2594,1.4090208172706244,1.324342280312542,0.11113233918965416,0.7619612578618844,6.01
2018-10-02,3720,3705,2640,2601,1.4244521337946943,1.3212521890045532,0.11195387063114833,0.92180774285287,7.24
2018-10-01,3655,3690,2632,2625,1.4057142857142857,1.3176948835801061,0.1128533070929423,0.7799452616987969,6.26
2018-09-28,3635,3670,2649,2632,1.3943768996960486,1.31467839271265,0.1134821199386742,0.7023001246933681,5.72
2018-09-27,3660,3610,2664,2628,1.373668188736682,1.3115268700604952,0.11450250336815637,0.5427070749395383,4.52
2018-09-26,3615,3670,2600,2664,1.3776276276276276,1.3087804621535006,0.1154454695197109,0.5963609118707958,5.0
2018-09-25,3575,3615,2567,2620,1.3797709923664123,1.3059403618843903,0.11633351740621363,0.6346462492337444,5.35
2018-09-21,3610,3610,2556,2598,1.3895304080061586,1.303292650793511,0.1168815237378891,0.737821979511824,6.21
2018-09-20,3600,3580,2530,2556,1.4006259780907668,1.3004895750956376,0.11729988890685121,0.8536785834012887,7.15
2018-09-19,3615,3600,2525,2520,1.4285714285714286,1.297326744730789,0.11775437878637032,1.1145630862589266,9.19
2018-09-18,3500,3595,2486,2490,1.4437751004016064,1.2936286697561183,0.11792961668714881,1.2731867944912096,10.4
2018-09-14,3485,3460,2486,2491,1.3890004014452026,1.2895696338684859,0.1179309210688293,0.8431272025653468,7.16
2018-09-13,3495,3480,2440,2492,1.3964686998394864,1.2863860674392789,0.11842554742219406,0.9295513915401756,7.88
2018-09-12,3500,3545,2479,2435,1.4558521560574949,1.2827639087829956,0.11915544145800441,1.45262562209971,11.89
2018-09-11,3435,3490,2507,2486,1.4038616251005631,1.2783589031731164,0.1187813593787436,1.056586004604237,8.94
2018-09-10,3420,3435,2471,2488,1.3806270096463023,1.274687864643694,0.11910005645602936,0.8894970175074594,7.67
2018-09-07,3395,3435,2462,2508,1.3696172248803828,1.2716953775309496,0.11922016964588705,0.8213530281015784,7.15
2018-09-06,3400,3435,2474,2472,1.3895631067961165,1.2684706572951274,0.11979741420160236,1.0108102107880839,8.71
2018-09-05,3505,3460,2473,2474,1.3985448666127729,1.2649512247418464,0.12006523659542177,1.1126754559364318,9.55
2018-09-04,3480,3505,2380,2440,1.4364754098360655,1.2611515508074618,0.1202863795682918,1.4575537118819404,12.21
2018-09-03,3570,3490,2495,2417,1.4439387670666115,1.2569499777787365,0.11959046405393954,1.5635760824837708,12.95
2018-08-31,3550,3595,2448,2507,1.4339848424411648,1.252542364872698,0.1187060761036197,1.5285020238566704,12.65
2018-08-30,3505,3545,2373,2446,1.4493049877350777,1.2482455217964374,0.11789030693058589,1.7054791964959812,13.87
2018-08-29,3465,3480,2299,2367,1.4702154626108999,1.243663170692913,0.11665899887284159,1.942004424064439,15.41
2018-08-28,3535,3485,2296,2275,1.531868131868132,1.2378140104466322,0.11614981141717994,2.531679714617304,19.2
2018-08-27,3475,3515,2275,2280,1.5416666666666667,1.231129215016074,0.11342925396033599,2.7377192462112263,20.14
2018-08-24,3415,3465,2267,2274,1.5237467018469657,1.2242569254991007,0.10996766790272443,2.7234348246139826,19.65
2018-08-23,3375,3400,2216,2254,1.5084294587400178,1.2176704346982372,0.10657378847257741,2.7282414204182674,19.28
2018-08-22,3325,3380,2220,2223,1.5204678362573099,1.2116240753840557,0.10269971486698999,3.007250422002131,20.31
2018-08-21,3305,3365,2208,2227,1.511001347103727,1.2051961164857252,0.09815468377138781,3.115543944191731,20.24
2018-08-20,3300,3290,2241,2248,1.4635231316725978,1.199042875963022,0.09312771323785464,2.839973693266524,18.07
2018-08-17,3315,3315,2402,2441,1.3580499795165915,1.193530130264735,0.08947420415369503,1.838740571184642,12.11
2018-08-16,3335,3305,2413,2401,1.3765097875885048,1.189562837993093,0.0886845688137375,2.107998630382395,13.58
2018-08-15,3280,3315,2498,2445,1.3558282208588956,1.1856496429206795,0.08680438964529298,1.9604835496639443,12.55
2018-08-14,3215,3280,2452,2499,1.3125250100040016,1.1812786728356393,0.08637771238558023,1.5194467825507312,10.0
2018-08-13,3280,3220,2482,2436,1.3218390804597702,1.1780972608008116,0.08587778613467355,1.673795123613721,10.87
2018-08-10,3300,3310,2492,2479,1.3352158128277531,1.174940129764183,0.08488205866659915,1.8882162565484304,12.0
2018-08-09,3245,3275,2462,2490,1.3152610441767068,1.1715836290714072,0.0834429396153367,1.7218642555935528,10.92
2018-08-08,3320,3250,2416,2461,1.3206013815522146,1.1686561540302347,0.08219299378220593,1.8486396532118379,11.51
2018-08-07,3400,3345,2413,2416,1.3845198675496688,1.165617061381784,0.08071931122313603,2.7119013139589603,15.81
2018-08-06,3525,3400,2400,2429,1.399752984767394,1.161617410941736,0.07712542294116667,3.087640427039396,17.01
2018-08-03,3385,3420,2431,2402,1.4238134887593672,1.1573290378115042,0.07257253705958087,3.6719737485418706,18.72
2018-08-02,2977,2931,2442,2431,1.2056766762649116,1.152878933065691,0.06603377682649769,0.7995566168802598,4.38
2018-08-01,2967,2975,2471,2453,1.2128006522625356,1.151432808449436,0.06604929904056626,0.9291218030248672,5.06
2018-07-31,2995,2946,2480,2474,1.190784155214228,1.14964441746822,0.06617921000776246,0.6216414148972527,3.45
2018-07-30,3030,3005,2483,2454,1.2245313773431132,1.1478876657690673,0.06680958233875392,1.1471963884675802,6.26
2018-07-27,3050,3015,2474,2489,1.211329851345922,1.146095197885923,0.06653206108104205,0.9804995125663899,5.39
2018-07-26,3015,3035,2467,2474,1.2267582861762327,1.1446130635918033,0.0663000720244329,1.2389914531941582,6.7
2018-07-25,2938,3000,2490,2446,1.2264922322158627,1.1427461053200507,0.06593106703833547,1.2702073644146843,6.83
2018-07-24,2979,2919,2467,2471,1.1813031161473089,1.1406386543785971,0.0657463592429347,0.6185051497445718,3.44
2018-07-23,2916,2968,2399,2441,1.2158951249487915,1.1388877225246998,0.06638560661207837,1.1600014875827123,6.33
2018-07-20,2895,2941,2398,2394,1.2284878863826232,1.1365760142827523,0.0666818348667751,1.378364471876086,7.48
2018-07-19,2979,3015,2374,2401,1.2557267805081216,1.1339349145363895,0.06691151200963898,1.8201930028750102,9.7
2018-07-18,2955,2982,2343,2371,1.2576971741881062,1.1308717197984186,0.06652337951182058,1.9064794260362543,10.08
2018-07-17,2988,2955,2338,2326,1.2704213241616509,1.1276902450923614,0.06608621556583913,2.1597708061689818,11.23
2018-07-13,2952,2958,2320,2329,1.27007299270073,1.1243714163414331,0.06507741594941607,2.238896155196896,11.47
2018-07-12,2818,2902,2334,2304,1.2595486111111112,1.1210792150352478,0.06385740243103984,2.1684157326223485,10.99
2018-07-11,2760,2803,2361,2340,1.1978632478632478,1.1179279801918718,0.06276869817630995,1.273489334554099,6.67
2018-07-10,2805,2810,2350,2359,1.1911827045358203,1.1157786604911502,0.06275464239870175,1.2015691773941188,6.33
2018-07-09,2726,2784,2312,2325,1.1974193548387098,1.1137327024180939,0.06276430518691702,1.3333478666160725,6.99
2018-07-06,2750,2717,2275,2285,1.1890590809628008,1.1118036792340278,0.062384731089178545,1.2383703572968348,6.5
2018-07-05,2791,2732,2245,2246,1.2163846838824577,1.1099919634378048,0.06208716658942458,1.7136024445795042,8.75
2018-07-04,2769,2809,2261,2241,1.253458277554663,1.1077942134021082,0.0611930946351688,2.3804003543373504,11.62
2018-07-03,2776,2766,2304,2278,1.2142230026338894,1.1045489978892988,0.05982054517767345,1.8333835711267252,9.03
2018-07-02,2795,2762,2388,2309,1.1961888263317453,1.1013212018734262,0.06034458021331711,1.5720985069904136,7.93
2018-06-29,2815,2793,2388,2402,1.16278101582015,1.098195625838902,0.061411392304073706,1.051684183635804,5.55
2018-06-28,2881,2846,2413,2389,1.1912934282126413,1.0953932795215244,0.06317048809761322,1.5181163163236704,8.05
2018-06-27,2859,2906,2400,2399,1.2113380575239683,1.0918077947131042,0.06522373349495315,1.832619146527591,9.87
2018-06-26,2827,2840,2393,2392,1.1872909698996656,1.0877648732021596,0.06706100454807921,1.4841128218732695,8.38
2018-06-25,2890,2854,2487,2416,1.1812913907284768,1.0845248690360236,0.06803728972310723,1.4222571487821734,8.19
2018-06-22,2850,2873,2425,2482,1.1575342465753424,1.0815441390248202,0.06862706933758744,1.107290582040082,6.56
2018-06-21,2918,2876,2464,2430,1.1835390946502058,1.0792587675619665,0.06891182540663442,1.5132428501625474,8.81
2018-06-20,2963,2942,2488,2464,1.1939935064935066,1.076462317096424,0.06887888027305639,1.7063458193738616,9.84
2018-06-19,3060,2960,2503,2500,1.184,1.0735612497858873,0.068448276374156,1.613462837404785,9.33
2018-06-18,3055,3090,2594,2512,1.230095541401274,1.0708294729971164,0.06807357223704863,2.3396167289349035,12.95
2018-06-15,3050,3055,2632,2595,1.1772639691714837,1.0676928039227627,0.06605258971203735,1.6588473779212456,9.31
2018-06-14,3105,3040,2640,2626,1.1576542269611576,1.0652547964380927,0.06533392015147005,1.4142642950070377,7.98
2018-06-13,3115,3115,2690,2641,1.1794774706550548,1.0628841614966145,0.06516366953390036,1.7892379295457654,9.89
2018-06-12,3080,3100,2626,2677,1.1580127007844603,1.0599437979130037,0.06481076298518673,1.513157666325751,8.47
2018-06-11,3060,3050,2608,2612,1.167687595712098,1.0573549276294654,0.06471959605471075,1.7047799246052595,9.45
2018-06-08,3035,3035,2608,2606,1.1646201074443592,1.0546901267402582,0.06423459386583956,1.7113828248638243,9.44
2018-06-07,3080,3090,2628,2616,1.1811926605504588,1.052311252988241,0.06341792287729513,2.032255263414814,10.91
2018-06-06,3035,3065,2619,2599,1.1792997306656405,1.0495467669695724,0.062247791781194946,2.084458901805839,11.0
2018-06-05,3040,3040,2639,2613,1.1634137007271335,1.0469471770184369,0.060829769078680464,1.9146303770782458,10.01
2018-06-04,3020,3030,2644,2632,1.1512158054711246,1.0453172567506939,0.059305900861664596,1.7856325792512098,9.2
2018-06-01,2963,2968,2576,2605,1.1393474088291746,1.043823027513676,0.05801670291085225,1.6464979311609669,8.38
2018-05-31,2915,2963,2615,2576,1.1502329192546583,1.0423826608694808,0.056958599883566136,1.8934850682011717,9.38
2018-05-30,2901,2911,2600,2588,1.1248068006182381,1.0409342926382799,0.05556170753500675,1.5095379839993983,7.46
2018-05-29,2984,2951,2659,2622,1.1254767353165522,1.0396746908029308,0.05471032421965108,1.5682971310706044,7.62
2018-05-28,3025,2994,2637,2653,1.1285337353938938,1.0385660939557593,0.05379521223965319,1.6724098240812988,7.97
2018-05-25,3015,3035,2637,2625,1.1561904761904762,1.0372164564754374,0.052781341744982446,2.2540923701764153,10.29
2018-05-24,2998,3010,2683,2669,1.1277632071937056,1.035554683674472,0.05093922487379226,1.8101673856971856,8.18
2018-05-23,3010,3020,2719,2683,1.1256056653000373,1.034256429199576,0.04980069036283987,1.8342965817322083,8.12
2018-05-22,3045,3020,2720,2712,1.1135693215339233,1.0326457016274913,0.048762896746529866,1.6595326632680172,7.27
2018-05-21,3015,3040,2710,2711,1.1213574326816673,1.0319747488503437,0.04798480372622793,1.8627289660553121,7.97
2018-05-18,3030,3015,2744,2708,1.1133677991137372,1.031253008291339,0.0470326107122601,1.7459118169043761,7.38
2018-05-17,3030,3035,2698,2730,1.1117216117216118,1.0307099825561543,0.04631097575446505,1.74929652950892,7.29
2018-05-16,3015,3025,2801,2736,1.1056286549707601,1.030206674831944,0.045627891679755006,1.652979731524186,6.82
2018-05-15,3040,3010,2953,2918,1.0315284441398218,1.0302344690030667,0.045674437579070595,0.028330401102695753,0.13
2018-05-14,3060,3040,2975,2950,1.0305084745762711,1.031070491250088,0.04626055435015201,-0.012148939452021472,-0.05
2018-05-11,3040,3050,2943,2972,1.0262449528936743,1.0314944912962554,0.046398984099753376,-0.1131390806163992,-0.51
2018-05-10,2950,3045,2958,2957,1.0297598917822117,1.0320642566006153,0.04659298789463541,-0.049457330867353294,-0.22
2018-05-09,3095,3110,2969,2948,1.0549525101763908,1.0327055203272562,0.04688689932351531,0.4744820017982519,2.11
2018-05-08,3070,3085,2912,2971,1.0383709188825312,1.0332781814969323,0.04741443791673452,0.1074090004935282,0.49
2018-05-07,3055,3095,2970,2949,1.0495083079009835,1.0339486023420918,0.04783531981367481,0.32527650320931983,1.48
2018-05-02,3170,3125,2972,2976,1.0500672043010753,1.0346045338371297,0.048378386050727674,0.3196193946555392,1.47
2018-05-01,3050,3120,2925,2942,1.06050305914344,1.0351552452247903,0.04878465044145005,0.5195858469678146,2.39
2018-04-27,3030,3170,2933,2927,1.083020157157499,1.0354792798190144,0.04903202156591611,0.969588359202632,4.39
2018-04-26,3085,3010,2900,2928,1.0280054644808743,1.0357723680392958,0.049379784661946334,-0.15728913383470072,-0.76
2018-04-25,3080,3080,2842,2868,1.0739191073919108,1.036679112452171,0.049850974536984505,0.7470264179511943,3.47
2018-04-24,3110,3100,2880,2857,1.0850542527126357,1.037203848837388,0.050443808294192656,0.9485882508350666,4.41
2018-04-23,3170,3115,2898,2875,1.0834782608695652,1.0380182858177402,0.051687569435313115,0.8795146598780977,4.2
2018-04-20,3130,3160,2880,2884,1.0957004160887656,1.0386777971197463,0.05257142047210198,1.0846695496706125,5.2
2018-04-19,3140,3160,2902,2892,1.0926694329183955,1.0388397959739504,0.05276524876143798,1.0201721437497513,4.93
2018-04-18,3090,3130,2885,2886,1.0845460845460846,1.03957100747863,0.05387447239730594,0.834812390101544,4.15
2018-04-17,3135,3105,2877,2880,1.078125,1.0404758518649835,0.055176414136919386,0.6823413359481963,3.49
2018-04-16,3100,3135,2851,2876,1.0900556328233657,1.041000494766104,0.055716334287773284,0.8804444636270092,4.5
2018-04-13,3125,3115,2860,2839,1.0972173300457908,1.0413329393776878,0.05608123194229252,0.996490068649133,5.09
2018-04-12,3050,3085,2894,2860,1.0786713286713288,1.0416243599090875,0.05642659667523009,0.6565515367774067,3.43
2018-04-11,3125,3050,2917,2880,1.0590277777777777,1.042127852977061,0.05692122614819834,0.2969002241223081,1.6
2018-04-10,3250,3170,2931,2908,1.0900962861072903,1.0426169923381516,0.05722118370264095,0.8297502899603123,4.36
2018-04-09,3220,3240,2914,2945,1.100169779286927,1.0425325343867236,0.05715567958942306,1.0084255023164739,5.24
2018-04-06,3190,3220,2981,2963,1.0867364157948025,1.0420887663140064,0.0568347552007703,0.7855694868936642,4.11
2018-04-05,3165,3185,2964,2981,1.0684334116068432,1.0417796145903826,0.05665382720941499,0.470467721764633,2.49
2018-04-04,3090,3130,2949,2981,1.0499832271049983,1.0416214270098338,0.05659571771023546,0.14774616231524806,0.8
2018-04-03,3010,3065,2900,2940,1.0425170068027212,1.0416816360178558,0.05660698219953574,0.014757380669415867,0.08
2018-04-02,3015,3050,2960,2960,1.0304054054054055,1.0415572630363399,0.05661525693556014,-0.19697619042208925,-1.08
2018-03-30,3025,3040,2950,2963,1.0259871751603105,1.0415880626472922,0.05660980983639859,-0.27558629029258436,-1.52
2018-03-29,2929,2990,2863,2934,1.0190865712338104,1.0420461646796375,0.056620724351740113,-0.4054980523243957,-2.25
2018-03-28,2857,2897,2833,2836,1.021509167842031,1.0423225833961407,0.05655853290280731,-0.3679977977836953,-2.04
2018-03-27,2911,2916,2836,2850,1.023157894736842,1.0429186296536437,0.056571602343086724,-0.34930484727937844,-1.93
2018-03-26,2850,2866,2750,2801,1.023205997857908,1.0435241434381048,0.056599887550177044,-0.35897855030514614,-1.99
2018-03-23,2905,2884,2806,2782,1.0366642703091302,1.0441570329803975,0.05663452679914194,-0.1323002608963412,-0.72
2018-03-22,2996,3025,2844,2915,1.0377358490566038,1.0448104631111554,0.05682669690582561,-0.12449454991684408,-0.68
2018-03-20,2989,2994,2830,2844,1.0527426160337552,1.0451901877823746,0.05687328715094497,0.13279394650314486,0.72
2018-03-19,3075,3030,2909,2877,1.0531803962460897,1.0448408469829213,0.05690628202822228,0.1465488337303856,0.79
2018-03-16,3105,3080,2959,2929,1.0515534312051895,1.0445874015193923,0.056910904517843454,0.12240237165116749,0.66
2018-03-15,2913,3010,2950,2980,1.0100671140939597,1.0443742098171536,0.056914358518100054,-0.6027845453495443,-3.4
2018-03-14,2854,2896,2978,2979,0.9721383014434374,1.0446429535471287,0.05679919971290064,-1.276508339381118,-7.46
2018-03-13,2831,2868,2960,2982,0.9617706237424547,1.0455712755559798,0.05617210703809105,-1.4918552326459609,-8.71
2018-03-12,2827,2834,3005,2975,0.9526050420168067,1.0468257360632451,0.055330896060788524,-1.702858633319875,-9.89
2018-03-09,2767,2757,3005,2989,0.9223820675811308,1.0482854356994846,0.05425968795812357,-2.3203850382538733,-13.65
2018-03-08,2738,2718,2938,2993,0.9081189442031407,1.0499161862318278,0.052251999657945275,-2.713718957301683,-15.61
2018-03-07,2730,2729,2862,2890,0.9442906574394464,1.0514495219392133,0.0496931452054042,-2.1564113934996647,-11.35
2018-03-06,2719,2742,2820,2863,0.9577366398882291,1.0514544628718285,0.049682507560472856,-1.8863343978668428,-9.79
2018-03-05,2707,2702,2803,2740,0.9861313868613139,1.0512722831686878,0.05004952094386407,-1.3015288673878915,-6.61
2018-03-02,2731,2751,2800,2825,0.9738053097345133,1.050969450326166,0.05050935086055233,-1.5277199028886679,-7.92
2018-03-01,2828,2815,2900,2883,0.9764134582032605,1.050700060970149,0.05097194470390119,-1.457401776573825,-7.61
2018-02-28,2867,2860,2895,2921,0.9791167408421774,1.0504304387310723,0.05141573010737017,-1.3870015604168682,-7.28
2018-02-27,2890,2895,2883,2910,0.9948453608247423,1.0504001102566856,0.05145843993169819,-1.079604230242545,-5.58
2018-02-26,2870,2848,2897,2864,0.994413407821229,1.0500502614715561,0.051922054390787,-1.0715456910002248,-5.59
2018-02-23,2846,2870,2945,2929,0.9798566063502901,1.0500384494751478,0.05193480934317543,-1.3513449652064622,-7.16
2018-02-22,2865,2850,2971,2972,0.9589502018842531,1.0503645613185606,0.051568594921594546,-1.772675008370791,-9.53
2018-02-21,2903,2906,3015,3015,0.9638474295190713,1.0507487050150597,0.05099026764376304,-1.7042718054181039,-9.02
2018-02-20,2900,2918,2978,3015,0.9678275290215589,1.0507867774109518,0.05092639373052499,-1.629003004382532,-8.57
2018-02-19,2881,2931,2922,2972,0.9862045760430687,1.0509131570630412,0.05073175308341486,-1.2755045329022345,-6.56
2018-02-16,2781,2831,2857,2907,0.9738562091503268,1.0499349040667874,0.052641522944109065,-1.445222149010305,-7.81
2018-02-15,2731,2764,2899,2808,0.9843304843304843,1.0493757498495448,0.053659535392562636,-1.2121846572692463,-6.61
2018-02-14,2737,2706,2653,2599,1.0411696806464024,1.0487323622504872,0.05471449986579749,-0.13822079380483007,-0.73
2018-02-13,2811,2734,2700,2631,1.0391486126947929,1.0476245509396729,0.0556888565211549,-0.15220169302022227,-0.82
2018-02-09,2730,2766,2625,2682,1.0313199105145414,1.0465387712174912,0.05662945035188647,-0.2687446303713378,-1.48
2018-02-08,2792,2829,2710,2716,1.0416053019145803,1.0455230415695091,0.05756871928679848,-0.06805327100315077,-0.38
2018-02-07,2934,2785,2800,2703,1.0303366629670736,1.0442868227291664,0.05862536436593195,-0.2379543379042849,-1.35
2018-02-06,2834,2807,2662,2693,1.0423319717786854,1.0430152460659958,0.0599338124584438,-0.011400480951952953,-0.07
2018-02-05,2956,2934,2875,2856,1.0273109243697478,1.0414474999674246,0.061449845698664025,-0.23005062806828372,-1.38
2018-02-02,3040,3040,2967,2947,1.031557516118086,1.039525541053235,0.06406070480709246,-0.12438241132599329,-0.77
2018-02-01,2960,3085,2940,2994,1.0303941215764862,1.0374314961334345,0.06679548255674526,-0.10535704343433394,-0.68
2018-01-31,2920,2930,2926,2916,1.00480109739369,1.035396932912029,0.06925742972437242,-0.4417697226146394,-3.04
2018-01-30,3165,3110,2958,2925,1.0632478632478632,1.0337537802866326,0.07139282294228465,0.41312392122488667,2.77
2018-01-29,3180,3175,2962,2975,1.0672268907563025,1.0315082524068062,0.07305896837816264,0.4889014879680755,3.35
2018-01-26,3150,3160,2957,2946,1.0726408689748812,1.029309072698599,0.07442044352152617,0.5822566250058493,4.04
2018-01-25,3190,3165,2915,2947,1.0739735324058364,1.0268852814230731,0.07591495571563849,0.620276341319963,4.38
2018-01-24,3240,3260,2926,2943,1.107713217804961,1.024456878784743,0.07727075998804693,1.0774624066477005,7.52
2018-01-23,3155,3205,2950,2929,1.094230112666439,1.0215035931910383,0.07825874484653565,0.9293085343755064,6.65
2018-01-22,3125,3120,2920,2937,1.062308478038815,1.01869084530685,0.0793773466817705,0.54949723762916,4.11
2018-01-19,3115,3115,2895,2914,1.0689773507206588,1.0162814291823197,0.08074755896945958,0.6526007994652796,4.93
2018-01-18,3165,3115,2888,2890,1.0778546712802768,1.0137116129694013,0.0820854634495278,0.7814179955299321,5.95
2018-01-17,3085,3140,2819,2860,1.097902097902098,1.0112394979278703,0.08290431458505161,1.0453328081654956,7.89
2018-01-16,3070,3070,2775,2820,1.0886524822695036,1.0083956750840477,0.08353850317641096,0.9607163659130332,7.37
2018-01-15,3080,3050,2774,2776,1.0987031700288183,1.0054520085588208,0.0845423310109038,1.1030114778591869,8.49
2018-01-12,3055,3010,2804,2758,1.0913705583756346,1.0023635737994914,0.08530679481335925,1.0433750883605404,8.16
2018-01-11,3100,3070,2803,2830,1.0848056537102473,0.9995269681446727,0.08583543761888056,0.9935137273281229,7.86
2018-01-10,3070,3115,2820,2819,1.1050017736786095,0.9969347788828659,0.08615593019499321,1.2543187050637146,9.78
2018-01-09,3170,3105,2871,2833,1.096011295446523,0.9937858869945991,0.08646392444445582,1.1822897134121326,9.33
2018-01-05,3180,3145,2780,2825,1.1132743362831858,0.9908737670179827,0.08664974140932423,1.4125901274995822,10.99
2018-01-04,3155,3145,2760,2744,1.146137026239067,0.9875338418706212,0.08669508409870014,1.8294368823482565,13.84
2017-12-29,3030,3085,2749,2723,1.1329416085200148,0.9835344304846511,0.08620354058961267,1.73319073687058,13.19
2017-12-28,3060,3020,2689,2726,1.1078503301540719,0.9796072316685521,0.08601651541905886,1.4909125051246221,11.58
2017-12-27,3120,3065,2669,2671,1.1475102957693748,0.9758658099790438,0.08645858770287544,1.9852797778770845,14.96
2017-12-26,3075,3085,2709,2677,1.1524094135226,0.9719458999199094,0.08524369135128342,2.1170307238222796,15.66
2017-12-25,3040,3025,2691,2707,1.1174732175840414,0.9678167249061528,0.08389196885542806,1.7839191846336717,13.39
2017-12-22,3050,3035,2721,2722,1.114988978692138,0.9643407188172701,0.0830154349219351,1.8147018083628965,13.51
2017-12-21,3030,3045,2725,2721,1.1190738699007718,0.9608631892581375,0.0820895398790124,1.927294036192833,14.14
2017-12-20,2959,3030,2730,2714,1.116433308769344,0.957303235844752,0.08093249722440037,1.9662073750594211,14.25
2017-12-19,2954,2965,2733,2706,1.0957132298595713,0.9537087066010936,0.07976340703237163,1.7803216856176387,12.96
2017-12-18,2927,2950,2720,2722,1.0837619397501836,0.9501810786091753,0.07925396282466647,1.6854786357690306,12.33
2017-12-15,2881,2903,2740,2721,1.0668871738331496,0.9469778869040151,0.07864281757455069,1.5247328443626096,11.24
2017-12-14,2902,2912,2741,2738,1.0635500365230095,0.943924025898386,0.07837377830638652,1.5263524766787395,11.25
2017-12-13,2915,2895,2739,2740,1.0565693430656935,0.9411832009538188,0.07773415079629369,1.4843687224968853,10.92
2017-12-12,2865,2883,2782,2734,1.054498902706657,0.9385454238393369,0.07712816988532434,1.5033868823767227,11.0
2017-12-11,2860,2864,2760,2772,1.0331890331890332,0.9360383563729812,0.07637058897039492,1.272095424767675,9.4
2017-12-08,2810,2841,2673,2751,1.0327153762268266,0.9335155263029814,0.07624475888672827,1.30107106865168,9.61
2017-12-07,2774,2829,2660,2668,1.0603448275862069,0.9311455528553932,0.075886115486135,1.7025416824032764,12.18
2017-12-06,2810,2742,2621,2637,1.0398179749715586,0.9273481176886791,0.07644977965554194,1.4711599927381402,10.82
2017-12-05,2805,2818,2600,2643,1.0662126371547485,0.923732411355725,0.07745114232901139,1.8396142589320295,13.36
2017-12-04,2833,2805,2663,2625,1.0685714285714285,0.919676580413071,0.07784735457331614,1.9126513543646406,13.93
2017-12-01,2914,2833,2680,2646,1.0706727135298564,0.9156392096486003,0.07787265270452307,1.9908594159429636,14.48
2017-11-30,2880,2902,2652,2673,1.0856715301159745,0.9118862139482896,0.07708928699931733,2.2543380920000446,16.01
2017-11-29,2769,2834,2692,2658,1.0662151993980435,0.907817097611784,0.07585330056219662,2.0882163414415906,14.86
2017-11-28,2737,2746,2655,2675,1.0265420560747665,0.9041066045779393,0.07481354979337736,1.6365411323880976,11.93
2017-11-27,2707,2754,2620,2663,1.0341719864814118,0.900929692038745,0.07460562320178608,1.7859551160411327,12.88
2017-11-24,2719,2708,2638,2615,1.035564053537285,0.8976255807038412,0.0741172954809347,1.8610834615373393,13.32
2017-11-22,2735,2727,2635,2647,1.0302228938420854,0.894619582556623,0.07302570603282903,1.856925713590518,13.16
2017-11-21,2731,2719,2607,2610,1.0417624521072797,0.8912824143064739,0.07246935086175899,2.0764645468931873,14.44
2017-11-20,2693,2741,2530,2596,1.0558551617873653,0.8877492375256888,0.07149985096084087,2.351136708714889,15.92
2017-11-17,2700,2703,2550,2545,1.062082514734774,0.8841082547945724,0.06977884379470245,2.55054756229299,16.76
2017-11-16,2598,2665,2557,2551,1.04468835750686,0.8801357510893368,0.06799160512995431,2.4201900529191653,15.75
2017-11-15,2639,2611,2719,2552,1.0231191222570533,0.8767718622454438,0.06597840841992038,2.2181083708503633,14.3
2017-11-14,2670,2663,2840,2819,0.9446612273855978,0.8740776423697357,0.0640446697152019,1.1020992899133968,7.47
2017-11-13,2732,2684,2830,2843,0.9440731621526557,0.872595503838207,0.06367926490789552,1.12246362168019,7.57
2017-11-10,2710,2739,2825,2843,0.9634189236721773,0.8712228976076254,0.06323169270914283,1.4580667085513757,9.57
2017-11-09,2780,2754,2898,2888,0.953601108033241,0.8698191724237793,0.06233156568368308,1.3441333406356886,8.79
2017-11-08,2765,2772,2860,2899,0.9561917902725078,0.8685104315773955,0.06158468795535468,1.4237525853614161,9.17
2017-11-07,2725,2784,2833,2850,0.9768421052631578,0.8674927513312564,0.0607523697095953,1.7999191546701219,11.19
2017-11-06,2752,2746,2797,2835,0.9686067019400353,0.8659769618575721,0.05940852580189495,1.7275254468473884,10.6
2017-11-02,2785,2763,2771,2781,0.9935275080906149,0.86454332241627,0.05819964504200547,2.216236638234663,12.98
2017-11-01,2738,2793,2796,2781,1.0043149946062568,0.8628680329044217,0.05623802096710055,2.5151482799258194,14.08
2017-10-31,2691,2744,2761,2778,0.9877609791216703,0.8611186963643165,0.053798620071269204,2.3540061546111337,12.82
2017-10-30,2808,2671,2753,2763,0.9667028592110025,0.8597904187990283,0.05184996712688419,2.061957727964309,11.06
2017-10-27,2548,2670,2729,2732,0.9773060029282576,0.8586106182999773,0.050389990593895415,2.3555349629825075,12.15
2017-10-26,2492,2482,2692,2719,0.9128356013240162,0.8573483237721359,0.048553112734526206,1.1428160714487665,6.08
2017-10-25,2550,2505,2732,2688,0.9319196428571429,0.8567763198629831,0.04814705415505851,1.560704477415364,8.06
2017-10-24,2540,2548,2689,2722,0.9360764144011756,0.8558428304732312,0.04735326403719509,1.6943622696193124,8.57
2017-10-23,2596,2560,2701,2672,0.9580838323353293,0.8549897707753253,0.046468205732602894,2.2185935508947665,10.76
2017-10-20,2563,2582,2696,2696,0.9577151335311572,0.8541046261346442,0.04510837426066584,2.2969239990291688,10.82
2017-10-19,2570,2555,2696,2675,0.9551401869158879,0.8531662021320066,0.043651707702601406,2.336082369987193,10.68
2017-10-18,2515,2562,2695,2700,0.9488888888888889,0.8521995946811171,0.04216010407624585,2.293383669853159,10.19
2017-10-17,2516,2516,2726,2691,0.9349684132292828,0.8514819533555809,0.0409488532261372,2.0387984838709348,8.93
2017-10-16,2455,2507,2761,2711,0.9247510143858355,0.8509357078458571,0.04009589505782792,1.8409691673803252,7.98
2017-10-13,2420,2434,2773,2756,0.8831640058055152,0.850339885103135,0.03931907265575348,0.8348142131876345,3.72
2017-10-12,2431,2425,2774,2773,0.8745041471330689,0.850421507882871,0.039393411568958744,0.6113367258898337,2.75
2017-10-11,2427,2428,2764,2766,0.8778018799710774,0.8507746539078953,0.03972504182750829,0.6803573972442395,3.08
2017-10-10,2440,2434,2743,2761,0.8815646504889533,0.8510293020335664,0.03995800786501523,0.7641859563805163,3.46
2017-10-06,2496,2442,2757,2729,0.8948332722609015,0.851290533690959,0.04021996890035733,1.0826149238905964,4.87
2017-10-05,2486,2484,2768,2753,0.9022884126407555,0.8511966071125188,0.04012628939242083,1.2732751097061856,5.66
2017-10-04,2502,2465,2773,2767,0.8908565233104445,0.8509728129441986,0.03988680493039334,0.9999224163441319,4.48
2017-10-03,2475,2482,2791,2783,0.8918433345310816,0.8510906457219113,0.04001729478625957,1.018376904956684,4.57
2017-10-02,2491,2469,2802,2786,0.8862167982770998,0.8514147788567513,0.040442268543661515,0.8605357877680908,3.93
2017-09-29,2494,2482,2814,2810,0.8832740213523131,0.8517144380946934,0.04078087121374128,0.7738820265072128,3.57
2017-09-28,2464,2487,2850,2821,0.8816022686990429,0.8521131268190049,0.04123113940515603,0.7152153034206561,3.34
2017-09-27,2470,2471,2803,2820,0.876241134751773,0.8523638134830983,0.04146615930273993,0.575826690249969,2.72
2017-09-26,2481,2481,2796,2780,0.8924460431654676,0.8523111418675795,0.04143829570917777,0.9685461385661913,4.5
2017-09-25,2460,2484,2808,2808,0.8846153846153846,0.852101117490387,0.04127393722036749,0.7877675190374802,3.68
2017-09-22,2450,2437,2792,2808,0.8678774928774928,0.8519454096119068,0.041172886276957005,0.3869557057140941,1.84
2017-09-21,2454,2433,2790,2806,0.8670705630791162,0.8520619352458454,0.04123013879565769,0.3640207933244098,1.73
2017-09-20,2504,2454,2805,2793,0.878625134264232,0.8524456249026696,0.041501033352658534,0.630815843526108,2.98
2017-09-19,2465,2502,2771,2810,0.890391459074733,0.8526711234505461,0.04168819403699044,0.9048205731991474,4.24
2017-09-15,2426,2431,2767,2798,0.8688348820586133,0.8529015933209825,0.04194309161854009,0.37987873861419874,1.83
2017-09-14,2440,2445,2825,2786,0.8776022972002872,0.8533297921798301,0.042266255832196634,0.5742762055106694,2.77
2017-09-13,2405,2427,2825,2813,0.86277995023107,0.8537699807285751,0.042686578927298005,0.2110726539561835,1.04
2017-09-12,2399,2382,2845,2815,0.8461811722912966,0.8541724662035777,0.04291135492486697,-0.1862279558935603,-0.94
2017-09-11,2344,2371,2841,2828,0.8384016973125884,0.8549305649692943,0.04326426721949816,-0.382044322462412,-1.97
2017-09-08,2348,2332,2799,2819,0.8272437034409365,0.8557487043047073,0.04352336189197336,-0.6549356397265756,-3.45
2017-09-07,2312,2354,2767,2758,0.8535170413343002,0.8567224188465296,0.04369133144378884,-0.07336415271192327,-0.38
2017-09-06,2297,2304,2670,2734,0.8427212874908558,0.8572104711986314,0.043856927577562835,-0.33037388864394995,-1.72
2017-09-05,2351,2315,2720,2702,0.8567727609178386,0.8579553951114953,0.044078417380400324,-0.026830232661270215,-0.14
2017-09-04,2367,2343,2775,2743,0.8541742617572001,0.8583689570259514,0.04421069067163364,-0.09487965930925074,-0.49
2017-09-01,2366,2379,2791,2792,0.8520773638968482,0.8590152839199857,0.044498039580709345,-0.15591518387127418,-0.81
2017-08-31,2344,2361,2823,2788,0.8468436154949784,0.8595286051800977,0.044636886851782666,-0.2841817738598098,-1.5
2017-08-30,2322,2338,2789,2813,0.8311411304656949,0.8608026747520858,0.04560974995937775,-0.6503334114484053,-3.57
2017-08-29,2312,2318,2773,2748,0.8435225618631732,0.8616031322754196,0.04560896693693515,-0.39642578261522465,-2.14
2017-08-28,2325,2320,2690,2769,0.8378475984109787,,,,
2017-08-25,2291,2320,2689,2704,0.8579881656804734,,,,
2017-08-24,2332,2310,2705,2690,0.8587360594795539,,,,
2017-08-23,2331,2336,2759,2696,0.8664688427299704,,,,
2017-08-22,2347,2326,2759,2756,0.8439767779390421,,,,
2017-08-21,2352,2358,2858,2758,0.854967367657723,,,,
2017-08-18,2368,2346,3085,3025,0.7755371900826447,,,,
2017-08-17,2412,2402,3165,3125,0.76864,,,,
2017-08-16,2416,2408,3175,3160,0.7620253164556962,,,,
2017-08-15,2421,2416,3080,3155,0.7657686212361331,,,,
2017-08-14,2365,2411,3010,3055,0.7891980360065467,,,,
2017-08-10,2414,2400,3070,3075,0.7804878048780488,,,,
2017-08-09,2418,2415,3080,3065,0.7879282218597063,,,,
2017-08-08,2433,2420,3080,3070,0.7882736156351792,,,,
2017-08-07,2463,2422,3090,3080,0.7863636363636364,,,,
2017-08-04,2410,2483,3055,3065,0.8101141924959216,,,,
2017-08-03,2383,2410,3080,3090,0.7799352750809061,,,,
2017-08-02,2362,2408,3035,3100,0.7767741935483871,,,,
2017-08-01,2382,2364,3010,3020,0.7827814569536424,,,,
2017-07-31,2380,2323,2990,3040,0.7641447368421053,,,,
2017-07-28,2500,2397,3045,3025,0.792396694214876,,,,
2017-07-27,2496,2496,3015,3040,0.8210526315789474,,,,
2017-07-26,2545,2488,3010,2985,0.8335008375209381,,,,
2017-07-25,2583,2536,3010,3015,0.8411276948590382,,,,
2017-07-24,2588,2583,3000,3010,0.858139534883721,,,,
2017-07-21,2618,2592,2980,3030,0.8554455445544554,,,,
2017-07-20,2619,2622,3025,2980,0.8798657718120806,,,,
2017-07-19,2611,2624,3020,3040,0.8631578947368421,,,,
2017-07-18,2602,2622,3015,3045,0.8610837438423645,,,,
2017-07-14,2655,2621,3040,3020,0.8678807947019868,,,,
2017-07-13,2646,2663,3000,3050,0.8731147540983607,,,,
2017-07-12,2653,2636,3000,2968,0.8881401617250674,,,,
2017-07-11,2605,2661,2947,3030,0.8782178217821782,,,,
2017-07-10,2577,2587,2952,2931,0.882633913340157,,,,
2017-07-07,2565,2555,2948,2937,0.8699353081375554,,,,
2017-07-06,2587,2584,2974,2998,0.8619079386257505,,,,
2017-07-05,2610,2591,2926,2971,0.8720969370582295,,,,
2017-07-04,2664,2610,3000,2927,0.8916979842842501,,,,
2017-07-03,2677,2662,3015,3000,0.8873333333333333,,,,
2017-06-30,2688,2670,3010,3025,0.8826446280991735,,,,
2017-06-29,2691,2721,3010,3040,0.8950657894736842,,,,
2017-06-28,2735,2682,3045,3000,0.894,,,,
2017-06-27,2750,2737,3085,3110,0.8800643086816721,,,,
2017-06-26,2731,2739,3030,3080,0.8892857142857142,,,,
2017-06-23,2751,2730,3065,3030,0.900990099009901,,,,
2017-06-22,2730,2749,3030,3065,0.8969004893964111,,,,
2017-06-21,2687,2726,3025,3025,0.9011570247933884,,,,
2017-06-20,2645,2690,2997,3030,0.8877887788778878,,,,
2017-06-19,2647,2645,2953,2987,0.8855038500167393,,,,
2017-06-16,2676,2646,2930,2941,0.8996939816388984,,,,
2017-06-15,2673,2677,2948,2922,0.9161533196440794,,,,
2017-06-14,2717,2687,2980,2957,0.9086912411227596,,,,
2017-06-13,2668,2703,2960,2960,0.9131756756756757,,,,
2017-06-12,2613,2676,2970,2972,0.9004037685060565,,,,
2017-06-09,2637,2616,3020,2999,0.8722907635878626,,,,
2017-06-08,2650,2652,3020,3025,0.876694214876033,,,,
2017-06-07,2654,2645,3040,3030,0.8729372937293729,,,,
2017-06-06,2670,2643,2983,3015,0.8766169154228856,,,,
2017-06-05,2650,2675,2945,2986,0.8958472873409243,,,,
2017-06-02,2704,2649,2957,2958,0.8955375253549696,,,,
2017-06-01,2664,2684,2950,2957,0.9076766993574569,,,,
2017-05-31,2659,2656,2919,2948,0.9009497964721845,,,,
2017-05-30,2640,2659,2950,2920,0.9106164383561643,,,,
2017-05-29,2632,2628,2930,2943,0.8929663608562691,,,,
2017-05-26,2647,2645,2950,2929,0.903038579720041,,,,
2017-05-25,2635,2648,2923,2943,0.8997621474685695,,,,
2017-05-24,2665,2645,2975,2938,0.9002722940776038,,,,
2017-05-23,2605,2649,2901,2976,0.8901209677419355,,,,
2017-05-22,2592,2614,2905,2909,0.8985905809556549,,,,
2017-05-19,2639,2603,2928,2932,0.8877899045020464,,,,
2017-05-18,2545,2624,2850,2907,0.9026487788097696,,,,
2017-05-17,2564,2580,2780,2897,0.8905764584052468,,,,
2017-05-16,2600,2585,2767,2743,0.942398833394094,,,,
2017-05-15,2460,2555,2836,2867,0.8911754447157307,,,,
