DATE,OPEN_3116,CLOSE_3116,OPEN_9810,CLOSE_9810,saya_divide,saya_divide_mean,saya_divide_std,saya_divide_sigma,deviation_rate(%)
2020-05-12,1380,1350,3330,3270,0.41284403669724773,0.3556231655500653,0.023227878908241534,2.46345658048354,13.86
2020-05-11,1350,1380,3330,3425,0.4029197080291971,0.3546055575607686,0.022354114895904637,2.1613090338584513,11.99
2020-05-08,1282,1320,3155,3305,0.39939485627836613,0.35366728171515055,0.021775885920667867,2.0999179886323134,11.45
2020-05-07,1301,1278,3190,3180,0.4018867924528302,0.3528021476837266,0.0212239029352279,2.312705863709537,12.21
2020-05-01,1322,1296,3335,3260,0.39754601226993863,0.3519071987843555,0.02053939238594082,2.2220138078097587,11.48
2020-04-30,1291,1346,3330,3415,0.39414348462664717,0.3510735113574619,0.019929932245930336,2.161069728572715,10.93
2020-04-28,1298,1267,3170,3265,0.3880551301684533,0.3502507664952615,0.01940160495668398,1.9485173395496815,9.74
2020-04-27,1292,1293,3180,3220,0.4015527950310559,0.3494935265719798,0.019015804960728962,2.7376841825306792,12.96
2020-04-24,1281,1290,3270,3170,0.4069400630914827,0.34854858021399,0.01814637026751734,3.2178051046393312,14.35
2020-04-23,1232,1281,3220,3260,0.3929447852760736,0.34753316522363065,0.01694126861942288,2.680532436654674,11.56
2020-04-22,1235,1228,3180,3225,0.3807751937984496,0.3467425466625457,0.016169594723010657,2.1047309916477146,8.94
2020-04-21,1239,1233,3195,3240,0.38055555555555554,0.34611165936678695,0.01574698872116619,2.187332244829203,9.05
2020-04-20,1270,1261,3290,3265,0.3862174578866769,0.34549639391121734,0.015283853957842725,2.664319096988232,10.54
2020-04-17,1243,1282,3285,3305,0.38789712556732225,0.34484235781883305,0.014559690183332948,2.957121147933196,11.1
2020-04-16,1240,1238,3200,3265,0.37917304747320063,0.34421445744728413,0.013678140435378594,2.5557999050438096,9.22
2020-04-15,1254,1240,3300,3265,0.37978560490045943,0.3437058906056567,0.013064200837911844,2.761723793322335,9.5
2020-04-14,1227,1254,3325,3370,0.37210682492581604,0.3431643675371785,0.012381342561983304,2.3375863517018627,7.78
2020-04-13,1260,1238,3480,3370,0.36735905044510386,0.3428734049379147,0.011946551038020317,2.049599539587849,6.67
2020-04-10,1267,1280,3400,3485,0.3672883787661406,0.3426406810907101,0.011633192306794096,2.1187389519070874,6.71
2020-04-09,1249,1267,3455,3400,0.3726470588235294,0.3423507133333475,0.011280917703431486,2.6856277376233497,8.13
2020-04-08,1236,1248,3420,3435,0.36331877729257644,0.34205515050168894,0.010761719359819757,1.9758577676981568,5.85
2020-04-07,1200,1206,3365,3420,0.3526315789473684,0.34184569937296955,0.010495407838159327,1.0276760789784112,3.06
2020-04-06,1110,1160,3165,3305,0.35098335854765506,0.3417736454331487,0.01043951370762992,0.8821975211139635,2.62
2020-04-03,1152,1121,3250,3165,0.3541864139020537,0.34179914402445666,0.010464283494682139,1.183766655776493,3.5
2020-04-02,1191,1172,3325,3270,0.3584097859327217,0.34167872568922514,0.010372606365213343,1.6130044517651425,4.67
2020-04-01,1250,1221,3570,3455,0.35340086830680173,0.34137411592395267,0.01021099016814503,1.177824303500812,3.4
2020-03-31,1299,1287,3690,3650,0.3526027397260274,0.34109711078153504,0.010162653812917106,1.1321480743413976,3.26
2020-03-30,1300,1315,3680,3685,0.3568521031207598,0.34086344117691925,0.010096683159015319,1.58355587592786,4.48
2020-03-27,1380,1362,3735,3885,0.35057915057915057,0.34064990184712857,0.009924158597042886,1.0005129034294786,2.83
2020-03-26,1318,1306,3650,3620,0.3607734806629834,0.3404788069803815,0.00986192032189802,2.0578825441874997,5.63
2020-03-25,1307,1313,3750,3700,0.35486486486486485,0.34020761290553253,0.00957560978054616,1.530686013240644,4.13
2020-03-24,1201,1229,3335,3440,0.3572674418604651,0.34004334446213885,0.009427283793985575,1.827047723896346,4.82
2020-03-23,1198,1149,3205,3315,0.34660633484162895,0.3398873054523864,0.009235809780321862,0.7274975935037519,1.94
2020-03-19,1194,1209,3300,3225,0.37488372093023253,0.33983049998054177,0.00920736741905261,3.807083974639253,9.35
2020-03-18,1160,1174,3440,3310,0.35468277945619336,0.33944691750571016,0.008292890956347856,1.8372196174629312,4.3
2020-03-17,1129,1163,3330,3480,0.3341954022988506,0.3392862068739171,0.008110867743010366,-0.6276522730201782,-1.52
2020-03-16,1178,1136,3500,3400,0.3341176470588235,0.33935721428438353,0.008089271766835302,-0.6477180365037788,-1.57
2020-03-13,1129,1171,3465,3530,0.33172804532577904,0.339424167512121,0.008066376399006663,-0.9540990657576692,-2.32
2020-03-12,1262,1219,3800,3715,0.3281292059219381,0.33958362523777064,0.008030790536060067,-1.4263127975259204,-3.49
2020-03-11,1302,1286,3860,3875,0.3318709677419355,0.3398194589330478,0.007950258984481996,-0.9997776432977723,-2.4
2020-03-10,1291,1285,3790,3845,0.3342002600780234,0.33998117936315536,0.00791019025739075,-0.7308192466964579,-1.73
2020-03-09,1345,1319,3935,3860,0.3417098445595855,0.3399652285963707,0.007923027053713234,0.22019563373788464,0.51
2020-03-06,1400,1387,4150,4075,0.3403680981595092,0.33984734434752845,0.007961870868234818,0.06540596055863925,0.15
2020-03-05,1459,1435,4290,4215,0.3404507710557533,0.3398523129152782,0.007962310552652643,0.0751613663543585,0.18
2020-03-04,1428,1440,4200,4220,0.3412322274881517,0.3398484232442101,0.007962088501912675,0.1737991537784535,0.41
2020-03-03,1495,1449,4405,4255,0.34054054054054056,0.33983146339194925,0.007960477384477905,0.08907470172252914,0.21
2020-03-02,1462,1475,4275,4340,0.33986175115207373,0.33997180271604494,0.008063849100770591,-0.013647522739566929,-0.03
2020-02-28,1490,1491,4305,4380,0.3404109589041096,0.34022800070348214,0.008356221669531004,0.02189484767913517,0.05
2020-02-27,1536,1524,4475,4405,0.3459704880817253,0.3405499111547571,0.008809800336191496,0.6152894186148566,1.57
2020-02-26,1531,1542,4425,4540,0.33964757709251103,0.3407910018147567,0.009193884444045081,-0.12436796755546099,-0.34
2020-02-25,1539,1555,4555,4460,0.3486547085201794,0.3410192041127989,0.00937332877079928,0.8145990174981758,2.19
2020-02-21,1621,1628,4575,4615,0.352762730227519,0.34107894551294793,0.00943587368905313,1.2382303006160194,3.31
2020-02-20,1612,1624,4620,4575,0.3549726775956284,0.34098257217496397,0.009352593239823664,1.4958530818055973,3.94
2020-02-19,1612,1601,4610,4580,0.3495633187772926,0.3408920140187091,0.009249001119004119,0.9375395944937611,2.48
2020-02-18,1612,1619,4625,4595,0.35233949945593035,0.34078451781838204,0.009194284046121262,1.2567570872930496,3.28
2020-02-17,1598,1623,4625,4625,0.3509189189189189,0.3406306341744907,0.009095655379093449,1.1311207731194453,2.93
2020-02-14,1616,1621,4675,4665,0.34748124330117897,0.3405180869369877,0.009019559850209961,0.7720062264489732,2.0
2020-02-13,1630,1618,4685,4690,0.34498933901918977,0.34042306725542576,0.008983168307571805,0.5083141723967424,1.32
2020-02-12,1665,1636,4780,4700,0.34808510638297874,0.3403711750606645,0.008967868883166988,0.860174409640797,2.22
2020-02-10,1659,1649,4800,4775,0.34534031413612565,0.3403454249242761,0.008948433934670983,0.5581858511014635,1.45
2020-02-07,1714,1681,4820,4860,0.34588477366255144,0.34038252562771704,0.008974795590563613,0.6130778109999119,1.59
2020-02-06,1682,1703,4850,4825,0.3529533678756477,0.34040814896800936,0.008993192589506323,1.3949683366368324,3.55
2020-02-05,1666,1650,4815,4795,0.34410844629822734,0.34030952813499177,0.008895099895898222,0.4270798763021608,1.1
2020-02-04,1630,1645,4850,4785,0.3437826541274817,0.34028193479985075,0.008886478241270672,0.3939377594346529,1.02
2020-02-03,1579,1639,4900,4880,0.3358606557377049,0.3401742472109486,0.00889233811370269,-0.48509080717439473,-1.28
2020-01-31,1580,1602,4945,4985,0.3213640922768305,0.34013852246625886,0.00891494947169737,-2.1059491418355503,-5.84
2020-01-30,1614,1592,5070,4955,0.32129162462159433,0.34038022679402274,0.008644290294707263,-2.208232431078351,-5.94
2020-01-29,1620,1621,5010,5070,0.319723865877712,0.34068875737937293,0.008365946600998658,-2.5059795981913515,-6.56
2020-01-28,1625,1616,4980,4995,0.32352352352352354,0.34108145877551327,0.00805822826735236,-2.178882834968217,-5.43
2020-01-27,1641,1642,5050,5020,0.32709163346613546,0.34147723380628436,0.0079138019199464,-1.8177862531396718,-4.4
2020-01-24,1695,1679,5140,5130,0.3272904483430799,0.34180799514909876,0.007823534158765952,-1.8556251575577942,-4.44
2020-01-23,1697,1696,5140,5140,0.3299610894941634,0.3422758982054589,0.007988938582927629,-1.5414824614639344,-3.73
2020-01-22,1730,1726,5160,5170,0.33384912959381047,0.34264485882679907,0.008050437522368495,-1.0925777895361939,-2.63
2020-01-21,1750,1736,5220,5160,0.3364341085271318,0.3429259314650787,0.008106244625630444,-0.8008422195181455,-1.93
2020-01-20,1727,1742,5160,5200,0.335,0.3430862855026569,0.008095184666027192,-0.998900684328098,-2.41
2020-01-17,1715,1723,5090,5120,0.3365234375,0.3432234780868415,0.008044008425495483,-0.8329231189770644,-1.99
2020-01-16,1720,1696,5120,5100,0.3325490196078431,0.34338333339767296,0.00802838543655769,-1.3495009520214631,-3.26
2020-01-15,1711,1706,5090,5100,0.33450980392156865,0.3436351043924397,0.00798061399258242,-1.1434333848689557,-2.73
2020-01-14,1722,1714,5150,5120,0.334765625,0.34385161348936577,0.007950321789725021,-1.142845375278831,-2.71
2020-01-10,1740,1722,5200,5140,0.33501945525291826,0.34408707105287617,0.007939235900793713,-1.1421270148996814,-2.71
2020-01-09,1753,1732,5220,5210,0.3324376199616123,0.3443392631888426,0.007947601432496947,-1.497513850979703,-3.58
2020-01-08,1716,1706,5220,5150,0.3312621359223301,0.344790446210744,0.008215145929365576,-1.6467522798415621,-4.08
2020-01-07,1735,1746,5260,5280,0.3306818181818182,0.3452708139934618,0.008459741786855183,-1.7245202252286396,-4.41
2020-01-06,1725,1730,5190,5230,0.33078393881453155,0.3457428147023046,0.008618657893687563,-1.7356386658216436,-4.52
2019-12-30,1771,1765,5320,5290,0.333648393194707,0.3460178081941672,0.008464635962693777,-1.4613050170114787,-3.71
2019-12-27,1776,1774,5280,5320,0.33345864661654134,0.3461886107306828,0.00834166929014912,-1.5260691441189813,-3.82
2019-12-26,1750,1759,5240,5260,0.3344106463878327,0.34651442526702364,0.008315269696767609,-1.4556086958786254,-3.62
2019-12-25,1767,1760,5280,5220,0.3371647509578544,0.34673369325813613,0.008209358867361283,-1.1656138384114079,-2.84
2019-12-24,1797,1779,5280,5220,0.3408045977011494,0.34689234551752457,0.008137562552607428,-0.7481045800900833,-1.79
2019-12-23,1802,1787,5290,5240,0.34103053435114505,0.34701991366066554,0.008116093126165822,-0.737963354586342,-1.76
2019-12-20,1824,1801,5300,5310,0.3391713747645951,0.34713123523738976,0.008090396643602124,-0.9838652940569144,-2.35
2019-12-19,1836,1846,5250,5270,0.35028462998102466,0.34731754045836655,0.008065798394395264,0.36786061063959635,0.85
2019-12-18,1832,1837,5230,5250,0.3499047619047619,0.347320445559457,0.008066905705433697,0.32036030166611845,0.74
2019-12-17,1840,1821,5230,5270,0.34554079696394685,0.3473696346945478,0.008093717099505278,-0.22595770374933502,-0.53
2019-12-16,1808,1826,5230,5210,0.35047984644913627,0.34746949477543254,0.008116706928627959,0.3708833767406449,0.86
2019-12-13,1852,1818,5290,5230,0.3476099426386233,0.3474681601139166,0.008116220030405867,0.017469034128638775,0.04
2019-12-12,1847,1816,5220,5230,0.34722753346080304,0.3474760705028572,0.008116643467993925,-0.030620667648423142,-0.07
2019-12-11,1791,1828,5160,5180,0.3528957528957529,0.34749067647493265,0.008117168698717328,0.6658819868649994,1.53
2019-12-10,1760,1781,5220,5160,0.34515503875968995,0.34743196593381004,0.008093752554023684,-0.28131909876441086,-0.66
2019-12-09,1744,1755,5190,5230,0.3355640535372849,0.34743566006722,0.008092775649323005,-1.4669387913809504,-3.54
2019-12-06,1733,1723,5190,5180,0.33262548262548264,0.3475352499164803,0.007991393928363691,-1.8657279849612665,-4.48
2019-12-05,1730,1729,5070,5160,0.335077519379845,0.34759799949942577,0.007891931912495714,-1.58649114797309,-3.74
2019-12-04,1689,1711,5050,5020,0.3408366533864542,0.3475736649368207,0.00793320684058156,-0.8492166769059837,-1.98
2019-12-03,1714,1709,5000,5060,0.3377470355731225,0.3475188731946983,0.007993509489885708,-1.2224715106600212,-2.89
2019-12-02,1723,1726,5030,5070,0.34043392504930964,0.3475770700702865,0.00793784869952307,-0.8998842496715804,-2.1
2019-11-29,1738,1723,4975,5030,0.342544731610338,0.3476298209883282,0.007903274248918025,-0.6434155285306392,-1.48
2019-11-28,1731,1714,5030,4960,0.3455645161290323,0.3476460949825049,0.007894037800603557,-0.26369000327228004,-0.6
2019-11-27,1729,1722,4975,5030,0.3423459244532803,0.34760860464158844,0.00791049428911186,-0.6652782994296266,-1.54
2019-11-26,1740,1715,5030,4955,0.34611503531786075,0.347572172669812,0.007940881492897709,-0.18349818634801446,-0.42
2019-11-25,1710,1720,5050,5020,0.3426294820717131,0.34749672129854703,0.007981150305839627,-0.6098418198279838,-1.42
2019-11-22,1711,1701,5020,5010,0.3395209580838323,0.34744187355172507,0.008028404996548225,-0.9866113469983531,-2.33
2019-11-21,1698,1694,4950,4995,0.3391391391391391,0.347409206620142,0.008065467022990056,-1.0253674656941305,-2.44
2019-11-20,1721,1715,4995,4990,0.343687374749499,0.347542615589735,0.00801013136416323,-0.4812955824275309,-1.12
2019-11-19,1717,1736,4990,5020,0.3458167330677291,0.34751580038258895,0.008026342425373213,-0.21168637279773855,-0.49
2019-11-18,1685,1720,5070,5000,0.344,0.3472737692629255,0.00834143139467528,-0.3924709211197673,-0.95
2019-11-15,1659,1685,5020,5060,0.33300395256917,0.34713154704070326,0.008485722896008909,-1.6648663460573183,-4.24
2019-11-14,1687,1671,4990,5020,0.33286852589641436,0.34712494015905354,0.00849690543213738,-1.6778360517839739,-4.28
2019-11-13,1708,1702,5010,4995,0.34074074074074073,0.34708008654049477,0.008580511764611103,-0.7388074247388853,-1.86
2019-11-12,1703,1711,5010,5030,0.34015904572564615,0.3468780312263351,0.008899894890133861,-0.7549511071346919,-1.98
2019-11-11,1735,1710,4995,5030,0.3399602385685885,0.34667741891228576,0.0092131484170567,-0.7290863057477154,-1.98
2019-11-08,1729,1729,4795,4925,0.35106598984771575,0.3464197002860499,0.00965708996635547,0.48112729381761504,1.32
2019-11-07,1689,1711,4655,4765,0.3590766002098636,0.3459635736484448,0.010218444375418169,1.283270337407121,3.65
2019-11-06,1683,1697,4585,4655,0.36455424274973147,0.34541275715402653,0.010602941798797515,1.8052995063950825,5.25
2019-11-05,1649,1671,4535,4590,0.36405228758169933,0.3448015724924834,0.01080124368281791,1.782268380801281,5.29
2019-11-01,1565,1609,4480,4510,0.35676274944567626,0.34420412337812006,0.010958019100574238,1.146067181695101,3.52
2019-10-31,1545,1605,4535,4545,0.35313531353135313,0.34373300100455867,0.011165556353792018,0.8420818657729738,2.66
2019-10-30,1560,1567,4550,4535,0.3455347298787211,0.34328157638069834,0.011456910928958413,0.19666326394557943,0.65
2019-10-29,1565,1579,4550,4535,0.348180815876516,0.3429754248280641,0.011696885242061176,0.4450236914126244,1.5
2019-10-28,1546,1547,4510,4530,0.3415011037527594,0.34262700058668155,0.01192364520431468,-0.0944255564996812,-0.33
2019-10-25,1530,1537,4535,4510,0.34079822616407984,0.34235265400507353,0.012180343768539395,-0.12761773152976352,-0.46
2019-10-24,1532,1548,4530,4520,0.3424778761061947,0.3420559182743207,0.012481952484743654,0.033805434878055686,0.12
2019-10-23,1543,1535,4480,4510,0.34035476718403546,0.3417225849409874,0.012796095296314869,-0.10689337061641414,-0.4
2019-10-21,1537,1523,4470,4465,0.34109742441209406,0.34140042218086764,0.013126376086978562,-0.023083124143772428,-0.09
2019-10-18,1526,1530,4430,4420,0.34615384615384615,0.341081737281441,0.013416792300054846,0.37804184181821415,1.47
2019-10-17,1546,1530,4440,4395,0.34812286689419797,0.34071259891230254,0.013650976802430572,0.5428379294129353,2.13
2019-10-16,1555,1546,4470,4445,0.34780652418447694,0.3402887086363382,0.013905517828153592,0.540635425522803,2.16
2019-10-15,1529,1536,4415,4445,0.3455568053993251,0.3398439488643372,0.014188524062259377,0.4026392392837907,1.65
2019-10-11,1477,1493,4375,4365,0.3420389461626575,0.33944130294934277,0.01444682853098059,0.1798071602874088,0.76
2019-10-10,1471,1462,4350,4355,0.3357060849598163,0.3391504979528883,0.01461020320714031,-0.2357539415597358,-1.03
2019-10-09,1452,1461,4285,4385,0.3331812998859749,0.3388713865170605,0.01487096581238844,-0.3826306040153367,-1.71
2019-10-08,1480,1470,4280,4330,0.3394919168591224,0.3387272949082307,0.014977377228865338,0.05105179226026549,0.23
2019-10-07,1475,1469,4255,4265,0.34443141852286047,0.33852645900003303,0.015066502452708217,0.3919263638898498,1.71
2019-10-04,1477,1484,4265,4250,0.3491764705882353,0.3382991007992817,0.0151042909075349,0.720150972696595,3.12
2019-10-03,1491,1487,4250,4210,0.35320665083135394,0.3380061942656435,0.015103518531475471,1.006418241817823,4.3
2019-10-02,1528,1529,4260,4345,0.3518987341772152,0.3376456819118796,0.01505902005161871,0.9464794001521699,4.05
2019-10-01,1534,1551,4225,4280,0.3623831775700935,0.337274256280806,0.01504642831396426,1.668762896107673,6.93
2019-09-30,1517,1511,4230,4225,0.35763313609467456,0.3367424805798714,0.014853164507348325,1.4064784312102596,5.84
2019-09-27,1500,1512,4285,4260,0.35492957746478876,0.3363672799327105,0.014675064219329018,1.26488697116768,5.23
2019-09-26,1540,1528,4420,4385,0.348460661345496,0.3360145151961429,0.0145420095185122,0.8558752580590048,3.57
2019-09-25,1510,1521,4395,4405,0.3452894438138479,0.3356784505642495,0.01454173786423297,0.6609246665928232,2.78
2019-09-24,1536,1523,4385,4370,0.348512585812357,0.3354405120044072,0.01452852299576137,0.8997524257464781,3.75
2019-09-20,1541,1534,4400,4365,0.35143184421534934,0.3351728539060854,0.01447002802580029,1.1236322611313456,4.63
2019-09-19,1529,1524,4380,4345,0.35074798619102415,0.33489956600719495,0.014353456896105746,1.1041535358725367,4.52
2019-09-18,1544,1526,4370,4330,0.3524249422632795,0.3345288843233597,0.014298260387288871,1.251624844923746,5.08
2019-09-17,1554,1552,4260,4385,0.35393386545039907,0.33407361269174896,0.014264755947437835,1.39226025540362,5.61
2019-09-13,1582,1564,4250,4270,0.36627634660421543,0.3337027297798612,0.0141042763526704,2.309485152578351,8.89
2019-09-12,1583,1572,4310,4280,0.36728971962616824,0.33323382465787577,0.013588718441590653,2.506188873857188,9.27
2019-09-11,1522,1565,4275,4275,0.36608187134502923,0.3328097466757634,0.013002956449745681,2.5588122822572843,9.09
2019-09-10,1470,1497,4190,4260,0.35140845070422533,0.33236565665272605,0.012414476203439627,1.5339184464523097,5.42
2019-09-09,1445,1443,4085,4165,0.3464585834333733,0.3320792605245715,0.01221807420827861,1.176889472406284,4.15
2019-09-06,1449,1462,4120,4085,0.35789473684210527,0.33185997091074254,0.012105096951023471,2.1507275849749816,7.27
2019-09-05,1416,1435,4045,4090,0.3508557457212714,0.33147744918586963,0.011723631580368123,1.652926092274324,5.52
2019-09-04,1401,1398,4005,4005,0.349063670411985,0.3312386066520635,0.011506876226072235,1.549079299170137,5.11
2019-09-03,1400,1412,4005,4030,0.35037220843672456,0.33105905357584436,0.011331055517896654,1.7044444650700323,5.51
2019-09-02,1416,1408,4030,4030,0.34937965260545906,0.33086593748658355,0.011121744478477087,1.6646412938818578,5.3
2019-08-30,1425,1432,3995,4055,0.3531442663378545,0.33076454409089734,0.010986338302189945,2.0370501646118195,6.34
2019-08-29,1407,1395,3990,3980,0.35050251256281406,0.3306318907566885,0.01077331475751031,1.844429709275258,5.67
2019-08-28,1407,1402,3965,3965,0.35359394703657,0.3303977579983285,0.010526923903427536,2.2035106600028604,6.56
2019-08-27,1398,1398,3955,3960,0.353030303030303,0.33014762701414424,0.010190279847288793,2.2455395101094218,6.48
2019-08-26,1361,1384,3975,3950,0.35037974683544304,0.32985434941052183,0.009837922560138775,2.086354847728307,5.86
2019-08-23,1405,1405,4010,4035,0.34820322180916974,0.32962808796270054,0.00955431221948192,1.944162323750859,5.33
2019-08-22,1389,1402,4000,4025,0.3483229813664596,0.32943380883185186,0.009319895087377704,2.026758065140679,5.42
2019-08-21,1382,1387,4020,3980,0.3484924623115578,0.3292494226167518,0.00907802350885204,2.119738914097545,5.52
2019-08-20,1395,1399,4065,4050,0.34543209876543207,0.3293219091974846,0.00925143522123062,1.7413719258366593,4.66
2019-08-19,1386,1391,4100,4055,0.34303329223181256,0.32961596962749273,0.010072868801741604,1.3320259469675575,3.91
2019-08-16,1373,1378,4085,4085,0.33733170134638923,0.33002782458164326,0.011183330483816848,0.6531039009636043,2.17
2019-08-15,1348,1373,4020,4120,0.333252427184466,0.3306114556832951,0.012601535201858395,0.20957537783027072,0.79
2019-08-14,1401,1389,4085,4125,0.3367272727272727,0.33130326337745264,0.014066592401654147,0.38559511749144293,1.61
2019-08-13,1391,1377,4060,4025,0.342111801242236,0.3319938710482091,0.015513034177230463,0.6522212275453939,2.96
2019-08-09,1415,1412,4130,4100,0.344390243902439,0.33263682003558437,0.016859870312556858,0.6971242156056764,3.41
2019-08-08,1391,1406,4085,4090,0.3437652811735941,0.3331113357860106,0.01766555464899248,0.6030914737336676,3.1
2019-08-07,1390,1407,4110,4105,0.3427527405602923,0.33358595473206476,0.018407998869281097,0.49797840022279133,2.67
2019-08-06,1369,1406,4060,4140,0.3396135265700483,0.33407260268323946,0.01911286368800057,0.28990547817737666,1.63
2019-08-05,1424,1418,4200,4165,0.3404561824729892,0.3347017380605453,0.020039051343233444,0.28716151847113147,1.69
2019-08-02,1446,1437,4315,4245,0.3385159010600707,0.3353317331980076,0.020932851438653702,0.1521134314354974,0.94
2019-08-01,1499,1473,4375,4370,0.337070938215103,0.3358785326781262,0.021535823822268988,0.05536846636643657,0.35
2019-07-31,1465,1531,4330,4385,0.3491448118586089,0.33647646735194275,0.022173736347821126,0.5713220500121527,3.63
2019-07-30,1461,1488,4410,4355,0.34167623421354765,0.3369139350234019,0.022735886507285138,0.20946177702900654,1.39
2019-07-29,1450,1445,4405,4410,0.3276643990929705,0.3374019153723331,0.023220456258716715,-0.4193507729077127,-2.97
2019-07-26,1457,1455,4385,4365,0.3333333333333333,0.3380216607063642,0.023569944101642332,-0.19891126397301034,-1.41
2019-07-25,1471,1478,4440,4445,0.3325084364454443,0.33851622335411835,0.023853820354090463,-0.2518584788303657,-1.81
2019-07-24,1472,1463,4455,4440,0.3295045045045045,0.3390282320803003,0.024129898136574325,-0.39468577620559514,-2.89
2019-07-23,1443,1457,4420,4475,0.32558659217877095,0.3395218322903184,0.024308015192539507,-0.5732775794802196,-4.28
2019-07-22,1439,1437,4440,4420,0.3251131221719457,0.3401436406908978,0.02453897480968037,-0.6125161558510877,-4.62
2019-07-19,1390,1422,4405,4435,0.3206313416009019,0.34072849103113545,0.024695986942939605,-0.8137819912469291,-6.27
2019-07-18,1411,1391,4455,4390,0.31685649202733485,0.3413465826107905,0.024765273393852174,-0.9888883596792899,-7.73
2019-07-17,1438,1422,4500,4475,0.31776536312849163,0.3419212761334136,0.02469028855936354,-0.9783568526079902,-7.6
2019-07-16,1432,1439,4495,4515,0.31871539313399777,0.3424392547132172,0.024585365402945605,-0.9649586731941361,-7.44
2019-07-12,1441,1435,4500,4495,0.3192436040044494,0.34301022895861,0.0245249591569303,-0.9690790839684065,-7.44
2019-07-11,1410,1440,4455,4480,0.32142857142857145,0.34361309376886967,0.02448902816449338,-0.9058963953687447,-6.9
2019-07-10,1410,1416,4420,4435,0.31927846674182636,0.3442214637906297,0.02449710484798949,-1.0182018325667745,-7.81
2019-07-09,1440,1429,4500,4430,0.3225733634311512,0.34486709136419674,0.02446929013941107,-0.9110900972618932,-6.91
2019-07-08,1460,1446,4530,4490,0.3220489977728285,0.3455553604969427,0.024558356131449438,-0.9571635250460394,-7.3
2019-07-05,1444,1457,4580,4540,0.3209251101321586,0.34615449555309336,0.024525683116388832,-1.0286924650052138,-7.86
2019-07-04,1442,1443,4555,4530,0.3185430463576159,0.3467819389911095,0.0244741050397299,-1.1538273856246086,-8.87
2019-07-03,1427,1435,4500,4520,0.3174778761061947,0.3473745075072956,0.024320753095131466,-1.229264212508518,-9.42
2019-07-02,1443,1445,4560,4570,0.3161925601750547,0.3479403615095072,0.02411138506363807,-1.3167141269843827,-10.04
2019-07-01,1424,1448,4500,4565,0.3171960569550931,0.34841439910553046,0.023830405963403828,-1.3100214154294774,-9.84
2019-06-28,1419,1414,4500,4440,0.3184684684684685,0.3490052133902568,0.023597252293719367,-1.2940805370765969,-9.59
2019-06-27,1387,1414,4380,4470,0.316331096196868,0.34961283919788266,0.02338892819813661,-1.4229699932836688,-10.52
2019-06-26,1379,1371,4390,4360,0.31444954128440367,0.3503069453519346,0.023162292743105006,-1.5480938983557664,-11.4
2019-06-25,1400,1386,4400,4395,0.315358361774744,0.3511601438021603,0.02300375978014957,-1.5563448049179514,-11.35
2019-06-24,1378,1401,4365,4375,0.3202285714285714,0.35199668795921324,0.022826718429602415,-1.3917075565905224,-9.92
2019-06-21,1410,1385,4380,4400,0.31477272727272726,0.35280805475458005,0.022764517875981886,-1.6708162979363004,-12.08
2019-06-20,1419,1412,4400,4380,0.3223744292237443,0.35373651818304347,0.022613839435717212,-1.3868537913895593,-9.73
2019-06-19,1409,1421,4305,4380,0.32442922374429223,0.35459894402582226,0.022634716228793383,-1.3328958921584115,-9.3
2019-06-18,1387,1393,4235,4255,0.32737955346651,0.3554722416791512,0.022717220284797876,-1.2366252499404844,-8.58
2019-06-17,1396,1389,4275,4245,0.32720848056537105,0.35622807544564944,0.022712999786316853,-1.2776645600886616,-8.87
2019-06-14,1396,1396,4315,4280,0.32616822429906545,0.35693418923296155,0.022622869879077294,-1.3599496924282775,-9.43
2019-06-13,1410,1395,4360,4305,0.3240418118466899,0.3577503689552411,0.02260239321897809,-1.4913711473813231,-10.4
2019-06-12,1427,1419,4340,4400,0.3225,0.3585595185769226,0.022467023766432923,-1.6049975711868723,-11.18
2019-06-11,1420,1430,4305,4340,0.3294930875576037,0.35937156339484977,0.02224859790446671,-1.3429374725338334,-9.07
2019-06-10,1420,1419,4340,4320,0.3284722222222222,0.3600452753244433,0.022098163544445576,-1.4287636634926182,-9.61
2019-06-07,1381,1390,4230,4300,0.32325581395348835,0.36071023168207483,0.021887434342923406,-1.711229244221407,-11.59
2019-06-06,1397,1390,4270,4245,0.32744405182567726,0.3615375343543883,0.021627188930183023,-1.576417658289838,-10.41
2019-06-05,1430,1409,4220,4290,0.32843822843822845,0.3623577608495265,0.02148468377483932,-1.57877736376186,-10.33
2019-06-04,1354,1380,4120,4170,0.33093525179856115,0.36302052707520666,0.021192814044658427,-1.5139695563332933,-9.7
2019-06-03,1312,1337,4160,4140,0.3229468599033816,0.36371051015367895,0.02097828508501658,-1.9431354891545514,-12.62
2019-05-31,1373,1332,4225,4185,0.31827956989247314,0.3645139886918886,0.020551295901201295,-2.249708194640559,-14.53
2019-05-30,1385,1386,4185,4250,0.3261176470588235,0.3653796977635771,0.019944024524263183,-1.9686122355590159,-12.04
2019-05-29,1390,1389,4150,4195,0.33110846245530395,0.36612788717151795,0.019504806591022796,-1.7954253764470496,-10.58
2019-05-28,1392,1404,4165,4185,0.33548387096774196,0.36675998843992486,0.019124138767270257,-1.6354261937123138,-9.32
2019-05-27,1388,1391,4210,4180,0.3327751196172249,0.36746196173544654,0.018928481361375992,-1.8325211334175473,-10.42
2019-05-24,1372,1389,4175,4210,0.3299287410926366,0.3681279501737728,0.018571681114568625,-2.0568525189230558,-11.58
2019-05-23,1396,1391,4270,4215,0.33001186239620406,0.3688060473085493,0.018086684454430724,-2.1449030644664004,-11.76
2019-05-22,1414,1409,4265,4280,0.3292056074766355,0.3694166882793357,0.01753119546202373,-2.293687323822604,-12.21
2019-05-21,1417,1420,4250,4265,0.33294255568581477,0.37002371130027534,0.01690538390536655,-2.193452442253577,-11.14
2019-05-20,1458,1433,4350,4270,0.33559718969555036,0.3705523573101176,0.016348300332187926,-2.1381530131144295,-10.42
2019-05-17,1448,1446,4260,4305,0.3358885017421603,0.37101589442547755,0.015835435619737662,-2.2182776354780955,-10.46
2019-05-16,1450,1444,4230,4225,0.3417751479289941,0.37148650949296375,0.015299917411523568,-1.9419295388870323,-8.69
2019-05-15,1434,1450,4250,4225,0.3431952662721893,0.3718847103424467,0.014904999959558813,-1.9248201374102232,-8.36
2019-05-14,1364,1420,4110,4265,0.33294255568581477,0.3722611544111984,0.01452740967319573,-2.7065113196284183,-11.81
2019-05-13,1432,1413,4345,4220,0.3348341232227488,0.37278128746951195,0.013789984310488959,-2.7517916911551317,-11.33
2019-05-10,1447,1440,4310,4350,0.3310344827586207,0.37328324636103094,0.013065721419412363,-3.2335576617789554,-12.76
2019-05-09,1493,1447,4415,4340,0.3334101382488479,0.3738345737178488,0.01210869336889902,-3.338463881894175,-12.12
2019-05-08,1523,1488,4525,4460,0.33363228699551567,0.37438219862843847,0.011159645359194779,-3.6515418117070966,-12.21
2019-05-07,1593,1537,4655,4595,0.33449401523394995,0.3749022806215927,0.010107769521898562,-3.9977430530146068,-12.08
2019-04-26,1695,1644,4630,4645,0.3539289558665231,0.3753926687246032,0.008962761620479086,-2.3947655607661664,-6.06
2019-04-25,1740,1718,4645,4675,0.3674866310160428,0.37562683881581205,0.008621868324780853,-0.9441350172761036,-2.22
2019-04-24,1786,1735,4695,4640,0.3739224137931034,0.3756647460066604,0.008592194322021006,-0.20278082038851533,-0.47
2019-04-23,1807,1795,4695,4710,0.38110403397027603,0.37554946331542427,0.008672427115812618,0.6404862884029316,1.46
2019-04-22,1821,1814,4705,4710,0.3851380042462845,0.3752927729984667,0.008788358041627111,1.120258323703326,2.56
2019-04-19,1832,1828,4685,4705,0.3885228480340064,0.37511382856474523,0.008722459548399704,1.5372979828517845,3.45
2019-04-18,1819,1817,4740,4655,0.3903329752953813,0.37495275469352257,0.008583794605554687,1.7917740706314182,3.94
2019-04-17,1795,1803,4735,4745,0.3799789251844046,0.3746736162277367,0.008417901188174062,0.630241296265287,1.4
2019-04-16,1779,1783,4680,4700,0.3793617021276596,0.3744685608855561,0.00847330076388769,0.5774775826390517,1.29
2019-04-15,1772,1773,4610,4675,0.37925133689839574,0.3742648024920727,0.00853669036417787,0.5841297029171619,1.31
2019-04-12,1770,1758,4570,4545,0.38679867986798677,0.37405948885146495,0.008599235340618518,1.4814330009493064,3.29
2019-04-11,1758,1766,4630,4555,0.38770581778265645,0.37372633708968683,0.00858323643584353,1.6286957486795317,3.61
2019-04-10,1756,1761,4615,4640,0.3795258620689655,0.3733180255516686,0.008636731805639139,0.7187714817361402,1.64
2019-04-09,1776,1774,4630,4645,0.38191603875134555,0.3730049029463046,0.00882954670851534,1.0092404626442386,2.33
2019-04-08,1791,1778,4730,4655,0.3819548872180451,0.37271709680978526,0.00888600762355646,1.0395883955546938,2.42
2019-04-05,1747,1776,4730,4695,0.3782747603833866,0.3723986486978913,0.00897674208476732,0.6545929057565878,1.55
2019-04-04,1741,1751,4710,4680,0.37414529914529915,0.371977207448335,0.009421908964702243,0.23011172206041938,0.58
2019-04-03,1726,1741,4675,4700,0.37042553191489364,0.37168780733650497,0.00968065886238292,-0.13039147846809093,-0.34
2019-04-02,1740,1734,4705,4675,0.3709090909090909,0.3714405092121575,0.009943090239397897,-0.05344599015715637,-0.14
2019-04-01,1698,1719,4620,4690,0.3665245202558635,0.3711847098391167,0.010197008486348262,-0.45701536774165274,-1.27
2019-03-29,1695,1675,4535,4500,0.37222222222222223,0.3709999653125766,0.010403198117567073,0.11748857378594793,0.33
2019-03-28,1685,1677,4660,4545,0.368976897689769,0.3707407060533174,0.010609745761853837,-0.16624416862937175,-0.48
2019-03-27,1698,1712,4720,4665,0.3669882100750268,0.3704153293295985,0.011024921333841286,-0.31085203701654024,-0.93
2019-03-26,1692,1735,4765,4820,0.3599585062240664,0.3700768406952648,0.011504237887063815,-0.8795310537324855,-2.81
2019-03-25,1699,1685,4740,4725,0.3566137566137566,0.3699136975759736,0.011731092139396587,-1.1337342511829502,-3.73
2019-03-22,1713,1739,4780,4810,0.36153846153846153,0.36987720401529184,0.011776578404019597,-0.7080785429139688,-2.31
2019-03-20,1711,1733,4730,4755,0.3644584647739222,0.36973793705296326,0.011935060653290338,-0.4423498491049222,-1.45
2019-03-19,1727,1727,4680,4705,0.36705632306057384,0.36951215422231426,0.012190244657031432,-0.20145872628765288,-0.67
2019-03-18,1700,1719,4680,4675,0.36770053475935827,0.3692558651904305,0.012438709378470029,-0.12503953454884575,-0.42
2019-03-15,1732,1740,4710,4650,0.3741935483870968,0.3689764655553748,0.012703045149129814,0.41069544904194805,1.39
2019-03-14,1771,1734,4815,4725,0.36698412698412697,0.36873461407688013,0.012773889613362538,-0.13703634098434733,-0.48
2019-03-13,1764,1770,4840,4810,0.367983367983368,0.36865937535548754,0.012800569077204324,-0.052810728026411895,-0.18
2019-03-12,1760,1775,4850,4890,0.36298568507157464,0.368625229073797,0.012805741550161365,-0.4403918336264815,-1.55
2019-03-11,1711,1733,4870,4815,0.35991692627206645,0.3686812128197683,0.0127901329296478,-0.6852381125286068,-2.44
2019-03-08,1750,1713,4875,4870,0.3517453798767967,0.36880123938839293,0.012749497158223266,-1.3377672311252997,-4.85
2019-03-07,1775,1775,4915,4910,0.3615071283095723,0.36898903586777054,0.012599738622558794,-0.593814505390015,-2.07
2019-03-06,1806,1802,4905,4950,0.36404040404040405,0.3690352308424753,0.012578556137209117,-0.39709063167400105,-1.37
2019-03-05,1825,1818,4850,4935,0.36838905775075986,0.3690853135908631,0.01256604066656451,-0.055407734112768586,-0.19
2019-03-04,1851,1843,4880,4870,0.3784394250513347,0.36901556475067754,0.012584216573181164,0.7488634867219958,2.49
2019-03-01,1842,1830,4820,4840,0.378099173553719,0.36877123246755034,0.01257676714156894,0.7416803524442958,2.47
2019-02-28,1850,1833,4815,4810,0.3810810810810811,0.36863149745508805,0.012530487079909603,0.9935434709440548,3.27
2019-02-27,1870,1849,4815,4810,0.3844074844074844,0.3683750791871091,0.012469724511882982,1.285706448855167,4.17
2019-02-26,1840,1854,4760,4790,0.38705636743215033,0.3682955542453087,0.012385962587920745,1.5146835018812255,4.85
2019-02-25,1855,1858,4830,4765,0.3899265477439664,0.36816766652931193,0.012240253426983067,1.7776495678339497,5.58
2019-02-22,1812,1832,4750,4770,0.3840670859538784,0.3680720941685878,0.012097133143927682,1.3222134199059774,4.16
2019-02-21,1836,1821,4800,4790,0.3801670146137787,0.3684900885780917,0.013139311045347653,0.8887015457192932,3.07
2019-02-20,1845,1842,4800,4755,0.38738170347003154,0.3691758848045977,0.01494860852149047,1.2178938688012833,4.7
2019-02-19,1826,1839,4770,4780,0.3847280334728033,0.3698039986064868,0.016598992223831543,0.8990928283519393,3.88
2019-02-18,1809,1825,4720,4760,0.38340336134453784,0.37034059935142777,0.017687583947540025,0.738527208229976,3.41
2019-02-15,1777,1769,4670,4655,0.38002148227712135,0.3709392463574,0.01884172450200041,0.48202784828729955,2.39
2019-02-14,1797,1782,4720,4710,0.378343949044586,0.37149173770481614,0.019688436979981898,0.3480322661843,1.81
2019-02-13,1800,1809,4665,4695,0.3853035143769968,0.371834520849605,0.020025663955542766,0.6725866147206466,3.5
2019-02-12,1730,1797,4545,4620,0.38896103896103895,0.372009076465334,0.02019861749818235,0.8392635039121094,4.36
2019-02-08,1734,1713,4560,4530,0.3781456953642384,0.37216960929253345,0.020379741905307582,0.29323659246874906,1.58
2019-02-07,1782,1768,4630,4620,0.3826839826839827,0.3724715402054635,0.02063222282768466,0.494975386986221,2.67
2019-02-06,1791,1780,4680,4645,0.3832077502691066,0.37267856357749685,0.020810780606081686,0.5059486662664022,2.75
2019-02-05,1766,1780,4630,4645,0.3832077502691066,0.37286213765993026,0.020963017908752653,0.4935173291464269,2.7
2019-02-04,1730,1764,4530,4615,0.38223185265438786,0.3730519135881007,0.021119657173567934,0.43466326137983985,2.4
2019-02-01,1779,1709,4540,4515,0.378516057585825,0.3730990886261331,0.021144047221617814,0.2561935708388675,1.43
2019-01-31,1768,1766,4540,4550,0.3881318681318681,0.37320154623261326,0.02118861892104521,0.7046387475696017,3.85
2019-01-30,1760,1728,4600,4515,0.38272425249169434,0.37335205104694785,0.021333728416952476,0.43931380683083177,2.45
2019-01-29,1740,1744,4610,4580,0.3807860262008734,0.37349781723263076,0.021434379022172344,0.34002426478991904,1.91
2019-01-28,1764,1740,4675,4630,0.3758099352051836,0.3736243399413897,0.02150491673173872,0.101632351850411,0.58
2019-01-25,1722,1750,4660,4670,0.3747323340471092,0.3737556976680657,0.0215479115545809,0.04532394596894795,0.26
2019-01-24,1720,1740,4655,4670,0.37259100642398285,0.37388783797600905,0.02158385315323842,-0.060083412485208904,-0.35
2019-01-23,1719,1737,4665,4690,0.37036247334754796,0.37404376741416545,0.021616140352675766,-0.17030302387733154,-0.99
2019-01-22,1764,1739,4745,4685,0.3711846318036286,0.3740670046116368,0.02161310702827924,-0.13336226042080848,-0.78
2019-01-21,1744,1756,4700,4725,0.37164021164021166,0.37403115052387154,0.021620088188215498,-0.11058876646780331,-0.64
2019-01-18,1734,1729,4635,4655,0.37142857142857144,0.37383389108732845,0.021708314510638697,-0.1108017694131999,-0.65
2019-01-17,1725,1724,4615,4635,0.3719525350593312,0.37369901157421065,0.021754218426045507,-0.08028220001636457,-0.47
2019-01-16,1727,1719,4660,4615,0.3724810400866739,0.37354476369546724,0.021807004336282736,-0.048778988273209554,-0.29
2019-01-15,1717,1726,4560,4635,0.37238403451995683,0.3734529784669795,0.021825767373361452,-0.04897623660771384,-0.29
2019-01-11,1717,1717,4660,4585,0.37448200654307523,0.37330818897598056,0.021868356154319358,0.05367653420363845,0.31
2019-01-10,1701,1716,4565,4605,0.37263843648208467,0.37309307281453247,0.021935002482092517,-0.020726522954303727,-0.12
2019-01-09,1687,1706,4515,4595,0.37127312295973885,0.3728348633584077,0.022052502211968215,-0.07081919247337268,-0.42
2019-01-08,1688,1681,4505,4525,0.37149171270718234,0.37258332048437665,0.02217613143987961,-0.049224445668249045,-0.29
2019-01-07,1665,1685,4485,4550,0.37032967032967035,0.37232910262340524,0.022296147545462223,-0.08967613304755975,-0.54
2019-01-04,1586,1620,4450,4435,0.3652762119503946,0.3719981015144225,0.02250665217905773,-0.298662347049666,-1.84
2018-12-28,1647,1641,4450,4535,0.36185226019845645,0.3716894125834111,0.022754136183789044,-0.43232370174364254,-2.72
2018-12-27,1626,1656,4360,4455,0.3717171717171717,0.3713946303106796,0.02302130963434415,0.014010558548369747,0.09
2018-12-26,1547,1566,4195,4160,0.3764423076923077,0.3710583275537126,0.02319769644670119,0.2320911540059709,1.43
2018-12-25,1567,1533,4330,4150,0.36939759036144576,0.37069346332814723,0.023324999330654753,-0.05555725632962306,-0.35
2018-12-21,1635,1617,4460,4435,0.36459977452085685,0.37036021105299155,0.02351887588390041,-0.24492822533571637,-1.58
2018-12-20,1672,1642,4615,4510,0.364079822616408,0.3701716636006645,0.023620763421168464,-0.2579019515854063,-1.67
2018-12-19,1687,1681,4635,4620,0.36385281385281387,0.36992462065142556,0.02377954149082321,-0.25533742107495505,-1.67
2018-12-18,1677,1677,4705,4635,0.3618122977346278,0.36980204310949316,0.023834156091602752,-0.33522249934749315,-2.21
2018-12-17,1707,1689,4770,4730,0.35708245243128967,0.3696293677561605,0.023938101477689596,-0.5241399505539158,-3.51
2018-12-14,1744,1709,4830,4800,0.35604166666666665,0.3695801731523148,0.023967608797781013,-0.5648668000164276,-3.8
2018-12-13,1724,1744,4795,4840,0.3603305785123967,0.36952235847048753,0.024005396646242107,-0.38290473152959775,-2.55
2018-12-12,1674,1708,4825,4770,0.3580712788259958,0.36944344095306736,0.02404518087206808,-0.47294974355056457,-3.18
2018-12-11,1691,1664,4815,4800,0.3466666666666667,0.36941869341349504,0.02405782429580646,-0.9457225419504905,-6.56
2018-12-10,1702,1697,4855,4815,0.3524402907580478,0.36963818441287427,0.023923967601185953,-0.7188562508324899,-4.88
2018-12-07,1734,1733,4960,4925,0.35187817258883247,0.3696802740684386,0.023896435149111182,-0.7449689197791617,-5.06
2018-12-06,1736,1734,4955,4930,0.35172413793103446,0.36980337991540235,0.023828092683681315,-0.7587364303291245,-5.14
2018-12-05,1751,1751,4960,4965,0.3526686807653575,0.3699029404292631,0.02376786809109834,-0.7251075106042106,-4.89
2018-12-04,1789,1778,5150,5040,0.3527777777777778,0.3700135785890707,0.023706620160287375,-0.7270458924450897,-4.89
2018-12-03,1759,1778,5180,5160,0.3445736434108527,0.37009909057164153,0.02365580720595012,-1.0790351366394473,-7.41
2018-11-30,1752,1749,5070,5120,0.3416015625,0.3702570357239935,0.023524030839738443,-1.2181361867451153,-8.39
2018-11-29,1781,1756,5060,5050,0.3477227722772277,0.3704786883348992,0.023330506148591567,-0.9753717263028718,-6.54
2018-11-28,1779,1780,5040,5030,0.3538767395626243,0.3707451369981141,0.02318274298247343,-0.7276273324620238,-4.77
2018-11-27,1767,1766,5080,5030,0.3510934393638171,0.3708818529343806,0.02311299130335508,-0.8561597809146844,-5.64
2018-11-26,1727,1755,5010,5050,0.3475247524752475,0.37102075096108844,0.023024788397955666,-1.0204653384752544,-6.76
2018-11-22,1760,1767,5030,5080,0.34783464566929134,0.3713034512311154,0.022864169989209284,-1.026444676229233,-6.75
2018-11-21,1790,1758,5030,5070,0.3467455621301775,0.3715643128541818,0.022705982869447833,-1.0930489495523805,-7.16
2018-11-20,1825,1823,5040,5120,0.3560546875,0.3718242812816778,0.022531281810744815,-0.6998977649890088,-4.43
2018-11-19,1830,1832,5070,5070,0.3613412228796844,0.37197464709383754,0.022463066919165248,-0.4733736605254387,-2.94
2018-11-16,1885,1860,5160,5090,0.3654223968565815,0.3722258550311993,0.022448090697067297,-0.3030751374996286,-1.86
2018-11-15,1911,1891,5110,5150,0.36718446601941745,0.372158675661826,0.022475872552823246,-0.2213133052217677,-1.35
2018-11-14,1890,1911,5180,5180,0.3689189189189189,0.37246195685564115,0.02256001241666558,-0.157049467495191,-0.96
2018-11-13,1905,1895,5240,5180,0.3658301158301158,0.3727378736174734,0.022641391687152238,-0.3050942222459479,-1.89
2018-11-12,1949,1938,5300,5310,0.3649717514124294,0.3729993200262882,0.02267330618204131,-0.3540537295005163,-2.2
2018-11-09,1944,1953,5330,5310,0.3677966101694915,0.3732745338558868,0.02269945315798587,-0.24132403755586257,-1.49
2018-11-08,1919,1932,5320,5320,0.3631578947368421,0.3735381466211945,0.022749053991579924,-0.45629378207086785,-2.86
2018-11-07,1935,1887,5270,5240,0.3601145038167939,0.37376318336635506,0.022728727527725305,-0.6005034612215765,-3.79
2018-11-06,1885,1930,5180,5250,0.3676190476190476,0.3740231680723479,0.02268259179753772,-0.2823363621962941,-1.74
2018-11-05,1886,1878,4940,5190,0.36184971098265895,0.37417992854661275,0.022678417258713106,-0.5436983288247994,-3.41
2018-11-02,1875,1896,4965,5010,0.3784431137724551,0.37440789731245794,0.022639226190527252,0.17824003462121787,1.07
2018-11-01,1900,1876,4935,4970,0.37746478873239436,0.3742618133819008,0.022648063935717874,0.141423803799945,0.85
2018-10-31,1985,1887,4830,4930,0.38275862068965516,0.37406582896475965,0.022683070019562965,0.38322818372462064,2.27
2018-10-30,2001,1994,4650,4800,0.41541666666666666,0.3738288066816774,0.022683874943857076,1.8333666575009706,10.01
2018-10-29,2005,1994,4605,4620,0.4316017316017316,0.3731355634384342,0.02219145229532861,2.634625593008385,13.55
2018-10-26,1990,2003,4665,4610,0.43449023861171365,0.37231254332129643,0.02112694218794888,2.9430522759646824,14.31
2018-10-25,1990,1974,4665,4645,0.42497308934337996,0.37133911108616013,0.01988507842132804,2.6971972209922943,12.62
2018-10-24,2037,2043,4810,4770,0.42830188679245285,0.3704443523542279,0.01893888325677752,3.0549601924136627,13.51
2018-10-23,1974,2023,4870,4800,0.4214583333333333,0.36951205218164834,0.01775161140862643,2.926285392121731,12.33
2018-10-22,1957,1994,4885,4935,0.40405268490374874,0.36858077978021464,0.01680908340021104,2.1102819397688717,8.78
2018-10-19,1975,1986,4950,4985,0.39839518555667003,0.36797942632025626,0.01632921620293008,1.862658859949201,7.63
2018-10-18,2023,2003,5020,4995,0.401001001001001,0.36754583601161744,0.015943004298362342,2.0984228796087105,8.34
2018-10-17,2034,2028,5030,5060,0.4007905138339921,0.3671421863013011,0.015467000333088059,2.175491485618465,8.4
2018-10-16,1969,2003,4955,5030,0.3982107355864811,0.36678560860928583,0.014988013193647851,2.096683968126859,7.89
2018-10-15,1991,1969,5040,4960,0.3969758064516129,0.36640994681590655,0.014542115125403092,2.101885411587202,7.7
2018-10-12,1983,2019,5110,5080,0.39744094488188975,0.36610432345060573,0.014131590427656781,2.2174872383759054,7.88
2018-10-11,1959,1979,5110,5130,0.3857699805068226,0.3658257169127866,0.013710750213717501,1.454644223193704,5.17
2018-10-10,2056,2043,5250,5290,0.38620037807183366,0.36577236988027684,0.013640650054203018,1.4975831877794163,5.29
2018-10-09,2090,2065,5310,5170,0.3994197292069632,0.3658487195793802,0.013770186815129901,2.437948742329124,8.4
2018-10-05,2105,2110,5380,5360,0.39365671641791045,0.36566459252814465,0.013407616788895769,2.0877777408546585,7.11
2018-10-04,2125,2127,5480,5450,0.3902752293577982,0.3654504838600157,0.013083188519639735,1.8974537789864432,6.36
2018-10-03,2104,2098,5540,5440,0.38566176470588237,0.36523621342853135,0.012803471345680504,1.5953135462939876,5.3
2018-10-02,2169,2154,5600,5600,0.3846428571428571,0.3650510832789105,0.01260564645393613,1.5542061992250353,5.09
2018-10-01,2193,2152,5600,5600,0.3842857142857143,0.36486341833341424,0.012415920663558044,1.5643057392680038,5.05
2018-09-28,2109,2121,5700,5700,0.3721052631578947,0.36474247742693117,0.01226945645815536,0.6000906198309701,1.98
2018-09-27,2071,2082,5740,5650,0.36849557522123894,0.3647367446147626,0.012266114905026796,0.3064401919906969,1.02
2018-09-26,2049,2059,5690,5770,0.3568457538994801,0.364727658459776,0.01226357931177206,-0.6427083284510514,-2.21
2018-09-25,2065,2092,5770,5790,0.3613126079447323,0.36499427647795835,0.012306614660142285,-0.299161762588533,-1.02
2018-09-21,2048,2065,5650,5730,0.36038394415357766,0.3652532490608786,0.01243015708180475,-0.39173317563529453,-1.35
2018-09-20,2055,2051,5660,5610,0.36559714795008913,0.3654838650134647,0.012497940686390535,0.009064128200559868,0.03
2018-09-19,2014,2039,5620,5640,0.36152482269503544,0.36563379777763894,0.012565667461276245,-0.3270001450592392,-1.14
2018-09-18,1943,1996,5480,5570,0.35834829443447036,0.36589868419967614,0.012685084617712679,-0.5952179266240664,-2.11
2018-09-14,1919,1943,5460,5500,0.3532727272727273,0.36609210215362636,0.012679076750381572,-1.0110653270170697,-3.63
2018-09-13,1887,1903,5360,5400,0.3524074074074074,0.3662880861933115,0.012592717043327446,-1.1022783040502853,-3.94
2018-09-12,1883,1889,5420,5360,0.35242537313432837,0.3663419340016308,0.012541778329654724,-1.1096162363511923,-3.95
2018-09-11,1882,1883,5460,5450,0.3455045871559633,0.36642070680428424,0.012472485401593833,-1.6769808883198276,-6.05
2018-09-10,1840,1868,5460,5460,0.34212454212454213,0.36660013196269603,0.012265375925886326,-1.9955026234864655,-7.15
2018-09-07,1870,1855,5410,5460,0.33974358974358976,0.36679112355067256,0.011991227596779518,-2.2556100773491243,-7.96
2018-09-06,1879,1878,5400,5420,0.34649446494464947,0.36712071315298944,0.011575790949054357,-1.7818435300980413,-5.95
2018-09-05,1877,1892,5440,5420,0.34907749077490774,0.36749700521412726,0.011355792888339907,-1.6220368423707887,-5.28
2018-09-04,1919,1877,5450,5450,0.34440366972477066,0.36775570533712854,0.011152411245564622,-2.0939001529059573,-6.78
2018-09-03,1930,1910,5600,5450,0.3504587155963303,0.36808904556473815,0.01081806328328797,-1.6297122235958494,-5.03
2018-08-31,1959,1942,5550,5620,0.34555160142348756,0.3683570626901205,0.010625238245269668,-2.146348226759607,-6.6
2018-08-30,2013,1979,5720,5580,0.3546594982078853,0.36863153100394397,0.010293277712215474,-1.357393940656772,-3.94
2018-08-29,1963,1992,5640,5710,0.348861646234676,0.3688296194149357,0.010164637617009446,-1.9644549990493883,-5.72
2018-08-28,1983,1979,5610,5600,0.3533928571428571,0.36908204920963805,0.009897180125513036,-1.585218402394961,-4.44
2018-08-27,1940,1959,5470,5570,0.35170556552962295,0.369251899396904,0.009734443095941271,-1.8025000191944116,-4.99
2018-08-24,1935,1928,5440,5440,0.35441176470588237,0.36921887045733204,0.009797917298741885,-1.511250330042181,-4.18
2018-08-23,1950,1920,5390,5390,0.3562152133580705,0.3694539065770431,0.009650216597213502,-1.3718545159696474,-3.72
2018-08-22,1908,1950,5310,5370,0.36312849162011174,0.3699036771580343,0.009807530549566144,-0.6908146249131256,-1.87
2018-08-21,1920,1906,5350,5360,0.35559701492537316,0.3699362088568062,0.009789032328889051,-1.4648224103945127,-4.03
2018-08-20,1950,1950,5450,5400,0.3611111111111111,0.3700852881680962,0.00965372586427539,-0.9296076129730367,-2.49
2018-08-17,1950,1954,5390,5440,0.35919117647058824,0.3702843391325382,0.009620486529432839,-1.1530770952187972,-3.09
2018-08-16,1940,1942,5370,5380,0.3609665427509294,0.3707376483632072,0.00988446762027018,-0.988531298563833,-2.71
2018-08-15,1978,1954,5500,5440,0.35919117647058824,0.37104289756579606,0.00993139261853313,-1.1933594361269273,-3.3
2018-08-14,1959,1971,5480,5530,0.35641952983725134,0.3715805111478142,0.010357478736908664,-1.4637714153867412,-4.25
2018-08-13,1992,1938,5460,5410,0.35822550831792976,0.37215508001827685,0.010690410871572482,-1.3029968508869996,-3.89
2018-08-10,2002,2004,5520,5450,0.36770642201834863,0.3727446996681107,0.011116869377447885,-0.4532101150691672,-1.37
2018-08-09,2004,2010,5550,5520,0.3641304347826087,0.3731293036963718,0.011430459314003584,-0.7872709806804088,-2.47
2018-08-08,2014,2010,5510,5560,0.36151079136690645,0.37348394425688625,0.01155766615316144,-1.0359490169825254,-3.31
2018-08-07,1995,2028,5430,5500,0.36872727272727274,0.3739548409952551,0.011777624813494673,-0.44385590055413243,-1.42
2018-08-06,2015,2006,5490,5460,0.3673992673992674,0.3743897680435155,0.012172229801294725,-0.5742991020022064,-1.9
2018-08-03,2012,2018,5510,5510,0.3662431941923775,0.37496575501950247,0.012832015329775244,-0.6797498758347998,-2.38
2018-08-02,2029,2024,5500,5510,0.36733212341197824,0.3754381423076398,0.013150393348248024,-0.6164088541687212,-2.21
2018-08-01,2059,2091,5600,5500,0.3801818181818182,0.3759162195883212,0.013494277374448206,0.31610426220925225,1.12
2018-07-31,2272,2065,5780,5730,0.36038394415357766,0.3763247919094708,0.01406890373037399,-1.1330554292924577,-4.42
2018-07-30,2220,2246,5670,5760,0.38993055555555556,0.37706256269438915,0.014652347687388545,0.8782205511163272,3.3
2018-07-27,2197,2213,5700,5680,0.38961267605633804,0.37732391611887084,0.015048989868997779,0.8165837072415808,3.15
2018-07-26,2193,2197,5630,5700,0.3854385964912281,0.37753467484371406,0.015327721506899407,0.5156618773348839,2.05
2018-07-25,2154,2171,5580,5630,0.38561278863232684,0.3777220125804466,0.015507982261444593,0.508820291308821,2.05
2018-07-24,2153,2151,5600,5550,0.38756756756756755,0.37792066800391544,0.015702004300588338,0.614373769041106,2.49
2018-07-23,2142,2132,5660,5610,0.38003565062388595,0.3779768447285853,0.015743898262574874,0.13076849589371975,0.54
2018-07-20,2173,2160,5800,5690,0.37961335676625657,0.37812349582371513,0.015813464801071396,0.09421470634572773,0.39
2018-07-19,2157,2189,5700,5770,0.37937608318890814,0.3780922874304681,0.015812803356907913,0.0811871070210477,0.34
2018-07-18,2130,2160,5730,5700,0.37894736842105264,0.37797791248993,0.015834112614127656,0.06122578225556225,0.26
2018-07-17,2046,2091,5630,5690,0.3674868189806678,0.37789435307593117,0.015845308104839494,-0.6568211881020267,-2.83
2018-07-13,2018,2046,5630,5640,0.3627659574468085,0.37799104450229803,0.015803575338101745,-0.963395100777132,-4.2
2018-07-12,2029,2022,5620,5540,0.3649819494584838,0.3781392738898343,0.01571194791254695,-0.8374088626429068,-3.6
2018-07-11,2052,2017,5610,5550,0.36342342342342343,0.37830802976944566,0.015637517960403795,-0.9518522302396051,-4.1
2018-07-10,2071,2075,5570,5610,0.3698752228163993,0.3784281498895658,0.015557114801870211,-0.5497759180987929,-2.31
2018-07-09,1986,1999,5530,5530,0.36148282097649187,0.3785126839557175,0.01552760761256389,-1.0967473808036106,-4.71
2018-07-06,1952,1979,5460,5530,0.3578661844484629,0.37883307790924653,0.015420451907700285,-1.3596808696840907,-5.86
2018-07-05,1960,1946,5580,5430,0.3583793738489871,0.37917584887953654,0.015235191355020807,-1.3650288037698908,-5.8
2018-07-04,1960,1962,5520,5580,0.35161290322580646,0.3794589229492569,0.015042169348893308,-1.8511970632413584,-7.92
2018-07-03,2011,1985,5480,5530,0.3589511754068716,0.37986975500700776,0.014692743925165322,-1.4237353966475517,-5.83
2018-07-02,2031,2005,5550,5480,0.3658759124087591,0.3801742238649803,0.014491325235916765,-0.9866807364714167,-3.91
2018-06-29,2046,2039,5460,5500,0.37072727272727274,0.38034217466249315,0.014397327331046697,-0.6678254730297501,-2.59
2018-06-28,2050,2061,5510,5510,0.3740471869328494,0.38038544572932587,0.014373221512781491,-0.44097690909724996,-1.69
2018-06-27,2089,2050,5550,5540,0.3700361010830325,0.3803882257938056,0.014372015413550323,-0.7202973565567473,-2.8
2018-06-26,2055,2076,5470,5550,0.37405405405405406,0.3805006744578942,0.014323490140709803,-0.45007329502170335,-1.72
2018-06-25,2103,2071,5540,5500,0.37654545454545457,0.38052153206461753,0.01431522408511176,-0.2777516785991629,-1.06
2018-06-22,2110,2115,5370,5540,0.38176895306859204,0.3804575984476856,0.014343518612482871,0.09142489066561249,0.34
2018-06-21,2117,2136,5490,5450,0.39192660550458713,0.38021645646873325,0.01447090669193965,0.8092201328598487,2.99
2018-06-20,2102,2117,5560,5490,0.3856102003642987,0.3798263539809243,0.014544144537147311,0.3976752547117404,1.5
2018-06-19,2112,2107,5640,5580,0.37759856630824373,0.3796159957538448,0.014573034144248112,-0.1384357866475828,-0.53
2018-06-18,2123,2118,5750,5660,0.37420494699646645,0.37959389593902015,0.01457733293638075,-0.3696800344804137,-1.44
2018-06-15,2165,2134,5810,5740,0.3717770034843206,0.3796801810257661,0.014564326358693957,-0.5426394154322046,-2.13
2018-06-14,2130,2153,5790,5810,0.37056798623063686,0.37980499713107,0.014536146843391821,-0.6354511274514496,-2.49
2018-06-13,2159,2180,5790,5810,0.37521514629948366,0.37991327097586375,0.014497131797979283,-0.3240727022316889,-1.25
2018-06-12,2160,2152,5870,5790,0.3716753022452504,0.3799276533323826,0.014492998213658181,-0.5694026153508511,-2.22
2018-06-11,2142,2137,5760,5810,0.36781411359724614,0.3799643822014687,0.014475518122078973,-0.8393667502436561,-3.3
2018-06-08,2166,2148,5700,5700,0.37684210526315787,0.38010329276539856,0.014408085864829183,-0.22634425785880447,-0.87
2018-06-07,2170,2174,5710,5710,0.3807355516637478,0.3800462244748374,0.014429350696565483,0.047772571573472145,0.18
2018-06-06,2148,2149,5690,5690,0.3776801405975395,0.37998101171391535,0.014437138074285476,-0.15937169157327674,-0.61
2018-06-05,2185,2148,5730,5700,0.37684210526315787,0.37995040471107633,0.014444414964672388,-0.21519040096262979,-0.82
2018-06-04,2160,2193,5770,5750,0.3813913043478261,0.3799281264125904,0.014450479119689915,0.10125463129052997,0.38
2018-06-01,2085,2129,5600,5710,0.37285464098073556,0.3799945274199232,0.01446848066334346,-0.4934786592538935,-1.91
2018-05-31,2070,2068,5780,5620,0.36797153024911033,0.3801574605650556,0.014455959944694678,-0.84296929173614,-3.31
2018-05-30,2060,2046,5840,5740,0.3564459930313589,0.3805497619858384,0.014519032072454823,-1.6601498525654919,-6.76
2018-05-29,2134,2107,6040,5880,0.35833333333333334,0.3809727295125732,0.014270626558192334,-1.5864332296077979,-6.32
2018-05-28,2139,2143,5970,5970,0.3589614740368509,0.3812447352845789,0.014028889401971808,-1.5883838420307181,-6.21
2018-05-25,2177,2128,6060,5970,0.35644891122278055,0.3815398831104291,0.013787760199764958,-1.819800426183526,-7.04
2018-05-24,2295,2205,6170,6050,0.36446280991735536,0.38159080238936344,0.013701787041595434,-1.2500553701507318,-4.7
2018-05-23,2298,2312,6250,6170,0.3747163695299838,0.3812803178649752,0.014335570050663769,-0.45787843188611005,-1.75
2018-05-22,2280,2303,6260,6250,0.36848,0.38093382556371835,0.014796671771137183,-0.8416639739222419,-3.38
2018-05-21,2320,2294,6270,6210,0.36940418679549114,0.38067462398813984,0.015177922180616723,-0.742554682948753,-3.05
2018-05-18,2322,2316,6300,6250,0.37056,0.3804579964559278,0.015450725866558945,-0.6406169225583583,-2.67
2018-05-17,2320,2303,6190,6290,0.36613672496025434,0.3803280072667386,0.015573971454963224,-0.9112179476842225,-3.88
2018-05-16,2299,2291,6140,6200,0.36951612903225806,0.38032295194403626,0.01557863797218914,-0.6936949771263994,-2.92
2018-05-15,2285,2284,6250,6210,0.3677938808373591,0.3803899726626305,0.015542772933789596,-0.8104147103563388,-3.42
2018-05-14,2255,2281,6380,6230,0.36613162118780096,0.38049467931488534,0.015483904514115947,-0.9276121610017847,-3.92
2018-05-11,2259,2263,6230,6480,0.34922839506172837,0.3806278190755246,0.01540254684310203,-2.038586497002498,-8.99
2018-05-10,2264,2262,5830,6080,0.37203947368421053,0.380882653057147,0.015034651817578137,-0.5881865094206752,-2.38
2018-05-09,2212,2250,5980,5770,0.389948006932409,0.3808630615128008,0.015047114729230617,0.6037666079570538,2.33
2018-05-08,2209,2219,6010,6070,0.3655683690280066,0.3805579663305483,0.015091728287867576,-0.9932326514645774,-4.1
2018-05-07,2254,2197,5980,5990,0.3667779632721202,0.38056610305976,0.015083806860243945,-0.9141021172831981,-3.76
2018-05-02,2338,2260,6000,6010,0.37603993344425957,0.38046016135385635,0.01520767099958142,-0.290657781176253,-1.18
2018-05-01,2283,2367,5970,6020,0.3931893687707641,0.38019974725112815,0.015446481280989315,0.8409437258453722,3.3
2018-04-27,2450,2307,6110,6010,0.38386023294509153,0.37968909581350335,0.01564046188809386,0.26668887155841675,1.09
2018-04-26,2450,2457,6150,6150,0.39951219512195124,0.3792588206459117,0.015960410141498082,1.2689758155637536,5.07
2018-04-25,2446,2457,6110,6150,0.39951219512195124,0.3785581956165401,0.016207388181394496,1.292867133858471,5.24
2018-04-24,2445,2467,6200,6130,0.4024469820554649,0.37788932474205483,0.01636322468141516,1.5007834819564574,6.1
2018-04-23,2385,2415,6060,6090,0.39655172413793105,0.37720868653261624,0.01638924103519738,1.180227782590657,4.88
2018-04-20,2368,2360,6030,6040,0.39072847682119205,0.3765197707565861,0.016645616246411,0.8536004828099721,3.64
2018-04-19,2388,2377,5950,5990,0.3968280467445743,0.3759380914123432,0.016899250935316,1.2361468216662392,5.26
2018-04-18,2394,2384,5840,5940,0.40134680134680134,0.3752193135628048,0.01714017753731007,1.5243417244146533,6.51
2018-04-17,2415,2402,5960,5850,0.4105982905982906,0.3745496372279566,0.017087371904721847,2.109666341397562,8.78
2018-04-16,2406,2402,5960,5980,0.4016722408026756,0.3737615605174918,0.016766599923580747,1.6646595262245074,6.95
2018-04-13,2404,2403,5870,5960,0.40318791946308724,0.37319991560252885,0.016526040677186882,1.8145909505084823,7.44
2018-04-12,2400,2391,5810,5820,0.4108247422680412,0.37274604050064375,0.016159597669780684,2.356413974254241,9.27
2018-04-11,2380,2407,5810,5790,0.4157167530224525,0.3722349909428992,0.015541527968272541,2.7977790966447897,10.46
2018-04-10,2305,2363,5670,5770,0.4095320623916811,0.37164819846357544,0.014696585666646254,2.5777323241875627,9.25
2018-04-09,2329,2319,5850,5720,0.4054195804195804,0.37117184564925915,0.014024583706218752,2.441978705944421,8.45
2018-04-06,2351,2345,5980,5870,0.39948892674616693,0.3707773623547759,0.013460471492615582,2.133028134054756,7.19
2018-04-05,2370,2347,5860,5860,0.40051194539249146,0.3705809382505333,0.013143823868851382,2.277191739680075,7.47
2018-04-04,2289,2288,5840,5840,0.3917808219178082,0.3703724316396978,0.01278654099745739,1.6742909816163334,5.46
2018-04-03,2211,2268,5870,5800,0.3910344827586207,0.3702303650516546,0.01260580550768065,1.6503600419894047,5.32
2018-04-02,2227,2241,5970,5940,0.37727272727272726,0.3700986656121182,0.01243824996328055,0.5767741990865201,1.9
2018-03-30,2188,2184,5860,5890,0.37079796264855686,0.37008497387749617,0.0124309084043921,0.05735612779583923,0.19
2018-03-29,2181,2169,5840,5820,0.37268041237113403,0.370205862858313,0.012481238540732107,0.19826153508287225,0.66
2018-03-28,2138,2151,5690,5740,0.37473867595818816,0.3703048179042488,0.012529791271792092,0.35386527658454814,1.18
2018-03-27,2129,2176,5670,5820,0.3738831615120275,0.3703973778550584,0.01258771020376473,0.276919598603929,0.93
2018-03-26,2050,2111,5550,5590,0.3776386404293381,0.37065134949466816,0.012845004729117931,0.5439695104845439,1.85
2018-03-23,2117,2067,5730,5550,0.37243243243243246,0.37085166250282303,0.013067620644726616,0.12096845880258546,0.42
2018-03-22,2184,2167,5660,5760,0.3762152777777778,0.371124635475796,0.01330938684925353,0.38248511066964147,1.35
2018-03-20,2128,2182,5490,5660,0.3855123674911661,0.37120036634626036,0.013354220982125542,1.0717211557351156,3.71
2018-03-19,2136,2125,5640,5540,0.3835740072202166,0.37127168357877416,0.013444440397152044,0.9150491413572318,3.21
2018-03-16,2170,2141,5710,5640,0.37960992907801416,0.3714625773079294,0.013716648323786244,0.5939754069480879,2.15
2018-03-15,2180,2176,5710,5690,0.38242530755711773,0.3717485294272648,0.014101660318081681,0.7571291528106653,2.79
2018-03-14,2163,2180,5760,5710,0.38178633975481613,0.3719497617331226,0.014357939884228097,0.6850967548971841,2.58
2018-03-13,2182,2180,5860,5760,0.3784722222222222,0.3721638852222086,0.014620387778962973,0.43147535451081237,1.67
2018-03-12,2182,2184,5900,5840,0.37397260273972605,0.37240047180879526,0.01486212274210825,0.10578104879167274,0.42
2018-03-09,2156,2137,5720,5710,0.3742556917688266,0.3726070275817894,0.014989642727740279,0.10998689008018676,0.44
2018-03-08,2148,2127,5700,5620,0.3784697508896797,0.37275406753078183,0.015059022655856886,0.3795520791433891,1.51
2018-03-07,2136,2126,5750,5660,0.3756183745583039,0.3727542474542516,0.015059091025567798,0.19019256203375462,0.76
2018-03-06,2138,2145,5900,5770,0.3717504332755633,0.37263638277334,0.015070802161941848,-0.058785822297766306,-0.24
2018-03-05,2135,2113,5830,5810,0.3636833046471601,0.37260859921855477,0.015074330166711539,-0.5920856497560536,-2.45
2018-03-02,2175,2147,5880,5920,0.3626689189189189,0.37260030934405797,0.01507940630622227,-0.6586061959906903,-2.74
2018-03-01,2268,2219,6030,6000,0.36983333333333335,0.3726220240339545,0.015066256120069451,-0.18509513434504787,-0.75
2018-02-28,2364,2297,6150,6110,0.3759410801963993,0.3725909129228434,0.015074389430400532,0.2222423195993352,0.89
2018-02-27,2360,2364,6200,6210,0.38067632850241545,0.3724813752203362,0.015079494920555922,0.5434501172123567,2.15
2018-02-26,2326,2344,6150,6150,0.38113821138211385,0.3723285933346351,0.01505371770586972,0.5852121196642163,2.31
2018-02-23,2262,2310,5960,6100,0.37868852459016394,0.3719410180321304,0.015195443972680307,0.44404800347819895,1.78
2018-02-22,2289,2254,6000,5990,0.3762938230383973,0.3716154663962447,0.015308527040022302,0.30560462348347445,1.24
2018-02-21,2315,2299,6150,6140,0.3744299674267101,0.37144514875573276,0.015326577768931713,0.19474788931863268,0.8
2018-02-20,2255,2311,6050,6110,0.37823240589198037,0.37170152967784814,0.01553378879565987,0.42043034703529336,1.73
2018-02-19,2221,2254,5970,6050,0.3725619834710744,0.3719873638259111,0.01584544019837964,0.03626403797996542,0.15
2018-02-16,2220,2225,5900,5920,0.37584459459459457,0.37228708834381746,0.01606456362568269,0.22145053757262748,0.95
2018-02-15,2191,2196,5960,5850,0.37538461538461537,0.3725805102781485,0.016325717171047905,0.1717599954162935,0.75
2018-02-14,2248,2191,5860,5840,0.37517123287671234,0.3730374660882958,0.016868419686206584,0.12649476525423012,0.57
2018-02-13,2340,2268,6130,5870,0.38637137989778536,0.37357845489840413,0.017564446153490128,0.7283420659887543,3.31
2018-02-09,2363,2322,5960,6030,0.3850746268656716,0.3740204438057031,0.01828317918008502,0.6046094582942835,2.87
2018-02-08,2425,2440,6210,6140,0.3973941368078176,0.37441285037354644,0.018824049635316347,1.2208471014204778,5.78
2018-02-07,2429,2395,6360,6170,0.3881685575364668,0.3746060558839074,0.019130796280989647,0.7089355536150116,3.49
2018-02-06,2400,2333,6280,6160,0.37873376623376626,0.37486930788892064,0.019448814812049787,0.19869891210292834,1.02
2018-02-05,2400,2500,6520,6560,0.38109756097560976,0.37522668317582614,0.019760303299645277,0.2971046400835869,1.54
2018-02-02,2388,2421,6870,6720,0.36026785714285714,0.37559319381062944,0.020117492094042084,-0.7617916088214095,-4.25
2018-02-01,2330,2378,6720,6970,0.3411764705882353,0.3762756622680979,0.020451450972111516,-1.7162201218742554,-10.29
2018-01-31,2363,2333,6680,6690,0.34872944693572494,0.3772184366613866,0.02044146647807577,-1.3936861993838436,-8.17
2018-01-30,2410,2363,6830,6770,0.34903988183161005,0.37803943142296437,0.020517147136268545,-1.4134299178510674,-8.31
2018-01-29,2407,2405,6740,6810,0.35315712187958886,0.378819740001344,0.020512273431172998,-1.2510860001873332,-7.27
2018-01-26,2415,2403,6590,6660,0.3608108108108108,0.3794916890361813,0.020486033431574107,-0.9118836151355001,-5.18
2018-01-25,2434,2414,6550,6600,0.3657575757575758,0.38000526301284254,0.02049408814530144,-0.6952096211479037,-3.9
2018-01-24,2453,2457,6570,6560,0.3745426829268293,0.38047748862466546,0.02056825669207721,-0.28854198907981454,-1.58
2018-01-23,2468,2468,6490,6570,0.3756468797564688,0.3808394040608518,0.020699036540473344,-0.25085826068425565,-1.38
2018-01-22,2431,2441,6570,6490,0.3761171032357473,0.3809555101802279,0.02069400668553921,-0.23380716059503368,-1.29
2018-01-19,2410,2420,6590,6570,0.3683409436834094,0.3810884040356822,0.020694511858930613,-0.6159826546849283,-3.46
2018-01-18,2458,2405,6750,6490,0.37057010785824346,0.381265758280934,0.02064143463412765,-0.5181641011040399,-2.89
2018-01-17,2483,2452,6810,6680,0.36706586826347304,0.3814686038002824,0.02061005872807509,-0.6988206936640079,-3.92
2018-01-16,2470,2501,6680,6830,0.36617862371888726,0.3817326850381308,0.020550625657881065,-0.7568655854172801,-4.25
2018-01-15,2417,2397,6740,6680,0.35883233532934133,0.38196357199695985,0.02047170255238974,-1.129912698195115,-6.45
2018-01-12,2428,2410,6790,6760,0.35650887573964496,0.382320753059671,0.020297963470737528,-1.2716486241212144,-7.24
2018-01-11,2412,2431,6830,6850,0.3548905109489051,0.3826089005187448,0.020081738227470395,-1.3802784029881883,-7.81
2018-01-10,2398,2433,6920,6920,0.35158959537572254,0.382829715211469,0.019865626856356428,-1.5725715610001274,-8.89
2018-01-09,2399,2401,6850,6920,0.34696531791907514,0.3831033500894077,0.019572613138651572,-1.8463570456500755,-10.42
2018-01-05,2400,2407,6840,6890,0.34934687953555876,0.3834538636244788,0.01915319991265374,-1.7807459977686,-9.76
2018-01-04,2377,2386,6760,6790,0.35139911634756993,0.38374119569880444,0.01879772393852089,-1.7205316695261228,-9.2
2017-12-29,2351,2359,6800,6840,0.3448830409356725,0.38405701180393126,0.01844740828168216,-2.1235487538462285,-11.36
2017-12-28,2342,2336,6850,6730,0.34710252600297176,0.38449815817722727,0.017892599337059667,-2.0900055643005766,-10.77
2017-12-27,2343,2349,6740,6850,0.3429197080291971,0.38475673418379736,0.017485812516490035,-2.392626943423177,-12.2
2017-12-26,2359,2349,6720,6690,0.35112107623318384,0.3850816465513177,0.01692273442361031,-2.006801588208621,-9.67
2017-12-25,2388,2355,6710,6700,0.35149253731343283,0.38527907819813473,0.016608841699671178,-2.034250280401601,-9.61
2017-12-22,2400,2391,6490,6650,0.3595488721804511,0.38551894781556484,0.01624508120635983,-1.5986424016733525,-7.22
2017-12-21,2350,2381,6290,6450,0.36914728682170544,0.3856289946532724,0.01609605469312598,-1.02395948235723,-4.46
2017-12-20,2297,2343,6170,6290,0.3724960254372019,0.3854860815654806,0.01628819410952887,-0.7975135881195872,-3.49
2017-12-19,2287,2286,6080,6150,0.37170731707317073,0.3854098557513319,0.016362016693827024,-0.8374602553321439,-3.69
2017-12-18,2273,2269,6040,6070,0.37380560131795715,0.3853307156847635,0.0164422596696885,-0.7009446753874743,-3.08
2017-12-15,2285,2255,5970,6000,0.37583333333333335,0.38528675399487433,0.01647738585717077,-0.5737209010874111,-2.52
2017-12-14,2295,2297,5970,5970,0.3847571189279732,0.3854148241703129,0.016440699132603306,-0.040004700349720944,-0.17
2017-12-13,2305,2290,6050,5950,0.38487394957983195,0.38545551841499537,0.01644279793488267,-0.0353692137716807,-0.15
2017-12-12,2308,2302,6030,6040,0.38112582781456955,0.38545931922860704,0.016442696009946675,-0.2635511482676585,-1.14
2017-12-11,2280,2306,6030,6050,0.3811570247933884,0.38544102180610296,0.016448270741988635,-0.2604527296464352,-1.12
2017-12-08,2264,2265,5930,6020,0.37624584717607973,0.38536994263494473,0.016478121334361613,-0.5537096901840771,-2.43
2017-12-07,2234,2245,5880,5910,0.37986463620981387,0.3854612450083284,0.01644625345480613,-0.34029688365765903,-1.47
2017-12-06,2265,2235,5960,5880,0.38010204081632654,0.38560675088357793,0.016444369820597743,-0.3347474015304833,-1.45
2017-12-05,2278,2271,5770,5950,0.38168067226890756,0.38579110462507454,0.016459120795211488,-0.24973583992182893,-1.08
2017-12-04,2299,2279,5850,5800,0.3929310344827586,0.3859686956614891,0.016485647093965442,0.42232729971625244,1.77
2017-12-01,2335,2301,5920,5860,0.39266211604095563,0.3858510437731476,0.016467015547239384,0.41361910713382855,1.73
2017-11-30,2283,2326,5930,5920,0.3929054054054054,0.385735068412121,0.016449258005927725,0.435906409316485,1.82
2017-11-29,2256,2257,5790,5910,0.3818950930626058,0.38552866359460514,0.0164551123652093,-0.2208171206221445,-0.95
2017-11-28,2263,2224,5760,5690,0.3908611599297012,0.385583682425455,0.016449768893697567,0.32082380842859143,1.35
2017-11-27,2295,2264,5720,5690,0.3978910369068541,0.38557550998573037,0.016447297020833394,0.7487872873897744,3.1
2017-11-24,2232,2278,5690,5680,0.40105633802816903,0.3854363738988215,0.0163865513697607,0.9532185129674191,3.89
2017-11-22,2231,2242,5580,5640,0.3975177304964539,0.38522607189768937,0.01628563905132714,0.7547544532962528,3.09
2017-11-21,2209,2216,5550,5570,0.3978456014362657,0.385181016071295,0.01625621849240085,0.7790609710918239,3.18
2017-11-20,2170,2199,5590,5550,0.3962162162162162,0.3851763484218526,0.01625263130134437,0.6792664885870159,2.79
2017-11-17,2188,2181,5670,5600,0.3894642857142857,0.385384504965493,0.016490919395683996,0.24739559092505709,1.05
2017-11-16,2143,2173,5580,5640,0.3852836879432624,0.38559996651039213,0.01664763786137122,-0.01899840504481542,-0.08
2017-11-15,2182,2146,5930,5670,0.37848324514991183,0.3859522123732763,0.01691457181473378,-0.4415699850503157,-1.97
2017-11-14,2205,2186,6000,5960,0.3667785234899329,0.38641137382437485,0.017171056451009487,-1.1433688072982684,-5.35
2017-11-13,2190,2218,5950,6000,0.36966666666666664,0.3869320653604101,0.017159916015257244,-1.006147039320729,-4.67
2017-11-10,2180,2182,5910,6010,0.36306156405990014,0.38731542017392306,0.017090941396627982,-1.4191059199821592,-6.68
2017-11-09,2209,2204,6010,6050,0.364297520661157,0.38774045155946524,0.016877535421639684,-1.3890020262230154,-6.44
2017-11-08,2207,2205,5990,6000,0.3675,0.38820249860333045,0.01670286804418936,-1.2394577116073486,-5.63
2017-11-07,2173,2199,5890,5980,0.3677257525083612,0.38853911345652564,0.016535814804245794,-1.258683723454639,-5.66
2017-11-06,2210,2171,6090,5880,0.36921768707482994,0.389026579613557,0.01645374346166448,-1.2039140263053059,-5.37
2017-11-02,2237,2211,6350,6280,0.3520700636942675,0.38944868587579334,0.016345874472629363,-2.2867312632380186,-10.62
2017-11-01,2273,2239,6230,6320,0.3542721518987342,0.3901595109524624,0.01585681045327269,-2.2632142295881073,-10.13
2017-10-31,2410,2272,6140,6250,0.36352,0.3908190376578695,0.015371703859586488,-1.7759278936957008,-7.51
2017-10-30,2407,2421,6040,6150,0.39365853658536587,0.3914171429460454,0.015169241814319862,0.14775910798683267,0.57
2017-10-27,2406,2422,6020,6060,0.39966996699669965,0.39158620283382733,0.015263642059292233,0.5296091281144181,2.02
2017-10-26,2402,2390,6000,6050,0.3950413223140496,0.39169499236046684,0.015349704511473838,0.21800614800639206,0.85
2017-10-25,2429,2407,6130,6050,0.3978512396694215,0.39177783446676934,0.015384268293022828,0.39478024479114154,1.53
2017-10-24,2495,2503,5950,6110,0.40965630114566287,0.3918136147292876,0.015401463040520634,1.1585059399507611,4.36
2017-10-23,2480,2482,5890,5970,0.41574539363484087,0.39176639881952774,0.01535203953105426,1.5619419665255665,5.77
2017-10-20,2429,2450,5850,5840,0.4195205479452055,0.3915025386691024,0.015105725955733557,1.854793960793955,6.68
2017-10-19,2429,2429,5830,5860,0.41450511945392493,0.39106771924195416,0.014758334401139998,1.588078950844234,5.65
2017-10-18,2434,2426,5890,5890,0.41188455008488967,0.3907555792447825,0.014504718411050279,1.4566963826067987,5.13
2017-10-17,2435,2423,5960,5940,0.4079124579124579,0.390507899246129,0.014298949873807072,1.2171913895726498,4.27
2017-10-16,2422,2417,5940,5960,0.40553691275167786,0.39034442879280346,0.014168527689833893,1.0722697722343595,3.75
2017-10-13,2394,2427,5860,5940,0.4085858585858586,0.3902250624924838,0.01407745044040876,1.3042699863230125,4.49
2017-10-12,2426,2407,5900,5850,0.41145299145299147,0.3900773150241989,0.013941465413995841,1.5332445904383567,5.2
2017-10-11,2435,2426,5890,5890,0.41188455008488967,0.3899607142097257,0.013798032498217561,1.588910294130419,5.32
2017-10-10,2445,2429,5900,5920,0.41030405405405407,0.3898410132318497,0.013645416359330973,1.4996274414310096,4.99
2017-10-06,2407,2425,5960,5950,0.40756302521008403,0.38975810055263355,0.013539306129055314,1.315054441323338,4.37
2017-10-05,2401,2385,5920,5910,0.4035532994923858,0.38973403564836084,0.01350920862571359,1.0229513975912088,3.42
2017-10-04,2400,2380,5920,5960,0.39932885906040266,0.3897861999066025,0.013569886628737848,0.7032232040606019,2.39
2017-10-03,2389,2391,5930,5960,0.4011744966442953,0.38981590072224326,0.013593158237973186,0.8356112481881655,2.83
2017-10-02,2373,2382,6100,5930,0.40168634064080944,0.3897308766051363,0.013541690999987048,0.8828634500436165,2.98
2017-09-29,2374,2383,6140,6200,0.3843548387096774,0.3897185314802424,0.013531204288672882,-0.3963943383114082,-1.4
2017-09-28,2388,2386,6210,6180,0.386084142394822,0.3899821680272778,0.013616485286594452,-0.2862725255755552,-1.01
2017-09-27,2360,2370,6130,6210,0.38164251207729466,0.39034295089058496,0.013864636532269799,-0.6275273638108089,-2.28
2017-09-26,2385,2388,6140,6190,0.38578352180937,0.3908018665358004,0.014136027565266404,-0.355003886577088,-1.3
2017-09-25,2386,2387,6200,6170,0.386871961102107,0.3912565566082975,0.014510778023974099,-0.30216129686130405,-1.13
2017-09-22,2370,2370,6150,6180,0.38349514563106796,0.39170386175797933,0.014881069683850943,-0.5516213754324086,-2.14
2017-09-21,2350,2360,6170,6120,0.38562091503267976,0.39229674201687903,0.015418306701891477,-0.43298055443275757,-1.73
2017-09-20,2308,2333,6190,6170,0.3781199351701783,0.392851170684898,0.01590812958126175,-0.9260193311520232,-3.9
2017-09-19,2286,2303,6090,6200,0.3714516129032258,0.3935414011232305,0.016370327692909935,-1.3493797213095418,-5.95
2017-09-15,2188,2255,5860,6060,0.3721122112211221,0.39427211063458517,0.016589649933610662,-1.3357665473439004,-5.96
2017-09-14,2199,2191,5890,5870,0.37325383304940374,0.3947586705716496,0.016467272049315463,-1.3059137820668847,-5.76
2017-09-13,2216,2192,5850,5910,0.3708967851099831,0.3953793886950935,0.01652227881170519,-1.4817933932797287,-6.6
2017-09-12,2222,2198,5820,5860,0.3750853242320819,0.3961337029700433,0.016678003605541104,-1.262044261158948,-5.61
2017-09-11,2169,2196,5880,5810,0.3779690189328744,0.3968664256561716,0.01694225081339996,-1.115401190280507,-5.0
2017-09-08,2153,2144,5860,5850,0.3664957264957265,0.3976440642465998,0.017389610941362665,-1.7912038317536116,-8.5
2017-09-07,2154,2167,5910,5900,0.3672881355932203,0.39860136990390543,0.017623215762014057,-1.7768172808835032,-8.53
2017-09-06,2115,2148,5800,5870,0.36592844974446337,0.39954737127250567,0.017820128629816506,-1.8865700818674997,-9.19
2017-09-05,2162,2143,5890,5800,0.36948275862068963,0.40042685545963985,0.017766845664309177,-1.7416764587037576,-8.37
2017-09-04,2179,2159,6080,5870,0.36780238500851786,0.40141415990170165,0.018074603754088744,-1.8596133752354214,-9.14
2017-09-01,2195,2190,6000,6110,0.35842880523731585,0.4024765935610113,0.018406503460139462,-2.3930557163713315,-12.29
2017-08-31,2180,2175,5990,5930,0.36677908937605397,0.4037639438869307,0.018655496350426327,-1.982517849761287,-10.08
2017-08-30,2195,2180,5920,5960,0.36577181208053694,0.4049101573357729,0.018985891045610326,-2.0614436879055527,-10.7
2017-08-29,2179,2186,5660,5900,0.3705084745762712,0.4061007942747653,0.019291670413119848,-1.8449578982174901,-9.61
2017-08-28,2215,2197,5630,5700,0.3854385964912281,0.4073280119577058,0.019906234675712533,-1.0996261132792153,-5.68
2017-08-25,2191,2195,5660,5660,0.3878091872791519,,,,
2017-08-24,2161,2180,5670,5660,0.38515901060070673,,,,
2017-08-23,2176,2157,5750,5680,0.3797535211267606,,,,
2017-08-22,2124,2161,5580,5750,0.37582608695652175,,,,
2017-08-21,2169,2130,5530,5560,0.3830935251798561,,,,
2017-08-18,2173,2161,5510,5530,0.3907775768535262,,,,
2017-08-17,2178,2206,5620,5600,0.3939285714285714,,,,
2017-08-16,2152,2212,5600,5600,0.395,,,,
2017-08-15,2156,2151,5620,5600,0.38410714285714287,,,,
2017-08-14,2114,2131,5580,5550,0.383963963963964,,,,
2017-08-10,2157,2140,5590,5670,0.37742504409171074,,,,
2017-08-09,2185,2154,5580,5580,0.3860215053763441,,,,
2017-08-08,2199,2201,5680,5640,0.3902482269503546,,,,
2017-08-07,2199,2193,5670,5660,0.3874558303886926,,,,
2017-08-04,2200,2173,5620,5640,0.3852836879432624,,,,
2017-08-03,2226,2219,5590,5630,0.3941385435168739,,,,
2017-08-02,2287,2222,5570,5590,0.3974955277280859,,,,
2017-08-01,2316,2298,5690,5580,0.4118279569892473,,,,
2017-07-31,2338,2308,5640,5690,0.40562390158172235,,,,
2017-07-28,2334,2322,5630,5640,0.4117021276595745,,,,
2017-07-27,2300,2333,5660,5650,0.41292035398230087,,,,
2017-07-26,2291,2297,5730,5660,0.4058303886925795,,,,
2017-07-25,2258,2267,5760,5690,0.3984182776801406,,,,
2017-07-24,2267,2263,5720,5730,0.3949389179755672,,,,
2017-07-21,2275,2282,5790,5720,0.39895104895104894,,,,
2017-07-20,2260,2274,5650,5790,0.3927461139896373,,,,
2017-07-19,2273,2264,5660,5600,0.4042857142857143,,,,
2017-07-18,2322,2289,5750,5710,0.40087565674255693,,,,
2017-07-14,2287,2335,5690,5760,0.4053819444444444,,,,
2017-07-13,2301,2269,5650,5620,0.40373665480427046,,,,
2017-07-12,2308,2291,5660,5610,0.40837789661319074,,,,
2017-07-11,2277,2308,5640,5680,0.4063380281690141,,,,
2017-07-10,2257,2292,5630,5620,0.4078291814946619,,,,
2017-07-07,2208,2239,5580,5580,0.4012544802867383,,,,
2017-07-06,2256,2247,5560,5610,0.40053475935828875,,,,
2017-07-05,2180,2258,5430,5560,0.40611510791366906,,,,
2017-07-04,2148,2154,5510,5440,0.39595588235294116,,,,
2017-07-03,2118,2128,5420,5500,0.3869090909090909,,,,
2017-06-30,2109,2108,5420,5390,0.39109461966604825,,,,
2017-06-29,2111,2116,5340,5380,0.39330855018587363,,,,
2017-06-28,2088,2093,5300,5290,0.39565217391304347,,,,
2017-06-27,2086,2090,5200,5270,0.396584440227704,,,,
2017-06-26,2073,2071,5210,5210,0.3975047984644914,,,,
2017-06-23,2088,2082,5220,5170,0.40270793036750485,,,,
2017-06-22,2073,2079,5140,5160,0.4029069767441861,,,,
2017-06-21,2103,2077,5200,5140,0.4040856031128405,,,,
2017-06-20,2092,2114,5150,5210,0.40575815738963533,,,,
2017-06-19,2052,2074,5120,5090,0.4074656188605108,,,,
2017-06-16,2056,2064,5150,5140,0.40155642023346305,,,,
2017-06-15,2108,2049,5260,5190,0.3947976878612717,,,,
2017-06-14,2152,2108,5330,5260,0.4007604562737643,,,,
2017-06-13,2163,2154,5250,5330,0.4041275797373358,,,,
2017-06-12,2188,2169,5230,5250,0.41314285714285715,,,,
2017-06-09,2190,2176,5190,5230,0.4160611854684512,,,,
2017-06-08,2215,2196,5240,5230,0.4198852772466539,,,,
2017-06-07,2180,2203,5200,5240,0.4204198473282443,,,,
2017-06-06,2221,2204,5210,5150,0.4279611650485437,,,,
2017-06-05,2274,2230,5300,5220,0.4272030651340996,,,,
2017-06-02,2231,2287,5200,5320,0.42988721804511276,,,,
2017-06-01,2159,2208,5190,5180,0.42625482625482625,,,,
2017-05-31,2130,2137,5190,5230,0.408604206500956,,,,
2017-05-30,2160,2183,5100,5200,0.4198076923076923,,,,
2017-05-29,2159,2163,5100,5060,0.42747035573122527,,,,
2017-05-26,2222,2176,5070,5060,0.4300395256916996,,,,
2017-05-25,2222,2212,5060,5070,0.4362919132149901,,,,
2017-05-24,2216,2209,5040,5040,0.4382936507936508,,,,
2017-05-23,2197,2189,5050,4995,0.43823823823823826,,,,
2017-05-22,2212,2194,5000,5080,0.43188976377952754,,,,
2017-05-19,2202,2211,4960,4985,0.443530591775326,,,,
2017-05-18,2235,2224,4950,4970,0.44748490945674047,,,,
2017-05-17,2297,2284,5050,5020,0.4549800796812749,,,,
2017-05-16,2317,2309,5050,5100,0.4527450980392157,,,,
2017-05-15,2306,2289,4960,5030,0.4550695825049702,,,,
2017-05-12,2368,2322,4880,5020,0.46254980079681274,,,,
