DATE,OPEN_3436,CLOSE_3436,OPEN_4704,CLOSE_4704,saya_divide,saya_divide_mean,saya_divide_std,saya_divide_sigma,deviation_rate(%)
2020-05-15,1690,1649,5480,5570,0.2960502692998205,0.2956078462415986,0.017461386420322224,0.02533722395072754,0.15
2020-05-14,1697,1642,5600,5450,0.30128440366972475,0.2960139229722195,0.01781745790406449,0.2958043019314752,1.75
2020-05-13,1640,1693,5560,5620,0.30124555160142347,0.2963439240267381,0.018138329196535033,0.270235892268497,1.63
2020-05-12,1659,1693,5420,5460,0.3100732600732601,0.29667030361129154,0.018441293806091264,0.7267904629089239,4.32
2020-05-11,1638,1639,5400,5370,0.3052141527001862,0.29687389302036044,0.018670991326874067,0.4466961359368865,2.73
2020-05-08,1528,1549,5460,5420,0.28579335793357935,0.29713942548808714,0.01892756431666789,-0.5994467837848674,-3.97
2020-05-07,1487,1501,5270,5340,0.2810861423220974,0.29777794569527877,0.019337365389824446,-0.863189117891148,-5.94
2020-05-01,1507,1506,5310,5240,0.28740458015267173,0.29847613163185976,0.01966463938209506,-0.5630182819049732,-3.85
2020-04-30,1552,1550,5480,5470,0.283363802559415,0.29906735098643794,0.01998681052732758,-0.7856955668615445,-5.54
2020-04-28,1495,1494,5320,5340,0.2797752808988764,0.2997099707348183,0.020244723381963373,-0.9846857109296114,-7.13
2020-04-27,1450,1490,5200,5390,0.2764378478664193,0.3002038435547952,0.020204152757639027,-1.1762926153580067,-8.6
2020-04-24,1467,1424,5050,5100,0.2792156862745098,0.3007050985376538,0.020074240369474215,-1.0704969088554779,-7.7
2020-04-23,1466,1470,5010,5060,0.29051383399209485,0.30122507986351754,0.020015871280422984,-0.5351376276035054,-3.69
2020-04-22,1431,1446,4945,4940,0.29271255060728746,0.30169918112457533,0.020177011701158484,-0.44538956761232873,-3.07
2020-04-21,1485,1456,5100,4970,0.29295774647887324,0.3020968166000462,0.02028953988811873,-0.4504325958877312,-3.12
2020-04-20,1476,1519,4840,5030,0.30198807157057656,0.30248317157503146,0.02038748564171032,-0.024284505365487173,-0.16
2020-04-17,1540,1516,5050,4980,0.3044176706827309,0.3027256294713318,0.02048803652157203,0.08258679203434321,0.56
2020-04-16,1470,1494,4900,4930,0.30304259634888436,0.3029287961610793,0.020579155702210937,0.0055298764172730525,0.04
2020-04-15,1499,1489,4970,4925,0.30233502538071066,0.30313548413119357,0.02065695925185334,-0.03875007646205648,-0.26
2020-04-14,1460,1494,4745,4920,0.30365853658536585,0.3033585387898956,0.020737276185719848,0.014466595939770852,0.1
2020-04-13,1423,1416,4795,4725,0.29968253968253966,0.3034929467078878,0.02077142541820404,-0.18344465767903892,-1.27
2020-04-10,1474,1453,4965,4865,0.2986639260020555,0.3035524472150567,0.020766816187588917,-0.235400610707133,-1.64
2020-04-09,1463,1481,4845,4835,0.30630816959669077,0.30374527592766026,0.02078766209998014,0.12328917300579735,0.84
2020-04-08,1434,1454,4785,4800,0.30291666666666667,0.3038841555054515,0.020839050854387343,-0.04642672286493057,-0.32
2020-04-07,1448,1460,4815,4855,0.30072090628218334,0.30415207169153374,0.0209537414510348,-0.16374953453388882,-1.14
2020-04-06,1275,1371,4765,4885,0.28065506653019445,0.3043901447929565,0.02101475138410575,-1.1294484445204425,-8.46
2020-04-03,1340,1285,4935,4835,0.265770423991727,0.30474496305236937,0.02083489383743238,-1.8706377562922798,-14.66
2020-04-02,1307,1332,5030,4935,0.26990881458966565,0.3050940514630733,0.020393614750406065,-1.7253065385432491,-13.04
2020-04-01,1391,1329,5240,5030,0.26421471172962224,0.30553011047411927,0.019982110887530685,-2.067619330962617,-15.64
2020-03-31,1402,1393,5410,5340,0.2608614232209738,0.3059432110587192,0.019436516654346155,-2.3194376152614145,-17.28
2020-03-30,1350,1383,5300,5400,0.2561111111111111,0.3063261231748765,0.018817636914774095,-2.6685078626605128,-19.61
2020-03-27,1425,1400,5200,5400,0.25925925925925924,0.3065957528045061,0.018231959823287236,-2.596346964564124,-18.26
2020-03-26,1364,1371,5110,4970,0.27585513078470825,0.3068989626810494,0.017621062829283104,-1.761745712906247,-11.25
2020-03-25,1412,1419,4960,5280,0.26875,0.3069786720483644,0.017493514569524207,-2.1853054111243777,-14.22
2020-03-24,1207,1292,4745,4645,0.27814854682454254,0.30721034153511,0.01709625262769352,-1.6998926807791466,-10.45
2020-03-23,1064,1117,4110,4395,0.2541524459613197,0.3072746491689909,0.016995590260798735,-3.125646264266589,-20.9
2020-03-19,1211,1076,4140,3830,0.2809399477806789,0.3077008885740105,0.0160314958124558,-1.669272855533512,-9.53
2020-03-18,1231,1184,4485,4115,0.2877278250303767,0.3078957633443422,0.015792055934397607,-1.2770939007400894,-7.01
2020-03-17,1166,1238,4400,4440,0.2788288288288288,0.30792674511695034,0.01575469403304356,-1.8469362989273024,-10.44
2020-03-16,1297,1226,4675,4460,0.2748878923766816,0.3080271045437346,0.015592152280956045,-2.125377662423719,-12.06
2020-03-13,1247,1282,4405,4605,0.27839305103148754,0.30823605851950475,0.015247853718323866,-1.9571939788584052,-10.72
2020-03-12,1432,1372,4885,4810,0.28523908523908525,0.3084178542342323,0.014969704663877051,-1.548378509502531,-8.13
2020-03-11,1541,1477,5040,4945,0.298685540950455,0.3085112181551824,0.01484617732009616,-0.6618321331395587,-3.29
2020-03-10,1462,1534,4995,4995,0.3071071071071071,0.30859855230376626,0.014807334786298474,-0.10072340621617021,-0.49
2020-03-09,1542,1502,5170,5070,0.2962524654832347,0.30860725942358447,0.014806647200520946,-0.8344086120938365,-4.17
2020-03-06,1657,1622,5300,5310,0.3054613935969868,0.30879670645591206,0.014738097448549144,-0.22630552352967243,-1.09
2020-03-05,1704,1684,5460,5390,0.312430426716141,0.3088110492409322,0.014735367793102,0.24562518737422478,1.16
2020-03-04,1623,1664,5280,5360,0.31044776119402984,0.30874805394251037,0.014729858065636767,0.11539196399215194,0.55
2020-03-03,1753,1662,5470,5320,0.31240601503759396,0.30878163382285995,0.014736563832353623,0.24594479798450797,1.16
2020-03-02,1633,1693,5310,5370,0.3152700186219739,0.30876384770554555,0.014732983263677226,0.4416058037932279,2.06
2020-02-28,1631,1641,5540,5370,0.30558659217877093,0.30904576809804124,0.015053594067024808,-0.22979070007259597,-1.13
2020-02-27,1820,1698,5670,5640,0.30106382978723406,0.30977228459654904,0.01614445843174312,-0.5394082958021359,-2.89
2020-02-26,1857,1826,5700,5730,0.318673647469459,0.3103512374542879,0.01659408819150397,0.5015286118240646,2.61
2020-02-25,1853,1883,5700,5750,0.3274782608695652,0.3105581378409696,0.01679212189059521,1.0076226899038958,5.17
2020-02-21,1891,1967,5860,5890,0.33395585738539896,0.31060630648392085,0.01684568468369383,1.3860850027710567,6.99
2020-02-20,1908,1869,5940,5890,0.31731748726655346,0.31069812826334875,0.01699085044330593,0.38958373656997297,2.09
2020-02-19,1825,1868,5700,5850,0.3193162393162393,0.3110372767423068,0.01736923990794371,0.4766450701245817,2.59
2020-02-18,1864,1794,5950,5880,0.3051020408163265,0.31145248739663994,0.01792548782007506,-0.35426910799054767,-2.08
2020-02-17,1870,1896,5980,5950,0.31865546218487395,0.31178857391836295,0.01803921067255262,0.3806645640520868,2.15
2020-02-14,1850,1916,6030,6000,0.31933333333333336,0.3118640269880735,0.018079565026592814,0.41313529027238516,2.34
2020-02-13,1778,1793,6000,6030,0.297346600331675,0.31202291587696235,0.018196495029803132,-0.8065462893403241,-4.94
2020-02-12,1742,1770,6030,5980,0.2959866220735786,0.31256802460825883,0.01836030165920187,-0.903111661369131,-5.6
2020-02-10,1736,1725,6020,6020,0.2865448504983389,0.3131624886948968,0.01853475813474119,-1.4360930961740663,-9.29
2020-02-07,1768,1768,6060,6050,0.29223140495867767,0.3136401363022874,0.018302799027526018,-1.1696971218124947,-7.33
2020-02-06,1751,1767,5900,6000,0.2945,0.31398226119787914,0.01813850024561653,-1.0740833549668678,-6.62
2020-02-05,1757,1728,5850,5850,0.2953846153846154,0.31430872736329274,0.018004763941144714,-1.0510613768965726,-6.41
2020-02-04,1689,1717,5680,5770,0.2975736568457539,0.3144720469953146,0.01788753730757888,-0.9447018814826429,-5.68
2020-02-03,1660,1705,5650,5750,0.2965217391304348,0.3143047821145306,0.018102136430352047,-0.982372608477241,-6.0
2020-01-31,1737,1740,5730,5760,0.3020833333333333,0.3140485948235607,0.01848393045955607,-0.6473331803756815,-3.96
2020-01-30,1800,1721,5700,5670,0.3035273368606702,0.31382706306235403,0.018724014097054344,-0.5500810963021115,-3.39
2020-01-29,1815,1788,5810,5770,0.3098786828422877,0.3134697754939553,0.019167552223735257,-0.18735269948662314,-1.16
2020-01-28,1781,1777,5730,5770,0.3079722703639515,0.31309190587657093,0.01951089723705947,-0.26239877389621524,-1.66
2020-01-27,1825,1828,5750,5780,0.31626297577854673,0.31280402657781425,0.019742226254045318,0.17520563062251973,1.09
2020-01-24,1872,1885,5780,5790,0.32556131260794474,0.31238147261505267,0.02000112869538522,0.6589548116818529,4.05
2020-01-23,1885,1845,5780,5800,0.31810344827586207,0.31179193716489545,0.020253988119882823,0.31161818964289645,1.98
2020-01-22,1877,1897,5810,5810,0.3265060240963855,0.3113119067520863,0.020523556241223595,0.7403257586412006,4.65
2020-01-21,1903,1891,5860,5800,0.3260344827586207,0.31081993100596456,0.020595559140881618,0.7387297255967991,4.67
2020-01-20,1900,1912,5840,5870,0.32572402044293014,0.3102488462358496,0.02075894161632649,0.745470289049305,4.75
2020-01-17,1940,1900,5850,5840,0.3253424657534247,0.3096135516043028,0.021003271476952586,0.748879247996275,4.83
2020-01-16,1899,1889,5760,5810,0.3251290877796902,0.30910674611082783,0.021076087073938574,0.7602142472012566,4.93
2020-01-15,1898,1912,5670,5730,0.3336823734729494,0.30842695142965887,0.021368541852168767,1.1818973057690059,7.57
2020-01-14,1910,1904,5690,5710,0.33345008756567424,0.30761536895952524,0.021549063949667303,1.1988789242303892,7.75
2020-01-10,1879,1881,5670,5670,0.33174603174603173,0.30697631759893274,0.0214840253310324,1.1529363685547613,7.47
2020-01-09,1808,1870,5640,5640,0.33156028368794327,0.30648258707780496,0.021334085026334368,1.1754756100007526,7.56
2020-01-08,1760,1771,5550,5590,0.3168157423971377,0.3060036974867182,0.02116825680008162,0.5107669002946832,3.41
2020-01-07,1792,1768,5590,5630,0.314031971580817,0.3057448901163664,0.02115313771045799,0.3917660622212814,2.64
2020-01-06,1779,1782,5510,5600,0.3182142857142857,0.30546274765700504,0.021181824357044774,0.6020037671136531,4.01
2019-12-30,1823,1826,5660,5600,0.32607142857142857,0.3050907732545958,0.02119958014543949,0.9896731526235512,6.43
2019-12-27,1866,1832,5650,5680,0.32253521126760565,0.3044543083011096,0.02127655469904455,0.8498040788205247,5.61
2019-12-26,1853,1864,5810,5790,0.3219343696027634,0.3039746556818366,0.02126902926630677,0.8444068460321111,5.58
2019-12-25,1860,1857,5830,5800,0.32017241379310346,0.30341395284452954,0.021342356208633322,0.7852207499842427,5.23
2019-12-24,1832,1854,5750,5800,0.3196551724137931,0.3027066671173144,0.02165199430658517,0.7827687859369153,5.3
2019-12-23,1860,1838,5770,5770,0.3185441941074523,0.3020482726924796,0.02187622025944588,0.7540572008937427,5.18
2019-12-20,1807,1841,5810,5770,0.3190641247833622,0.301331200498081,0.022202741431430414,0.7986817456775103,5.56
2019-12-19,1783,1804,5770,5750,0.31373913043478263,0.3004867209055002,0.022710885707269805,0.5835267589339455,4.22
2019-12-18,1801,1761,5770,5790,0.30414507772020727,0.2996846745979767,0.02328366015100862,0.19156795337597904,1.47
2019-12-17,1864,1813,5840,5790,0.31312607944732296,0.2989521582177919,0.023985435823116272,0.5909386568607079,4.53
2019-12-16,1860,1837,5800,5800,0.3167241379310345,0.2981370375834611,0.024522671597678097,0.7579557665051992,5.87
2019-12-13,1888,1867,5830,5780,0.3230103806228374,0.29729182685549177,0.024956073328595865,1.0305529010397665,7.96
2019-12-12,1790,1835,5740,5760,0.3185763888888889,0.2964391425679747,0.025154506537821444,0.880050908080005,6.95
2019-12-11,1722,1776,5840,5780,0.30726643598615916,0.2956959891048439,0.025312347970677294,0.45710681975132705,3.77
2019-12-10,1727,1705,5750,5840,0.2919520547945205,0.29501495135980255,0.02567639491897108,-0.11928841938082961,-1.05
2019-12-09,1748,1737,5800,5740,0.3026132404181185,0.294538105363983,0.026058100307513724,0.3098896296675572,2.67
2019-12-06,1712,1721,5970,5830,0.29519725557461407,0.2938943382738936,0.026444202543271424,0.04927043266245073,0.44
2019-12-05,1696,1723,6000,5950,0.2895798319327731,0.2932851594110913,0.02692897596307562,-0.13759630085447203,-1.28
2019-12-04,1663,1658,6000,6000,0.2763333333333333,0.2927206829118302,0.02743960244127448,-0.5972152699212255,-5.93
2019-12-03,1672,1692,5910,6000,0.282,0.29245823508329094,0.027688092505626673,-0.3777159831853958,-3.71
2019-12-02,1697,1691,5980,6000,0.2818333333333333,0.29216267022973447,0.027915536447622246,-0.37002107825447006,-3.67
2019-11-29,1715,1691,5990,5910,0.2861252115059222,0.29182215618447116,0.02819382964503195,-0.20206352773905045,-1.99
2019-11-28,1722,1695,5980,5990,0.28297161936560933,0.2915664994909025,0.028330930441136642,-0.303374438871707,-3.04
2019-11-27,1730,1711,5900,5980,0.28612040133779265,0.29132586119638354,0.02847917197919908,-0.18278129232103052,-1.82
2019-11-26,1738,1729,5850,5850,0.29555555555555557,0.2914768862558678,0.028481200131438452,0.14320566833086465,1.38
2019-11-25,1665,1691,5790,5830,0.2900514579759863,0.291481311460293,0.028481859277758686,-0.050202252260380026,-0.49
2019-11-22,1640,1658,5760,5790,0.28635578583765114,0.2916684389740182,0.028517931452616087,-0.18629167214299036,-1.86
2019-11-21,1664,1662,5690,5720,0.29055944055944055,0.2919828494968876,0.028587530507638927,-0.04979125206588488,-0.49
2019-11-20,1663,1685,5770,5770,0.2920277296360485,0.2921660863369974,0.02862184241696991,-0.004833955093921011,-0.05
2019-11-19,1739,1695,5770,5800,0.29224137931034483,0.2923792749770118,0.02867950708274365,-0.004808160275180241,-0.05
2019-11-18,1765,1749,5690,5730,0.30523560209424083,0.2925896149547023,0.02873551968602865,0.4400820753447886,4.14
2019-11-15,1750,1745,5630,5670,0.30776014109347444,0.2926790315719851,0.02878512235404955,0.5239202854862172,4.9
2019-11-14,1723,1751,5640,5640,0.31046099290780144,0.2927593281363346,0.028835434959961003,0.6138858247169225,5.7
2019-11-13,1756,1735,5700,5660,0.30653710247349825,0.2926914735752499,0.02879966572394734,0.4807565834604643,4.52
2019-11-12,1755,1757,5620,5710,0.3077057793345009,0.2924956090785616,0.028754753802089653,0.5289619365419135,4.94
2019-11-11,1776,1762,5670,5630,0.31296625222024865,0.29227468669577694,0.028700645077240208,0.7209442668896754,6.61
2019-11-08,1841,1770,5510,5690,0.3110720562390158,0.29193582822910585,0.02860421399005022,0.6690003094147717,6.15
2019-11-07,1850,1820,5350,5410,0.3364140480591497,0.2915579236270846,0.028536043882377474,1.5719111106275718,13.33
2019-11-06,1890,1912,5400,5310,0.360075329566855,0.2907934629584019,0.028088608422891233,2.4665467781590347,19.24
2019-11-05,1930,1874,5420,5440,0.34448529411764706,0.2897637277413041,0.026921222277434768,2.0326553457496725,15.89
2019-11-01,1785,1818,5500,5440,0.3341911764705882,0.28882043600648455,0.026217561944794156,1.7305476596046576,13.58
2019-10-31,1887,1821,5490,5500,0.3310909090909091,0.2880808070970695,0.025704616318883752,1.673244271000554,12.99
2019-10-30,1862,1861,5530,5460,0.34084249084249085,0.2871785885591063,0.025364426879037772,2.1157151525365108,15.74
2019-10-29,1945,1892,5520,5520,0.3427536231884058,0.28609484538771374,0.024778041104095015,2.286652829522031,16.53
2019-10-28,1849,1917,5510,5470,0.3504570383912249,0.2850821465571761,0.023980953381816692,2.726117297889357,18.65
2019-10-25,1839,1820,5500,5510,0.33030852994555354,0.2839247809582784,0.022866645206587863,2.0284457369335502,14.04
2019-10-24,1780,1774,5320,5470,0.3243144424131627,0.2829304168962903,0.022445646094348876,1.8437440091016872,12.76
2019-10-23,1773,1749,5340,5280,0.33125,0.2820363104805495,0.02211246544514245,2.2256084307533195,14.86
2019-10-21,1775,1796,5270,5310,0.33822975517890774,0.281128275951997,0.021461608642261473,2.6606337007967067,16.88
2019-10-18,1744,1788,5320,5250,0.3405714285714286,0.2802669429873917,0.02042386016304537,2.9526487697536696,17.71
2019-10-17,1694,1715,5310,5320,0.3223684210526316,0.27928339608684166,0.019237839213429843,2.239597934455782,13.37
2019-10-16,1736,1688,5390,5310,0.3178907721280603,0.27849507518190997,0.018658834226686793,2.1113696851330945,12.39
2019-10-15,1666,1697,5330,5320,0.31898496240601504,0.27759192038532754,0.018367150698553623,2.253645255055653,12.98
2019-10-11,1508,1612,5260,5240,0.30763358778625954,0.27666261647381757,0.018009042709185415,1.7197455640796164,10.07
2019-10-10,1436,1485,5240,5210,0.28502879078694815,0.27591105482376643,0.0178765476062347,0.510038971954617,3.2
2019-10-09,1470,1442,5180,5200,0.2773076923076923,0.27546428825559965,0.018060852200891927,0.10206628300748848,0.66
2019-10-08,1455,1493,5230,5230,0.2854684512428298,0.27508006496715104,0.018322179518479188,0.5669841988613514,3.64
2019-10-07,1484,1439,5210,5200,0.2767307692307692,0.27460646711776043,0.018505681608843284,0.11479188704909167,0.77
2019-10-04,1476,1464,5150,5200,0.2815384615384615,0.27412000894896144,0.018918376206099086,0.39212945702541047,2.63
2019-10-03,1452,1472,5150,5140,0.2863813229571984,0.2736044506279431,0.019233431743913423,0.664305387586315,4.46
2019-10-02,1465,1494,5200,5250,0.2845714285714286,0.2730235539265372,0.01949490813051425,0.592353375947238,4.06
2019-10-01,1469,1463,5190,5200,0.28134615384615386,0.272494519307634,0.01971151786558407,0.44905900189323417,3.15
2019-09-30,1448,1450,5080,5140,0.2821011673151751,0.2721172209961894,0.019809056519835236,0.5040091792856742,3.54
2019-09-27,1447,1477,5150,5100,0.2896078431372549,0.2717512837045916,0.019874633862223285,0.8984597933451316,6.17
2019-09-26,1476,1450,5190,5120,0.283203125,0.2712184509970405,0.01992439069860875,0.6015076789171948,4.23
2019-09-25,1467,1446,5200,5200,0.27807692307692305,0.270729042156093,0.02007423943493712,0.36603533322621584,2.64
2019-09-24,1449,1497,5160,5210,0.2873320537428023,0.27028060910765994,0.020279690489010842,0.8408138499146321,5.93
2019-09-20,1445,1442,5320,5260,0.2741444866920152,0.269786267194508,0.02030987516971727,0.2145862276891517,1.59
2019-09-19,1484,1435,5250,5260,0.27281368821292773,0.2694489021087899,0.020444381431076478,0.16458243627871155,1.23
2019-09-18,1515,1479,5160,5180,0.28552123552123554,0.26906199453845697,0.02065058406673889,0.7970351312866177,5.76
2019-09-17,1485,1506,5050,5110,0.29471624266144814,0.2685453011417636,0.02071699285452598,1.2632596682084114,8.88
2019-09-13,1495,1493,5020,5050,0.29564356435643563,0.26788362031108726,0.020662985381848423,1.343462405472848,9.39
2019-09-12,1500,1490,5080,5010,0.29740518962075846,0.26717884032753897,0.020605498201715023,1.4669069875099507,10.16
2019-09-11,1474,1479,5050,5050,0.29287128712871285,0.2665400098073758,0.02040017782608873,1.2907376369858574,8.99
2019-09-10,1451,1469,5130,5060,0.2903162055335968,0.2659301412795394,0.02028727563366171,1.2020374097739763,8.4
2019-09-09,1443,1439,5050,5170,0.2783365570599613,0.26542002671467446,0.02014820656663946,0.6410759341068836,4.64
2019-09-06,1445,1450,5110,5060,0.2865612648221344,0.26502733103839154,0.020179624099132924,1.0671127310378452,7.51
2019-09-05,1379,1419,5070,5070,0.2798816568047337,0.26452261755381806,0.020107976953958644,0.7638281705854012,5.49
2019-09-04,1359,1357,5130,5080,0.2671259842519685,0.2641535287964216,0.020076697974492255,0.14805499685871712,1.11
2019-09-03,1357,1373,5050,5080,0.2702755905511811,0.2640001488725266,0.020097334431557697,0.3122524382537291,2.32
2019-09-02,1317,1345,5150,5080,0.26476377952755903,0.26382280046151013,0.020099862039115252,0.04681520023459408,0.36
2019-08-30,1307,1317,5090,5150,0.2557281553398058,0.26374716218902144,0.02010685134229309,-0.3988196218643305,-3.14
2019-08-29,1283,1273,5030,5020,0.2535856573705179,0.2638335774821651,0.020086118187934557,-0.5101991343356225,-4.04
2019-08-28,1260,1256,5030,5040,0.2492063492063492,0.2638138657798047,0.020096887931998816,-0.7268546564464344,-5.86
2019-08-27,1260,1265,5020,5020,0.25199203187250996,0.2639048628357823,0.02004592669085694,-0.5942768896139805,-4.73
2019-08-26,1247,1254,4865,4950,0.25333333333333335,0.26405496263002887,0.019998254076580787,-0.5361282667796092,-4.23
2019-08-23,1299,1294,4960,4995,0.25905905905905907,0.2640143277093939,0.0200230791783863,-0.2474778532406627,-1.91
2019-08-22,1324,1305,5050,4965,0.2628398791540785,0.26388105586076627,0.020088773928440506,-0.0518287831002819,-0.4
2019-08-21,1296,1304,5000,5090,0.256188605108055,0.2638318537751876,0.020095781562942828,-0.3803409508205903,-2.98
2019-08-20,1290,1304,5060,5090,0.256188605108055,0.2639172047478476,0.020076722679784807,-0.3849532497440162,-3.02
2019-08-19,1307,1292,5110,5080,0.2543307086614173,0.2640292333108196,0.020056716462529916,-0.48355495614255406,-3.81
2019-08-16,1256,1270,5010,5090,0.24950884086444008,0.26401609146763455,0.020063388762459528,-0.7230708019942715,-5.81
2019-08-15,1225,1256,4855,5080,0.247244094488189,0.26420755509795785,0.019992425133262333,-0.8484943920858284,-6.86
2019-08-14,1279,1264,4845,4925,0.2566497461928934,0.26453665524484316,0.019913473304441362,-0.39605893614705245,-3.07
2019-08-13,1222,1242,4815,4780,0.2598326359832636,0.264823527130467,0.019952724614249736,-0.25013582073091856,-1.92
2019-08-09,1254,1252,4820,4885,0.2562947799385875,0.26501898107829336,0.019974664126328878,-0.436763346033256,-3.4
2019-08-08,1240,1252,4560,4690,0.2669509594882729,0.2652345675873247,0.019966594727116236,0.08596317621538094,0.64
2019-08-07,1245,1216,4510,4590,0.26492374727668844,0.2652140506125468,0.01996561105203202,-0.014540167846695708,-0.11
2019-08-06,1293,1340,4480,4505,0.2974472807991121,0.26513059078122825,0.019979728031951336,1.6174739699260865,10.86
2019-08-05,1384,1367,4625,4620,0.29588744588744587,0.2645161753068212,0.019682816240001254,1.5938405458904323,10.6
2019-08-02,1412,1414,4650,4650,0.30408602150537634,0.26394057457904657,0.019385974347994425,2.0708501004739546,13.2
2019-08-01,1410,1466,4755,4730,0.3099365750528541,0.2633894095424589,0.018816014519348504,2.473805781906194,15.02
2019-07-31,1444,1450,4745,4765,0.304302203567681,0.2628011642993299,0.018024608386752947,2.3024655170234913,13.64
2019-07-30,1460,1460,4765,4740,0.3080168776371308,0.2622733567343934,0.017369293699900097,2.6335855500561043,14.85
2019-07-29,1483,1460,4790,4740,0.3080168776371308,0.26176324920077776,0.016561390396739397,2.7928590129400885,15.02
2019-07-26,1496,1502,4830,4815,0.31194184839044653,0.26111614878194506,0.015665402952295036,3.244455298295109,16.29
2019-07-25,1508,1514,4835,4825,0.3137823834196891,0.2603918683746573,0.014512057361094571,3.6790452047251874,17.02
2019-07-24,1450,1478,4840,4840,0.3053719008264463,0.25955265154899915,0.013156916542017736,3.482521845534206,15.0
2019-07-23,1426,1414,4775,4845,0.2918472652218782,0.2586300676394023,0.012310408921946465,2.698301721176601,11.38
2019-07-22,1391,1396,4775,4795,0.2911366006256517,0.25778391610063683,0.012178446604343272,2.7386649224310857,11.46
2019-07-19,1351,1386,4725,4820,0.287551867219917,0.2570317595280949,0.011832430166781288,2.5793608972656443,10.61
2019-07-18,1323,1326,4765,4690,0.28272921108742005,0.25637233780643254,0.011486213399151292,2.2946529343547635,9.32
2019-07-17,1325,1334,4755,4780,0.2790794979079498,0.25580621165217765,0.01121638892427813,2.0749357402716813,8.34
2019-07-16,1337,1352,4890,4780,0.2828451882845188,0.2553458777526789,0.010957260396475892,2.509688511252714,9.72
2019-07-12,1366,1329,4875,4855,0.2737384140061792,0.25491312997633014,0.010493762510929865,1.7939498831083165,6.88
2019-07-11,1303,1349,4900,4840,0.27871900826446283,0.25451945143917,0.010332742016750806,2.342026616561413,8.68
2019-07-10,1300,1300,5000,4935,0.2634245187436677,0.25400269768294836,0.010075499129378461,0.9351220162628837,3.58
2019-07-09,1322,1303,5010,5020,0.2595617529880478,0.25363269978669883,0.010231034139442863,0.5795165103096631,2.28
2019-07-08,1307,1322,4980,4955,0.26680121089808273,0.2532355468255099,0.010565823801745167,1.2839192028104955,5.08
2019-07-05,1285,1313,5050,4980,0.2636546184738956,0.2527483727854653,0.010769494241466854,1.0126980379855621,4.14
2019-07-04,1300,1294,5040,5060,0.2557312252964427,0.25231275523797164,0.010978275736531465,0.31138496978133995,1.34
2019-07-03,1305,1294,4995,5030,0.25725646123260437,0.25204127717229063,0.011140928329362228,0.4681103680174456,2.03
2019-07-02,1319,1321,4860,5020,0.26314741035856576,0.2516917362517667,0.011380495544774454,1.0066059128733729,4.35
2019-07-01,1350,1323,4845,4835,0.2736297828335057,0.2512809234282942,0.011514867529164996,1.9408698665969029,8.17
2019-06-28,1287,1282,4820,4805,0.2668054110301769,0.25084676819002305,0.011275404316557994,1.4153499415287931,5.98
2019-06-27,1244,1282,4845,4870,0.2632443531827515,0.25062269604295406,0.011121977520911885,1.1348392959854334,4.79
2019-06-26,1210,1217,4850,4865,0.2501541623843782,0.25054473805993505,0.011053515151133161,-0.03533497445984833,-0.16
2019-06-25,1238,1224,4945,4910,0.24928716904276985,0.2507394625256985,0.011172913300332748,-0.129983420070521,-0.58
2019-06-24,1221,1240,4905,4935,0.2512664640324215,0.25082944741894203,0.01118802133818153,0.03906111726727164,0.17
2019-06-21,1248,1240,5000,4930,0.2515212981744422,0.2509109218875808,0.01121312853066895,0.054434075663357964,0.24
2019-06-20,1215,1235,4905,4970,0.24849094567404426,0.25115754833239684,0.011425250192248484,-0.23339555926414235,-1.07
2019-06-19,1210,1216,4905,4865,0.2499486125385406,0.25158611101825756,0.011909744386988207,-0.13749232783753088,-0.66
2019-06-18,1183,1170,4940,4870,0.2402464065708419,0.25200922609095244,0.012397752287318358,-0.9487864612477147,-4.9
2019-06-17,1192,1201,4975,4945,0.2428715874620829,0.25257297908388643,0.01280469065222626,-0.7576435765058345,-3.99
2019-06-14,1210,1208,4960,4975,0.24281407035175878,0.25316304946001383,0.013352027587699678,-0.7750867080134607,-4.26
2019-06-13,1220,1211,4955,4945,0.2448938321536906,0.25387239759219915,0.014171433091848377,-0.6335679236049291,-3.67
2019-06-12,1245,1245,4960,4920,0.2530487804878049,0.2545371027194558,0.014885864233253505,-0.09998225217761604,-0.59
2019-06-11,1220,1258,4925,4940,0.25465587044534416,0.2551935372305689,0.01585944657306745,-0.033901989123493965,-0.21
2019-06-10,1241,1232,4965,4935,0.24964539007092199,0.2559393020952193,0.017084388396341053,-0.3684013661059876,-2.52
2019-06-07,1209,1214,4910,4925,0.24649746192893401,0.25649164927522605,0.017535676374144115,-0.5699345228010823,-4.05
2019-06-06,1211,1199,4850,4905,0.24444444444444444,0.2571080897355589,0.017980495467198227,-0.7042990174668265,-5.18
2019-06-05,1234,1220,4820,4875,0.25025641025641027,0.2575816867672955,0.01810803839710477,-0.40453175270803643,-2.93
2019-06-04,1168,1182,4765,4750,0.2488421052631579,0.2578173983986593,0.01812620166642012,-0.49515575853537386,-3.61
2019-06-03,1179,1169,4825,4795,0.24379562043795622,0.25820687829308564,0.018242620259437105,-0.789977407312106,-5.91
2019-05-31,1206,1203,4950,4875,0.24676923076923077,0.2585110645411275,0.01818991333832656,-0.6455134531705773,-4.76
2019-05-30,1205,1223,4915,4990,0.24509018036072144,0.2587006491303032,0.018140577091419068,-0.7502776069907862,-5.55
2019-05-29,1208,1203,4915,4955,0.24278506559031282,0.25888524283087727,0.01807144878956442,-0.8909179019372091,-6.63
2019-05-28,1208,1230,4880,4930,0.24949290060851928,0.2590677977421774,0.017976792660957613,-0.5326254418260665,-3.84
2019-05-27,1217,1206,4880,4880,0.24713114754098361,0.2592152741769704,0.017942975759391785,-0.673473943120145,-4.89
2019-05-24,1200,1225,4860,4860,0.25205761316872427,0.2594091585279919,0.017889837268052995,-0.41093416609192673,-2.92
2019-05-23,1230,1227,4990,4930,0.24888438133874238,0.25940455473597057,0.017891772854354854,-0.5879894341866507,-4.23
2019-05-22,1296,1251,4965,5030,0.24870775347912524,0.2592034379588268,0.018092546849593088,-0.5801109466209611,-4.22
2019-05-21,1248,1261,4930,5000,0.2522,0.25894921705440416,0.018370062279611753,-0.3674030578489046,-2.68
2019-05-20,1295,1273,5090,4980,0.2556224899598394,0.25835174954916307,0.019285737034790012,-0.14151699695999728,-1.07
2019-05-17,1330,1308,5100,5090,0.25697445972495087,0.25759323871256773,0.020461062091862315,-0.030241782407911356,-0.24
2019-05-16,1351,1311,5160,5060,0.2590909090909091,0.2568590164514762,0.02143492003400873,0.10412414116272786,0.86
2019-05-15,1339,1353,5200,5160,0.2622093023255814,0.2561645559226208,0.02218207059120301,0.2725059582741492,2.31
2019-05-14,1235,1316,5110,5220,0.25210727969348656,0.25526021556295986,0.023272962196788472,-0.13547634558992153,-1.25
2019-05-13,1324,1316,5130,5140,0.25603112840466924,0.25454646449194124,0.02416257841958639,0.06144476334216552,0.58
2019-05-10,1314,1361,5150,5170,0.2632495164410058,0.25380573198622824,0.024944606270167948,0.37859023920821244,3.59
2019-05-09,1369,1314,5240,5250,0.2502857142857143,0.25309143735841266,0.02542632764091672,-0.11034716111277278,-1.12
2019-05-08,1346,1330,5330,5340,0.24906367041198502,0.2526235209898619,0.02579391030213893,-0.1380112800338649,-1.43
2019-05-07,1412,1402,5520,5410,0.25914972273567466,0.2520637923146269,0.02631529645704023,0.2692704006818074,2.73
2019-04-26,1450,1460,5570,5560,0.26258992805755393,0.2513426674711795,0.02684691236695075,0.41894056316956957,4.28
2019-04-25,1453,1487,5700,5620,0.26459074733096083,0.25056903776157036,0.027343070244537575,0.5128066981502065,5.3
2019-04-24,1466,1439,5580,5680,0.25334507042253523,0.24973863087746562,0.027845729223446674,0.12951499729563273,1.42
2019-04-23,1488,1446,5520,5480,0.26386861313868615,0.24897520907682047,0.02851326563942651,0.5223324557139443,5.64
2019-04-22,1524,1482,5480,5450,0.27192660550458714,0.24819732941085068,0.02888966816010297,0.8213758622020766,8.73
2019-04-19,1500,1516,5420,5450,0.2781651376146789,0.24733825121820577,0.029128258691550432,1.0583154565780983,11.08
2019-04-18,1504,1485,5540,5410,0.2744916820702403,0.24629838038567442,0.02940003425400799,0.9589547223307188,10.27
2019-04-17,1505,1504,5580,5520,0.27246376811594203,0.24546684512854575,0.02947273198755817,0.9159966235499634,9.91
2019-04-16,1444,1481,5510,5580,0.2654121863799283,0.24472884947312962,0.029480466219691928,0.7015946339743752,7.79
2019-04-15,1415,1433,5530,5540,0.25866425992779785,0.24412602477326145,0.029513597876118625,0.492594471726547,5.62
2019-04-12,1400,1380,5580,5490,0.25136612021857924,0.24353431083136703,0.02966069428585012,0.26404673173643245,3.12
2019-04-11,1415,1395,5550,5520,0.25271739130434784,0.24311057572526792,0.02977257743168711,0.32267329226442215,3.8
2019-04-10,1428,1453,5490,5530,0.26274864376130197,0.24265389522357822,0.02988419482226946,0.672420610869171,7.65
2019-04-09,1445,1462,5450,5500,0.26581818181818184,0.24207968050252807,0.029906306487385972,0.7937623900720177,8.93
2019-04-08,1482,1448,5450,5470,0.26471663619744057,0.24139918870674212,0.029939047566081907,0.7788306371213657,8.81
2019-04-05,1391,1454,5430,5390,0.26975881261595547,0.2407308290994895,0.02997054932514564,0.968550265847518,10.76
2019-04-04,1422,1409,5370,5430,0.2594843462246777,0.24009065868789056,0.029856233152816873,0.6495691347773851,7.47
2019-04-03,1359,1386,5310,5380,0.25762081784386615,0.23973768436678428,0.029781259798268164,0.6004827733352572,6.94
2019-04-02,1303,1342,5450,5350,0.2508411214953271,0.2393924239028422,0.02972197691202627,0.38519300470395246,4.56
2019-04-01,1260,1273,5420,5390,0.23617810760667904,0.23921296499583827,0.02969292806367058,-0.10220808748303928,-1.28
2019-03-29,1245,1231,5310,5390,0.22838589981447124,0.2393941561192221,0.029715309775792377,-0.370457396803541,-4.82
2019-03-28,1222,1237,5150,5270,0.23472485768500947,0.23978967126307865,0.029763530635104563,-0.17016844003363932,-2.16
2019-03-27,1266,1250,5200,5250,0.23809523809523808,0.2401894182586511,0.029893870520887603,-0.07005383133474635,-0.88
2019-03-26,1245,1247,5060,5190,0.24026974951830443,0.24057856316392504,0.03005361398696015,-0.01027542463793518,-0.13
2019-03-25,1224,1235,5000,5050,0.24455445544554455,0.24091963214941856,0.03019300144198363,0.12038628564670423,1.49
2019-03-22,1330,1287,5320,5140,0.25038910505836576,0.24114813684604205,0.030284358170461448,0.30513997226915296,3.69
2019-03-20,1284,1287,5370,5270,0.24421252371916508,0.24124623516357374,0.0303260205001838,0.0978133136714511,1.21
2019-03-19,1260,1279,5400,5330,0.2399624765478424,0.24138954324626832,0.03036506971694062,-0.04699698409155224,-0.59
2019-03-18,1257,1275,5390,5410,0.2356746765249538,0.24147469964361984,0.030369903366421168,-0.1909793076615087,-2.46
2019-03-15,1224,1227,5360,5340,0.22977528089887642,0.2417507874245795,0.03041001495737734,-0.39380140202127334,-5.21
2019-03-14,1253,1225,5390,5320,0.23026315789473684,0.24198593038907773,0.03038467905563582,-0.38581195716683164,-5.09
2019-03-13,1264,1245,5390,5390,0.23098330241187384,0.24219684167984382,0.030357463259107983,-0.3693832772606795,-4.85
2019-03-12,1297,1271,5410,5400,0.23537037037037037,0.24232341352070136,0.03033022338854756,-0.22924470622120116,-2.95
2019-03-11,1263,1243,5410,5380,0.23104089219330856,0.24262505832119677,0.03037204276157005,-0.3814088574425995,-5.01
2019-03-08,1281,1243,5350,5350,0.23233644859813085,0.24308355455668068,0.03045315385042153,-0.3529061722584464,-4.63
2019-03-07,1338,1309,5500,5430,0.2410681399631676,0.2433414685753723,0.030442952785498356,-0.07467503655846529,-0.94
2019-03-06,1420,1395,5580,5580,0.25,0.2435344029962482,0.030473771029160723,0.21216924540007817,2.59
2019-03-05,1450,1444,5540,5610,0.257397504456328,0.24353846803689863,0.030474653556424893,0.4547725667748396,5.38
2019-03-04,1450,1480,5620,5590,0.26475849731663686,0.2434586000762463,0.03044606315071847,0.6995944643137848,8.05
2019-03-01,1425,1421,5490,5550,0.25603603603603603,0.24316942070814965,0.030345213923147134,0.4240080613856477,5.03
2019-02-28,1452,1413,5540,5490,0.2573770491803279,0.2430382816663723,0.030310559018337516,0.4730617968900144,5.57
2019-02-27,1506,1477,5410,5470,0.270018281535649,0.24284353546846593,0.030264693574038284,0.8979025675810627,10.06
2019-02-26,1515,1507,5350,5370,0.28063314711359405,0.2424602542393121,0.03009969219157051,1.268215390088685,13.6
2019-02-25,1547,1507,5400,5350,0.2816822429906542,0.2417985194713132,0.029797229469238965,1.3385044257391372,14.16
2019-02-22,1501,1520,5390,5380,0.2825278810408922,0.24116341062816582,0.029445929311002924,1.4047602293628385,14.64
2019-02-21,1515,1539,5280,5360,0.2871268656716418,0.24043757071615995,0.029086099955497404,1.6052098778082267,16.26
2019-02-20,1574,1560,5240,5270,0.29601518026565465,0.23950320157824298,0.028694189635223386,1.9694572108787043,19.09
2019-02-19,1592,1571,5300,5330,0.29474671669793623,0.238358701921066,0.02812350829438738,2.0050135348200353,19.13
2019-02-18,1636,1590,5080,5260,0.30228136882129275,0.23722790447865819,0.027532324353859845,2.362803209294406,21.52
2019-02-15,1602,1584,5400,5100,0.31058823529411766,0.23593515881153404,0.02671145590632754,2.794796238152614,24.04
2019-02-14,1649,1630,5690,5600,0.2910714285714286,0.23487669655590365,0.025266030215224552,2.2241219351373878,19.31
2019-02-13,1606,1651,5590,5640,0.2927304964539007,0.2342091168396514,0.0244197132347588,2.396481033649097,19.99
2019-02-12,1521,1565,5480,5590,0.27996422182468694,0.23342703120792038,0.0234530940686669,1.9842665739758314,16.62
2019-02-08,1520,1479,5550,5520,0.26793478260869563,0.23278117393940742,0.022821099776243244,1.5403994116831785,13.12
2019-02-07,1596,1571,5810,5650,0.2780530973451327,0.23240754058064822,0.02246917917636449,2.031474154271707,16.42
2019-02-06,1530,1557,5890,5840,0.2666095890410959,0.23176722709336403,0.021834586837987904,1.595741756244866,13.07
2019-02-05,1514,1532,5870,5870,0.26098807495741055,0.23133539553577903,0.02145825081620868,1.3818777530195103,11.36
2019-02-04,1503,1507,5820,5820,0.2589347079037801,0.2309544450332114,0.021180256017222933,1.3210540442861636,10.81
2019-02-01,1490,1485,5740,5790,0.25647668393782386,0.2305141773831122,0.020935841766318054,1.2400985278977696,10.12
2019-01-31,1530,1506,5800,5780,0.2605536332179931,0.230059604543011,0.020736365842107727,1.4705579997561686,11.7
2019-01-30,1511,1502,5850,5740,0.26167247386759585,0.2294894776687319,0.020476309289952893,1.571718601391471,12.3
2019-01-29,1450,1470,5860,5840,0.2517123287671233,0.22910843876214965,0.020136966076096816,1.122507229716454,8.98
2019-01-28,1469,1501,6440,6420,0.2338006230529595,0.2289455516895124,0.02000242541512445,0.24272413283321398,2.08
2019-01-25,1378,1472,6340,6410,0.2296411856474259,0.22896459469975397,0.020007717708841837,0.033816498089280715,0.29
2019-01-24,1257,1319,6300,6360,0.20738993710691825,0.2289333428550856,0.020008467023816316,-1.0767144590599558,-10.39
2019-01-23,1242,1256,6230,6320,0.19873417721518988,0.22916636116246575,0.019857410558639335,-1.532535365445007,-15.31
2019-01-22,1320,1270,6280,6290,0.20190779014308427,0.22952250008550626,0.019545494843216025,-1.412842712038405,-13.68
2019-01-21,1276,1300,6450,6280,0.2070063694267516,0.22986069924723482,0.019282423264722837,-1.1852415802061131,-11.04
2019-01-18,1200,1246,6360,6410,0.19438377535101403,0.2301965047325037,0.019099928332313547,-1.8750190450139619,-18.42
2019-01-17,1279,1255,6290,6320,0.1985759493670886,0.23075810101453678,0.018652655558252882,-1.7253388691461229,-16.21
2019-01-16,1294,1263,6300,6300,0.20047619047619047,0.23127542406719812,0.018287387291031652,-1.6841789972978778,-15.36
2019-01-15,1253,1300,6020,6200,0.20967741935483872,0.2316964980286976,0.017933529104207903,-1.227816262259967,-10.5
2019-01-11,1260,1289,6020,5990,0.21519198664440733,0.23203563056464058,0.017753520750687275,-0.9487494991426526,-7.83
2019-01-10,1273,1257,6070,6070,0.2070840197693575,0.23229453646375536,0.017647267467745413,-1.428579055679645,-12.17
2019-01-09,1256,1255,6120,6120,0.20506535947712418,0.23270931513116488,0.01741388926739642,-1.5874659146821257,-13.48
2019-01-08,1226,1254,6160,6130,0.20456769983686787,0.23302727129193684,0.01712149293412572,-1.6622131939408595,-13.91
2019-01-07,1222,1226,5990,6060,0.2023102310231023,0.2333351629536864,0.01681176936479612,-1.845429309513986,-15.34
2019-01-04,1151,1153,5770,5880,0.19608843537414966,0.23388244845146697,0.016457253213541145,-2.296495811720277,-19.27
2018-12-28,1210,1227,5830,5970,0.20552763819095476,0.23449410952177463,0.015883717951387773,-1.8236581271130567,-14.09
2018-12-27,1249,1218,5920,5870,0.20749574105621807,0.2350400719478137,0.015579500436918584,-1.7679855014044041,-13.27
2018-12-26,1220,1145,5610,5720,0.20017482517482518,0.23569878212396314,0.01544480187224664,-2.300059090623385,-17.75
2018-12-25,1210,1207,5800,5690,0.21212653778558876,0.23660724924369783,0.0153320036764906,-1.5967065997803458,-11.54
2018-12-21,1305,1294,5950,5960,0.21711409395973155,0.2374432046946283,0.015679718127038698,-1.2965227161730957,-9.36
2018-12-20,1320,1319,6230,5990,0.22020033388981636,0.238246535399807,0.0161538459581019,-1.1171458212983416,-8.2
2018-12-19,1379,1350,6330,6300,0.21428571428571427,0.23908957856699042,0.016825953088405524,-1.4741431971760381,-11.58
2018-12-18,1346,1379,6310,6280,0.2195859872611465,0.2401320980349802,0.01765849203041424,-1.16352578342737,-9.36
2018-12-17,1409,1396,6400,6390,0.2184663536776213,0.2411540433256045,0.018630938773890014,-1.2177426979567154,-10.38
2018-12-14,1420,1384,6570,6300,0.21968253968253967,0.24211051499799127,0.019271990844794397,-1.1637601686340397,-10.21
2018-12-13,1412,1424,6650,6630,0.2147812971342383,0.24298500275973112,0.019717342260455312,-1.4304009766091843,-13.13
2018-12-12,1391,1412,6380,6580,0.21458966565349544,0.24392523078241488,0.020028876239920616,-1.4646635576313147,-13.67
2018-12-11,1452,1397,6210,6300,0.22174603174603175,0.2450781552605397,0.020781623619624726,-1.1227286155098442,-10.52
2018-12-10,1439,1447,6260,6210,0.23301127214170692,0.2461890261665026,0.021710745138144104,-0.606969219202126,-5.66
2018-12-07,1535,1490,6380,6430,0.2317262830482115,0.24704112034996503,0.022419363330756947,-0.6831075921207465,-6.61
2018-12-06,1590,1505,6410,6340,0.23738170347003154,0.24784871443936846,0.022938066957920798,-0.4563161747037506,-4.41
2018-12-05,1606,1611,6380,6450,0.24976744186046512,0.248629162124821,0.0235561096626055,0.04832205962477328,0.46
2018-12-04,1736,1667,6610,6460,0.2580495356037152,0.2492825193102712,0.024248020624311688,0.3615559566397739,3.4
2018-12-03,1790,1755,6600,6630,0.2647058823529412,0.24987861228119054,0.02499425140292139,0.5932272118387026,5.6
2018-11-30,1732,1740,6580,6510,0.2672811059907834,0.2504924840985742,0.02589985997354375,0.6482128439828818,6.28
2018-11-29,1750,1736,6550,6530,0.2658499234303216,0.25125597179105486,0.02719511270085367,0.5366387629939343,5.49
2018-11-28,1652,1701,6460,6500,0.26169230769230767,0.25211389707705617,0.028619605937378268,0.3346800314515071,3.66
2018-11-27,1643,1647,6440,6390,0.2577464788732394,0.25318513828422656,0.030405964741854266,0.15001466415351425,1.77
2018-11-26,1580,1619,6350,6350,0.25496062992125984,0.25449876732213556,0.03262211647372881,0.014157959355464619,0.18
2018-11-22,1579,1552,6240,6300,0.24634920634920635,0.25585317696829823,0.03465834779351443,-0.2742188022266415,-3.86
2018-11-21,1509,1587,6180,6190,0.2563812600969305,0.25736402190613705,0.03662511842323589,-0.026833000178998607,-0.38
2018-11-20,1510,1529,6220,6180,0.24741100323624596,0.2587639257155317,0.038518408917119655,-0.2947401722566969,-4.59
2018-11-19,1533,1570,6340,6380,0.24608150470219436,0.26024525418302,0.040154871797911385,-0.35272804635283067,-5.76
2018-11-16,1618,1515,6420,6300,0.24047619047619048,0.2618368209290507,0.04189005719838939,-0.5099212529526338,-8.88
2018-11-15,1630,1646,6170,6380,0.2579937304075235,0.26345191835901915,0.043345240013224144,-0.1259235835314427,-2.12
2018-11-14,1630,1643,6250,6190,0.2654281098546042,0.2648974981367916,0.0449184506155436,0.011812778725475188,0.2
2018-11-13,1541,1573,6220,6250,0.25168,0.2662229924407089,0.046358246865031566,-0.31370885277542276,-5.78
2018-11-12,1613,1638,6500,6410,0.25553822152886113,0.267798737726644,0.04782253617375797,-0.25637528200586424,-4.8
2018-11-09,1674,1642,6800,6560,0.2503048780487805,0.26924358396903436,0.049051471065822284,-0.386098632900122,-7.57
2018-11-08,1741,1697,6800,6750,0.2514074074074074,0.2705587535708814,0.04984202296367993,-0.38424094819404964,-7.62
2018-11-07,1619,1631,6630,6710,0.24307004470938898,0.2716690364696247,0.05032814629383299,-0.5682504496244506,-11.77
2018-11-06,1610,1620,6670,6580,0.24620060790273557,0.2730514005734491,0.05094372118616525,-0.5270677533074558,-10.91
2018-11-05,1591,1612,6680,6640,0.2427710843373494,0.27461371060384426,0.05188433614845749,-0.6137233051490346,-13.12
2018-11-02,1570,1631,6580,6760,0.24127218934911243,0.27609672259146295,0.052538446510401474,-0.6628390360848606,-14.43
2018-11-01,1516,1520,6520,6580,0.23100303951367782,0.2775879037188061,0.05311286994395566,-0.8770918282948053,-20.17
2018-10-31,1481,1526,6280,6520,0.23404907975460124,0.27935994652529045,0.053742406431653234,-0.8431119813794195,-19.36
2018-10-30,1325,1421,6140,6230,0.22808988764044943,0.28110735890292965,0.054367711111363355,-0.9751646736402532,-23.24
2018-10-29,1341,1324,6100,6100,0.21704918032786885,0.2829839093188059,0.054931364121803064,-1.2003111527457333,-30.38
2018-10-26,1351,1301,6330,6190,0.2101777059773829,0.2850551422916414,0.05533337908400699,-1.353205561521551,-35.63
2018-10-25,1304,1331,6560,6340,0.20993690851735017,0.28710703890934625,0.05537203287061571,-1.3936661955741192,-36.76
2018-10-24,1500,1388,6860,6760,0.20532544378698225,0.28905641814081084,0.05519420440580922,-1.5170247538710036,-40.78
2018-10-23,1613,1556,6790,6730,0.2312035661218425,0.29094998549257217,0.054723248465471046,-1.091792264642844,-25.84
2018-10-22,1545,1634,6670,6780,0.24100294985250736,0.2924582046109476,0.05461448692410572,-0.9421539532165588,-21.35
2018-10-19,1538,1580,6620,6750,0.23407407407407407,0.29410289646237653,0.054896784429783345,-1.093485219796131,-25.65
2018-10-18,1627,1579,6870,6820,0.23152492668621702,0.2958225354963322,0.055009370570596065,-1.1688482915396947,-27.77
2018-10-17,1617,1641,6950,6840,0.23991228070175438,0.29745494575654974,0.05489356227265716,-1.0482588972633997,-23.98
2018-10-16,1581,1555,6600,6760,0.23002958579881658,0.299048850389928,0.05493512086661049,-1.256377768944917,-30.0
2018-10-15,1590,1581,6920,6750,0.23422222222222222,0.30062085506335356,0.05462361206423439,-1.2155664982947332,-28.35
2018-10-12,1486,1606,6570,6910,0.23241678726483359,0.30226869188568317,0.05445959850138382,-1.2826371575081414,-30.05
2018-10-11,1428,1482,6600,6560,0.22591463414634147,0.303860355134747,0.05413831776561598,-1.4397514404836198,-34.5
2018-10-10,1511,1530,6810,6880,0.22238372093023256,0.30556237026107896,0.05366558640749232,-1.5499439193537579,-37.4
2018-10-09,1536,1481,6820,6800,0.21779411764705883,0.3074321449477413,0.05317567812936875,-1.685695988354038,-41.16
2018-10-05,1673,1627,7020,6980,0.2330945558739255,0.30929311366124546,0.052443328962987174,-1.4529695062092352,-32.69
2018-10-04,1727,1710,7230,7140,0.23949579831932774,0.31091033244842353,0.05193633239954052,-1.3750399928071855,-29.82
2018-10-03,1687,1696,7270,7210,0.23522884882108183,0.3123085028448665,0.05140373918286151,-1.4994950804956957,-32.77
2018-10-02,1696,1682,7460,7400,0.2272972972972973,0.31401292190334684,0.05093687877650782,-1.7024133925937162,-38.15
2018-10-01,1676,1682,7460,7480,0.2248663101604278,0.3159536901286705,0.05036569048738575,-1.8085204250511726,-40.51
2018-09-28,1657,1648,7300,7310,0.22544459644322845,0.3179678183388771,0.04969885487800056,-1.8616771376880257,-41.04
2018-09-27,1690,1625,7250,7150,0.22727272727272727,0.3201167621811725,0.049132990682673745,-1.88964753861779,-40.85
2018-09-26,1683,1695,7220,7300,0.2321917808219178,0.3224697924842028,0.04885530408409915,-1.8478651060462368,-38.88
2018-09-25,1663,1691,7010,7150,0.2365034965034965,0.3248240846501871,0.048702343727214895,-1.8134771632630278,-37.34
2018-09-21,1662,1664,7080,7010,0.23737517831669044,0.3273678655800879,0.049004312196618376,-1.8364238416881107,-37.91
2018-09-20,1674,1636,7120,7050,0.23205673758865247,0.3298674067269482,0.04913117141204332,-1.9908067796307378,-42.15
2018-09-19,1694,1674,7200,7120,0.2351123595505618,0.3324436931510444,0.049000530965886156,-1.986332222976196,-41.4
2018-09-18,1605,1654,6940,7050,0.23460992907801417,0.33507655482921406,0.049005073654742826,-2.050127022745052,-42.82
2018-09-14,1574,1634,6810,6860,0.2381924198250729,0.33766612059568746,0.04875859245330917,-2.040126586219029,-41.76
2018-09-13,1525,1536,6970,6710,0.22891207153502235,0.34020543202067355,0.04847030548995708,-2.2961142778171864,-48.62
2018-09-12,1691,1605,7170,7050,0.2276595744680851,0.343086825884149,0.048191185568846606,-2.3951942674488245,-50.7
2018-09-11,1716,1740,7070,7150,0.24335664335664337,0.34603169276009366,0.04779435548094227,-2.148267266505799,-42.19
2018-09-10,1715,1701,7010,7030,0.24196301564722617,0.348768745969057,0.04771387983408866,-2.2384624912754347,-44.14
2018-09-07,1706,1713,7040,6950,0.2464748201438849,0.3514355242023987,0.04725702265247006,-2.2210604512772383,-42.58
2018-09-06,1870,1806,7040,7030,0.25689900426742535,0.3539712048521917,0.046655423992380395,-2.0806198353404706,-37.79
2018-09-05,1947,1905,7070,7100,0.26830985915492955,0.3564291119715135,0.04633137630409302,-1.901934711332961,-32.84
2018-09-04,1923,1943,7020,7070,0.2748231966053748,0.35879565140887726,0.046302901804366185,-1.8135462688341528,-30.56
2018-09-03,1973,1936,6960,6980,0.27736389684813756,0.36110525970035695,0.046376818064739506,-1.8056728845717924,-30.19
2018-08-31,1973,1984,6880,7000,0.2834285714285714,0.3637279820265525,0.047122927832180125,-1.704041202277436,-28.33
2018-08-30,2054,2021,6950,6910,0.29247467438494934,0.36634674861515515,0.04803630861476494,-1.5378382802607717,-25.26
2018-08-29,2022,2044,6950,6900,0.296231884057971,0.3688520079902462,0.049008137569053714,-1.4817972592806976,-24.51
2018-08-28,2060,2014,7000,6940,0.2902017291066282,0.37108822017235527,0.04946773959574673,-1.635136186264749,-27.87
2018-08-27,1975,2014,6920,7060,0.28526912181303116,0.37317357679111257,0.049310319472863934,-1.7826786749263772,-30.81
2018-08-24,1995,1960,6700,6870,0.2852983988355167,0.37529015438933383,0.04889690235692451,-1.8404387847908932,-31.54
2018-08-23,1969,1990,6520,6610,0.3010590015128593,0.3773261757381936,0.04828265864767261,-1.5795976518581925,-25.33
2018-08-22,1932,1989,6500,6520,0.30506134969325155,0.37894991580032666,0.04773512696192164,-1.5478866572621897,-24.22
2018-08-21,1888,1927,6470,6490,0.2969183359013868,0.38034684486022824,0.047080915186233696,-1.7720239427978597,-28.1
2018-08-20,1930,1897,6610,6490,0.29229583975346685,0.38185955394191456,0.0461902567333909,-1.9390174578463033,-30.64
2018-08-17,1941,1956,6510,6610,0.29591527987897126,0.3833526068673391,0.045067220981057345,-1.9401535103555525,-29.55
2018-08-16,1897,1942,6460,6500,0.2987692307692308,0.3846779660762035,0.04392344902574273,-1.9558740766605829,-28.75
2018-08-15,2032,1977,6600,6530,0.3027565084226646,0.3861862462513129,0.04287731057404421,-1.9457782382263624,-27.56
2018-08-14,2146,2082,6650,6700,0.3107462686567164,0.3877536271726025,0.041937166593138876,-1.8362556360325224,-24.78
2018-08-13,2109,2129,6680,6560,0.32454268292682925,0.3889682544968109,0.040997915848741406,-1.571435284848984,-19.85
2018-08-10,2287,2209,6810,6690,0.33019431988041853,0.390042148667956,0.04034596653319549,-1.4833658462066193,-18.13
2018-08-09,2437,2319,6730,6780,0.3420353982300885,0.39098525582998317,0.039758402462700654,-1.2311827077513233,-14.31
2018-08-08,2404,2387,6600,6700,0.3562686567164179,0.39183355041831186,0.039381892313837256,-0.9030773183389631,-9.98
2018-08-07,2356,2371,6550,6650,0.35654135338345866,0.39273507361894966,0.03933130242736762,-0.9202268422798677,-10.15
2018-08-06,2367,2345,6570,6520,0.35966257668711654,0.39381035557383687,0.03942937429175849,-0.866049220919488,-9.49
2018-08-03,2370,2367,6620,6550,0.3613740458015267,0.39482103133515456,0.03951252129118584,-0.8464907943267329,-9.26
2018-08-02,2391,2359,6560,6580,0.35851063829787233,0.39577837210012895,0.0395603350912699,-0.9420479810465708,-10.4
2018-08-01,2405,2401,6530,6570,0.3654490106544901,0.39689139264931966,0.03967030244934293,-0.7925924445617722,-8.6
2018-07-31,2391,2383,6530,6590,0.361608497723824,0.3976166227718101,0.039585956062640884,-0.9096186786800551,-9.96
2018-07-30,2383,2400,6530,6550,0.366412213740458,0.3984490222893386,0.03947626386021202,-0.8115461144531047,-8.74
2018-07-27,2415,2397,6490,6570,0.36484018264840185,0.39915213370106917,0.03936886556188047,-0.8715504133268807,-9.4
2018-07-26,2410,2393,6600,6470,0.36986089644513137,0.39974632311528696,0.03918237483708432,-0.7627262715548933,-8.08
2018-07-25,2300,2369,6590,6510,0.3639016897081413,0.40029444174032164,0.03904777967989821,-0.9320056692215799,-10.0
2018-07-24,2265,2310,6700,6620,0.34894259818731116,0.40115154872255704,0.038944921751578085,-1.3405842966709858,-14.96
2018-07-23,2252,2239,6620,6690,0.33467862481315397,0.4022810735191103,0.0386416286595104,-1.7494720344640067,-20.2
2018-07-20,2350,2292,6590,6610,0.34674735249621785,0.40370154595504143,0.038084557751597255,-1.4954668459143374,-16.43
2018-07-19,2380,2391,6700,6580,0.36337386018237083,0.4050793111859797,0.0378677179727594,-1.101345769861552,-11.48
2018-07-18,2380,2347,6720,6630,0.35399698340874813,0.40609259410008347,0.037754789764315136,-1.3798411013951608,-14.72
2018-07-17,2335,2327,6460,6590,0.35311077389984824,0.40725486014517914,0.03747385816734922,-1.4448495269298525,-15.33
2018-07-13,2280,2329,6290,6400,0.36390625,0.4086969669105434,0.03744359307103672,-1.196218451193185,-12.31
2018-07-12,2257,2260,6180,6190,0.3651050080775444,0.4102823491419484,0.03802625636688549,-1.1880565004486183,-12.37
2018-07-11,2284,2272,6200,6160,0.36883116883116884,0.4119503184036172,0.038744861965477634,-1.1128998113573942,-11.69
2018-07-10,2327,2320,6320,6230,0.3723916532905297,0.41366055583399114,0.03962473791263716,-1.0414933881568949,-11.08
2018-07-09,2254,2290,6260,6290,0.3640699523052464,0.41526553743427597,0.04035182369496454,-1.2687303928575153,-14.06
2018-07-06,2187,2233,6230,6270,0.356140350877193,0.4170233826965017,0.0409504984030281,-1.4867470285735689,-17.1
2018-07-05,2140,2157,6270,6210,0.3473429951690821,0.419006657931277,0.041551388299483724,-1.7246995995819783,-20.63
2018-07-04,2220,2152,6170,6250,0.34432,0.4209993496196209,0.041650346835582025,-1.841025476265985,-22.27
2018-07-03,2230,2259,6180,6200,0.36435483870967744,0.42308583564112623,0.04167641994236931,-1.409214059476864,-16.12
2018-07-02,2237,2240,6280,6170,0.36304700162074555,0.4250589114758744,0.04234674306361553,-1.4643843981571676,-17.08
2018-06-29,2243,2237,6270,6320,0.35395569620253164,0.4271924747930893,0.0431913048612218,-1.6956370923702149,-20.69
2018-06-28,2152,2243,6290,6240,0.3594551282051282,0.4292395657877045,0.04330989667198072,-1.6112815532927198,-19.41
2018-06-27,2200,2185,6260,6280,0.3479299363057325,0.4311067860022401,0.043279823972579824,-1.9218389092618489,-23.91
2018-06-26,2110,2222,6110,6210,0.3578099838969404,0.4329014417599829,0.04257856204748063,-1.7635977884670169,-20.99
2018-06-25,2238,2160,6270,6140,0.3517915309446254,0.4344402464944643,0.04191727382687788,-1.971710180656918,-23.49
2018-06-22,2259,2231,6350,6310,0.3535657686212361,0.4360506960930176,0.04102166755292438,-2.0107648565325387,-23.33
2018-06-21,2330,2328,6300,6420,0.36261682242990656,0.43744474795299654,0.03995761303222599,-1.8726825714724484,-20.64
2018-06-20,2214,2280,6350,6380,0.3573667711598746,0.43896346059086805,0.03924291941960659,-2.0792716402803113,-22.83
2018-06-19,2209,2222,6440,6270,0.3543859649122807,0.4403450183961681,0.03815481075786115,-2.2529021053046887,-24.26
2018-06-18,2340,2228,6440,6470,0.3443585780525502,0.44194224061839027,0.03701325379275333,-2.636451880513827,-28.34
2018-06-15,2374,2349,6400,6470,0.36306027820710973,0.4436841262443563,0.03541962799824046,-2.2762477358952427,-22.21
2018-06-14,2421,2390,6350,6410,0.37285491419656785,0.44498891640466004,0.0342072940342199,-2.1087316095781095,-19.35
2018-06-13,2503,2436,6400,6480,0.37592592592592594,0.44613412920987194,0.03319598340802954,-2.114960789713006,-18.68
2018-06-12,2583,2513,6500,6500,0.38661538461538464,0.4471426511859941,0.03218115767405099,-1.8808293717604552,-15.66
2018-06-11,2597,2584,6390,6400,0.40375,0.44795098285432583,0.03140264802329639,-1.4075559112573837,-10.95
2018-06-08,2676,2612,6410,6390,0.40876369327073553,0.44885051141783106,0.031088316627885686,-1.2894496227286343,-9.81
2018-06-07,2697,2709,6330,6340,0.4272870662460568,0.44961165781692275,0.030794983364359582,-0.724942478673433,-5.22
2018-06-06,2695,2668,6260,6280,0.4248407643312102,0.45016104198615714,0.03075932940530187,-0.8231739164828011,-5.96
2018-06-05,2710,2675,6190,6290,0.42527821939586646,0.451502603467846,0.031802251186448624,-0.8246077901288351,-6.17
2018-06-04,2650,2669,6160,6170,0.4325769854132901,0.452727901509489,0.032530264357299485,-0.6194513476702572,-4.66
2018-06-01,2653,2633,6180,6140,0.4288273615635179,0.4538409304854098,0.033242061777733686,-0.7524674338535331,-5.83
2018-05-31,2725,2649,6080,6180,0.4286407766990291,0.4548887583134856,0.0336728768845554,-0.7794992303284759,-6.12
2018-05-30,2673,2679,5940,6020,0.44501661129568104,0.4559368329816531,0.03406066684880348,-0.32061091858381163,-2.45
2018-05-29,2803,2736,6140,6100,0.4485245901639344,0.4569719706137329,0.034882845285803384,-0.24216431832286325,-1.88
2018-05-28,2791,2795,6000,6230,0.44863563402889245,0.45748736924060696,0.03503944068850797,-0.2526220464077683,-1.97
2018-05-25,2737,2780,6340,6290,0.4419713831478537,0.4580428224853286,0.03522442403215779,-0.45625839964913667,-3.64
2018-05-24,2776,2764,6340,6330,0.436650868878357,0.4586403946788088,0.03532672083335543,-0.6224615611559762,-5.04
2018-05-23,2812,2771,6330,6280,0.4412420382165605,0.45945847168734094,0.035517931432811026,-0.5128799098348484,-4.13
2018-05-22,2888,2813,6300,6310,0.4458003169572108,0.46031447353606353,0.03584075264305759,-0.40496238244216,-3.26
2018-05-21,2913,2863,6200,6390,0.44804381846635366,0.46105053631164244,0.036101041973570266,-0.36028649407989555,-2.9
2018-05-18,2913,2925,6110,6170,0.4740680713128039,0.4618752986000779,0.03649887067330607,0.3340589034072031,2.57
2018-05-17,2887,2927,6040,6100,0.4798360655737705,0.46221007467285385,0.03672362739375841,0.479963232170044,3.67
2018-05-16,2818,2863,6020,5960,0.4803691275167785,0.4626766207068291,0.03716421270778579,0.4760630058024318,3.68
2018-05-15,2827,2844,6260,6130,0.4639477977161501,0.4631656384005447,0.037632151659117326,0.020784336826934584,0.17
2018-05-14,2830,2827,6380,6330,0.4466034755134281,0.46401907138520265,0.03835898357883793,-0.4540160934134467,-3.9
2018-05-11,2858,2855,6480,6430,0.4440124416796267,0.46530026423495247,0.03934785669057416,-0.5410160640446083,-4.79
2018-05-10,2760,2847,6400,6500,0.438,0.466530813417398,0.04009884033672091,-0.7115121828416224,-6.51
2018-05-09,2668,2740,6410,6480,0.4228395061728395,0.4676293669791162,0.04042940041136361,-1.1078536993016477,-10.59
2018-05-08,2656,2668,6470,6510,0.4098310291858679,0.4687122861175909,0.040302725073424424,-1.4609745823502458,-14.37
2018-05-07,2678,2651,6610,6460,0.4103715170278638,0.46980666419662287,0.039800251566419094,-1.4933359672255604,-14.48
2018-05-02,2645,2648,6600,6550,0.40427480916030534,0.4706341892687301,0.03919651654145651,-1.692991774874668,-16.41
2018-05-01,2718,2617,6570,6620,0.39531722054380664,0.47146959687655043,0.038433548905456784,-1.9814037085170584,-19.26
2018-04-27,2766,2702,6500,6560,0.411890243902439,0.4722848544487869,0.037445344194473346,-1.612873692192197,-14.66
2018-04-26,2668,2711,6470,6450,0.4203100775193798,0.47299500473210787,0.036792587510314424,-1.4319440620466928,-12.53
2018-04-25,2592,2616,6490,6510,0.40184331797235023,0.47362515895241253,0.03628608849829742,-1.9782193107816064,-17.86
2018-04-24,2600,2629,6500,6490,0.40508474576271186,0.47430563188449837,0.03540133092608439,-1.955318749634444,-17.09
2018-04-23,2636,2594,6580,6470,0.4009273570324575,0.47492964020142786,0.03457860619137042,-2.14011758482731,-18.46
2018-04-20,2639,2653,6480,6540,0.4056574923547401,0.4756100245281104,0.03360411148195634,-2.081665876240507,-17.24
2018-04-19,2769,2751,6440,6490,0.42388289676425267,0.47627741863109047,0.032692892122492594,-1.6026273133171522,-12.36
2018-04-18,2726,2798,6310,6400,0.4371875,0.47667564667423373,0.032230894992314504,-1.2251644480753552,-9.03
2018-04-17,2720,2726,6270,6260,0.4354632587859425,0.47675970103870535,0.0321358850809759,-1.2850569433113235,-9.48
2018-04-16,2750,2729,6300,6300,0.43317460317460316,0.47713911264265846,0.0318124338172701,-1.3819913848964354,-10.15
2018-04-13,2745,2758,6370,6240,0.44198717948717947,0.47747646319027337,0.03147681117418156,-1.1274739206175852,-8.03
2018-04-12,2651,2645,6270,6300,0.41984126984126985,0.4778553672560933,0.031217296927501963,-1.8583959254881515,-13.82
2018-04-11,2727,2646,6250,6240,0.42403846153846153,0.4782071498112656,0.030706033675871568,-1.7641056752754487,-12.77
2018-04-10,2610,2649,6350,6320,0.4191455696202532,0.4785001339232682,0.030289792192938838,-1.9595566692878055,-14.16
2018-04-09,2561,2612,6300,6380,0.40940438871473356,0.47893486473523145,0.029662270989616782,-2.3440712292338266,-16.98
2018-04-06,2618,2585,6240,6290,0.4109697933227345,0.4793930658244348,0.028838665194379425,-2.3726227285663635,-16.65
2018-04-05,2719,2689,6240,6280,0.42818471337579617,0.4796385967852599,0.028328954622696318,-1.816300110426256,-12.02
2018-04-04,2790,2680,6240,6180,0.4336569579288026,0.47950410940037186,0.028595592210238892,-1.603294351608263,-10.57
2018-04-03,2735,2762,6200,6260,0.4412140575079872,0.47963971210123885,0.028401313659138526,-1.3529534251274904,-8.71
2018-04-02,2790,2822,6330,6270,0.4500797448165869,0.4795822791343636,0.028483196952593295,-1.0357873228514316,-6.55
2018-03-30,2772,2790,6300,6350,0.4393700787401575,0.47962346213495444,0.028442714529199373,-1.4152440813436675,-9.16
2018-03-29,2775,2722,6110,6170,0.44116693679092384,0.4797651944184191,0.028267722173375073,-1.3654534097498081,-8.75
2018-03-28,2845,2763,5910,5990,0.4612687813021703,0.4797334868705904,0.02831229814667813,-0.6521796808143097,-4.0
2018-03-27,2980,2921,5960,6050,0.4828099173553719,0.4793067091220383,0.02882403825870861,0.12153773187124917,0.73
2018-03-26,2850,2902,5810,5920,0.4902027027027027,0.47867623364598016,0.029254448514706294,0.39400739518053696,2.35
2018-03-23,2929,2913,6020,5860,0.497098976109215,0.4779325815431731,0.029658097668197585,0.646244906887405,3.86
2018-03-22,3015,3065,6160,6220,0.4927652733118971,0.4772321542501683,0.02981707072529763,0.5209471850818028,3.15
2018-03-20,3020,3030,5950,6110,0.4959083469721768,0.4765552416783816,0.03003225209840062,0.644410723191347,3.9
2018-03-19,3040,3100,6140,6140,0.504885993485342,0.47596011552342343,0.03008504692044244,0.9614702625663445,5.73
2018-03-16,3120,3100,6270,6240,0.4967948717948718,0.47545479800344786,0.029912741955212523,0.7134108208259815,4.3
2018-03-15,3115,3105,6150,6200,0.5008064516129033,0.4753055330461829,0.029833709171115424,0.8547686249958488,5.09
2018-03-14,3085,3115,6010,6080,0.5123355263157895,0.47501484256640897,0.029689687183824177,1.2570251588812273,7.28
2018-03-13,3085,3175,6030,6070,0.5230642504118617,0.47466019455573255,0.029399208802704344,1.6464407658370919,9.25
2018-03-12,3060,3050,6130,6010,0.5074875207986689,0.4740031566538009,0.028855720250136753,1.1604064585672336,6.6
2018-03-09,2943,2977,6030,5960,0.499496644295302,0.4736896478294767,0.028616963497518536,0.9018076452473057,5.17
2018-03-08,2841,2900,5980,6010,0.4825291181364393,0.47319127630682356,0.02848837209267203,0.32777730504361335,1.94
2018-03-07,2786,2792,5940,5900,0.4732203389830508,0.4731667200344533,0.028481105352388274,0.0018826147347197385,0.01
2018-03-06,2764,2826,5940,5980,0.4725752508361204,0.47335173917059326,0.028525889594043355,-0.027220477451297458,-0.16
2018-03-05,2791,2680,5860,5850,0.4581196581196581,0.47322341342174,0.028550731319252245,-0.529014655813639,-3.3
2018-03-02,2721,2821,5900,5920,0.4765202702702703,0.47336597639598615,0.028501610081329558,0.11067072580402716,0.66
2018-03-01,2850,2812,6050,6100,0.460983606557377,0.47251290869806317,0.029339593344081382,-0.39296052966637085,-2.5
2018-02-28,2899,2883,6100,6080,0.4741776315789474,0.47198209578978456,0.02989819318657147,0.07343372810063065,0.46
2018-02-27,2850,2907,6160,6120,0.475,0.4712683994554528,0.03047065614648896,0.12246538199267389,0.79
2018-02-26,2815,2807,6160,6090,0.46091954022988507,0.4704588756459289,0.03115948616531471,-0.3061454661169154,-2.07
2018-02-23,2725,2780,6040,6060,0.45874587458745875,0.4697756473675949,0.031913820370730754,-0.3456111694559749,-2.4
2018-02-22,2722,2741,6160,6070,0.4515650741350906,0.46910365849936625,0.032660860499957464,-0.5369908843736213,-3.88
2018-02-21,2833,2755,6070,6160,0.4472402597402597,0.4685197054447827,0.03335340035138422,-0.637999288838323,-4.76
2018-02-20,2839,2832,6100,6010,0.47121464226289517,0.46815650198157926,0.03372934466707178,0.09066705302167956,0.65
2018-02-19,2864,2851,6120,6120,0.4658496732026144,0.46711298434703574,0.03481188008441725,-0.03628965575423907,-0.27
2018-02-16,2864,2825,5950,6030,0.4684908789386401,0.46608883918213073,0.03594539259214705,0.06682469110197306,0.51
2018-02-15,2775,2869,5330,5460,0.5254578754578755,0.46499799958211696,0.037079450708823555,1.6305493938013293,11.51
2018-02-14,2685,2710,5190,5240,0.517175572519084,0.4629757565682212,0.03785468379716144,1.4317862550717428,10.48
2018-02-13,2726,2668,5340,5170,0.51605415860735,0.4609375457920969,0.03898017729485523,1.4139651648666995,10.68
2018-02-09,2660,2669,5270,5260,0.5074144486692015,0.4588296033774476,0.04019828479755745,1.2086298093670411,9.57
2018-02-08,2854,2800,5450,5520,0.5072463768115942,0.4566266845993082,0.04196374803566751,1.2062719509530297,9.98
2018-02-07,3060,2838,5550,5430,0.5226519337016574,0.45420072151247565,0.044168598689060055,1.549770973515992,13.1
2018-02-06,2679,2660,5500,5460,0.48717948717948717,0.4515836272366361,0.04581940702546049,0.7768729945167452,7.31
2018-02-05,2761,2829,5840,5770,0.4902946273830156,0.4493257509410239,0.048124093347265105,0.8513173670900954,8.36
2018-02-02,2940,2911,6010,5980,0.48678929765886286,0.44702862646385305,0.05018155962751475,0.7923362982367108,8.17
2018-02-01,3040,2998,5920,6020,0.4980066445182724,0.4445842385965676,0.05259239767785438,1.015781905379833,10.73
2018-01-31,2954,2972,5950,5880,0.5054421768707483,0.44201746042681656,0.054582518040993205,1.1619968942491403,12.55
2018-01-30,3100,2991,6020,5970,0.5010050251256282,0.43944662817234603,0.056055524881426545,1.0981682373592208,12.29
2018-01-29,3165,3090,6090,6060,0.5099009900990099,0.43699895553686813,0.057308060172840736,1.2721078735219744,14.3
2018-01-26,3105,3030,6070,6070,0.49917627677100496,0.4344517584684068,0.05824903276745109,1.111168979594894,12.97
2018-01-25,3100,3125,6120,6070,0.514827018121911,0.43201671534752173,0.05930020254851632,1.3964590206355236,16.09
2018-01-24,3280,3185,6200,6160,0.5170454545454546,0.42939909294694006,0.05991682481225665,1.4628005050859352,16.95
2018-01-23,3340,3305,6130,6260,0.5279552715654952,0.4268041288393178,0.06027811904686272,1.6780739732030832,19.16
2018-01-22,3300,3305,6020,6090,0.5426929392446633,0.4240246530162784,0.06035597134858313,1.966139945673672,21.87
2018-01-19,3245,3250,6150,6060,0.5363036303630363,0.42105976954322794,0.059913834069038496,1.9234933402361343,21.49
2018-01-18,3195,3190,6240,6130,0.5203915171288744,0.41813447413598936,0.059570688912973346,1.716566399664642,19.65
2018-01-17,3005,3105,6160,6160,0.5040584415584416,0.41540964249291096,0.05950486432526283,1.4897739885761698,17.59
2018-01-16,2961,3040,6260,6180,0.4919093851132686,0.413016771650673,0.05950033705455883,1.3259187656408566,16.04
2018-01-15,2951,2948,6320,6240,0.4724358974358974,0.41064811221980063,0.05984756602199893,1.0324193500765708,13.08
2018-01-12,2979,2951,6470,6320,0.46693037974683543,0.4085501790418674,0.060400130938410984,0.9665575189646086,12.5
2018-01-11,3000,2967,6610,6500,0.4564615384615385,0.40653315764954007,0.06094035905656022,0.8192990915209192,10.94
2018-01-10,3080,3070,6690,6600,0.46515151515151515,0.4045064215098627,0.061768202567977236,0.9818173610428635,13.04
2018-01-09,3075,3100,6700,6630,0.4675716440422323,0.40230921478558024,0.06249849854351305,1.0442239538157012,13.96
2018-01-05,3005,2989,6690,6600,0.4528787878787879,0.4002002394815585,0.06292792784343101,0.8371251080807434,11.63
2018-01-04,2995,2996,6440,6630,0.45188536953242836,0.39819419395163236,0.0636110458257027,0.8440542815144461,11.88
2017-12-29,2912,2888,6380,6390,0.4519561815336463,0.3962332532220642,0.06418992192962356,0.868094657798081,12.33
2017-12-28,2900,2912,6400,6390,0.4557120500782473,0.3941623109885315,0.06486076991880847,0.9489517186854646,13.51
2017-12-27,2857,2904,6460,6400,0.45375,0.3921517671187218,0.06525758029156425,0.9439245618066672,13.58
2017-12-26,2958,2896,6430,6530,0.4434915773353752,0.39028267164133484,0.06547370581682879,0.8126759441858872,12.0
2017-12-25,2941,2983,6400,6430,0.4639191290824261,0.38847078394352985,0.06585534428037766,1.1456677656664676,16.26
2017-12-22,2968,2948,6420,6430,0.45847589424572316,0.3865593139855712,0.06571808706649093,1.094319440360302,15.69
2017-12-21,2901,3020,6480,6420,0.470404984423676,0.3847320163480092,0.06559823325226674,1.306025541056876,18.21
2017-12-20,2968,2896,6510,6490,0.44622496147919877,0.3826656790556935,0.06530720629209326,0.9732353599575182,14.24
2017-12-19,3020,2908,6570,6520,0.4460122699386503,0.38094914977231664,0.06530595256504858,0.9962816192218763,14.59
2017-12-18,2893,2968,6500,6570,0.4517503805175038,0.3793157325210762,0.06519012836666323,1.111129089806626,16.03
2017-12-15,2769,2849,6470,6420,0.44376947040498443,0.3777332971686251,0.06485221709937973,1.0182562168254838,14.88
2017-12-14,2704,2791,6480,6500,0.42938461538461536,0.37627568848186044,0.064579581691129,0.8223795433789602,12.37
2017-12-13,2812,2726,6520,6520,0.4180981595092024,0.3749707937397672,0.06448195696287227,0.6688284258225489,10.32
2017-12-12,2885,2876,6530,6480,0.44382716049382714,0.3738485325653588,0.06445403965673427,1.0857136077297342,15.77
2017-12-11,2936,2853,6450,6530,0.43690658499234303,0.3723129187785373,0.06413971510991223,1.0070775353946553,14.78
2017-12-08,2850,2932,6350,6470,0.45316846986089643,0.37089592979286856,0.06387039614226868,1.2881169530367271,18.15
2017-12-07,2755,2808,6130,6240,0.45,0.3692463053989394,0.0633195326318371,1.2753362389863507,17.95
2017-12-06,2661,2681,6240,6110,0.4387888707037643,0.36761827658427015,0.06278980719905373,1.1334736845722746,16.22
2017-12-05,2703,2670,6300,6220,0.4292604501607717,0.3660876559409775,0.06243441914486583,1.0118264105767547,14.72
2017-12-04,2788,2783,6400,6390,0.43552425665101724,0.36458222838494914,0.06225399313212348,1.1395578772835624,16.29
2017-12-01,2850,2776,6380,6390,0.4344287949921753,0.362869765659453,0.06204510954233879,1.1533387540220446,16.47
2017-11-30,2682,2823,6310,6350,0.44456692913385826,0.36121933356399333,0.06176535851257583,1.3494230030720993,18.75
2017-11-29,2814,2789,6340,6310,0.44199683042789223,0.35929177450887523,0.06138884667814351,1.3472326064803362,18.71
2017-11-28,2830,2834,6270,6280,0.4512738853503185,0.35738380453742075,0.06101130081056003,1.5388965579413927,20.81
2017-11-27,2950,2914,6260,6240,0.4669871794871795,0.355804810929967,0.06008638358146532,1.8503754416584424,23.81
2017-11-24,3010,3035,6360,6250,0.4856,0.35394107796623403,0.058762096991298536,2.2405415867521192,27.11
2017-11-22,3135,3080,6410,6430,0.47900466562986005,0.3517787236118797,0.05682961381442774,2.2387261408009183,26.56
2017-11-21,2978,3065,6210,6310,0.4857369255150555,0.34971760376830624,0.05495013275310781,2.4753228960862956,28.0
2017-11-20,2980,2928,6250,6180,0.47378640776699027,0.3476449346061222,0.05266471146818429,2.395180181269433,26.62
2017-11-17,2979,3020,6280,6240,0.483974358974359,0.34569317875180616,0.05062676253029587,2.731385008863704,28.57
2017-11-16,2859,2879,6100,6230,0.4621187800963082,0.3435783515500224,0.048053637160490464,2.4668357183948877,25.65
2017-11-15,2951,2937,6170,6110,0.4806873977086743,0.341764386863024,0.04607157871359461,3.0153733543464933,28.9
2017-11-14,2859,3020,6070,6200,0.4870967741935484,0.3398107375744766,0.04315339908646248,3.413080770855811,30.24
2017-11-13,2950,2824,6070,6100,0.46295081967213114,0.33758698373759355,0.03966227525010937,3.160782762562062,27.08
2017-11-10,2644,2841,6120,6060,0.4688118811881188,0.3357711136537022,0.03690275907599531,3.6051712897791863,28.38
2017-11-09,2589,2566,6170,6220,0.412540192926045,0.3337297126549636,0.033571059720713455,2.347572013714392,19.1
2017-11-08,2571,2586,6090,6140,0.42117263843648206,0.33250926934187564,0.032324453013618804,2.7429193947149284,21.05
2017-11-07,2507,2587,6000,6150,0.42065040650406504,0.3311181473356893,0.030682135634934025,2.9180582549291727,21.28
2017-11-06,2568,2523,6160,6090,0.4142857142857143,0.32967264541213853,0.028934003377310308,2.924347100198665,20.42
2017-11-02,2538,2540,6210,6200,0.4096774193548387,0.3283976621794088,0.027234337688070893,2.9844587412541275,19.84
2017-11-01,2565,2544,6060,6230,0.408346709470305,0.3270999342691704,0.025600280514221654,3.1736673805585762,19.9
2017-10-31,2512,2467,6070,6050,0.4077685950413223,0.3258398558822307,0.023835200221081643,3.4373002281989504,20.09
2017-10-30,2447,2562,6140,6100,0.42,0.3246232311367522,0.02186999574308208,4.3610785289438105,22.71
2017-10-27,2381,2397,6000,6100,0.39295081967213114,0.3230670604331766,0.018990919512504062,3.6798512674934685,17.78
2017-10-26,2243,2307,5890,5930,0.3890387858347386,0.3218669998219503,0.01730596125911163,3.8814247303033937,17.27
2017-10-25,2249,2293,5990,5930,0.3866779089376054,0.3207337117343119,0.015565591061814613,4.236536662270877,17.05
2017-10-24,2180,2239,5940,5990,0.3737896494156928,0.319559160580986,0.013764671075428805,3.9398318011037112,14.51
2017-10-23,2100,2164,5850,5940,0.3643097643097643,0.31849824079543176,0.012557409414638954,3.64816675172884,12.57
2017-10-20,1995,2069,5800,5780,0.3579584775086505,0.31737691270621116,0.01216531584241058,3.33584144695729,11.34
2017-10-19,1942,1995,5860,5830,0.3421955403087479,0.3163296232021743,0.0120065793790448,2.1543119226544767,7.56
2017-10-18,1904,1903,5820,5850,0.3252991452991453,0.3155137056929338,0.012296845990951126,0.7957682493065525,3.01
2017-10-17,1867,1906,5840,5840,0.32636986301369864,0.31491788035425133,0.012877195941745469,0.8893226996975412,3.51
2017-10-16,1873,1853,5830,5830,0.31783876500857633,0.3143005240887422,0.013412151093734937,0.26380860870907585,1.11
2017-10-13,1760,1854,5780,5830,0.3180102915951973,0.3138680430161446,0.013808196967324125,0.29998475462472896,1.3
2017-10-12,1763,1754,5780,5780,0.30346020761245673,0.31333286074983024,0.014402349524615558,-0.6854890669400722,-3.25
2017-10-11,1807,1778,5750,5820,0.3054982817869416,0.3130793172409234,0.014737401571300952,-0.5144078769452023,-2.48
2017-10-10,1808,1807,5730,5780,0.31262975778546714,0.3128220204457176,0.01503299965901683,-0.012789374350523875,-0.06
2017-10-06,1800,1803,5680,5680,0.3174295774647887,0.3125444086581799,0.015225008441655804,0.3208647683401574,1.54
2017-10-05,1789,1792,5590,5620,0.3188612099644128,0.31237682910679754,0.015239478609896252,0.4254988653879815,2.03
2017-10-04,1790,1779,5650,5620,0.31654804270462633,0.3123295505114762,0.015224781545793153,0.2770806385931863,1.33
2017-10-03,1792,1790,5530,5620,0.3185053380782918,0.312125370847431,0.015269457203354875,0.41782541094250614,2.0
2017-10-02,1782,1783,5540,5530,0.3224231464737794,0.3119021485854583,0.015296905145868355,0.6877860448237664,3.26
2017-09-29,1752,1770,5490,5540,0.3194945848375451,0.31185657768043196,0.015270562550118303,0.5001785056735835,2.39
2017-09-28,1799,1765,5530,5510,0.3203266787658802,0.3118661285000556,0.015275559865283625,0.5538618774329004,2.64
2017-09-27,1748,1762,5570,5560,0.3169064748201439,0.31185377748629295,0.015269087234355256,0.33091024082188986,1.59
2017-09-26,1775,1735,5480,5490,0.31602914389799636,0.3119896631833297,0.01535853534180202,0.263012105306175,1.28
2017-09-25,1767,1795,5530,5530,0.32459312839059673,0.3121466954385527,0.01545891461060063,0.8051298079820639,3.83
2017-09-22,1740,1741,5570,5540,0.31425992779783396,0.31220767594890037,0.015516803752068724,0.13225996034524737,0.65
2017-09-21,1729,1733,5480,5500,0.3150909090909091,0.3124761724198701,0.015722847378973455,0.1663017269083054,0.83
2017-09-20,1701,1714,5530,5430,0.3156537753222836,0.31277026546297726,0.015973296296125247,0.18052065183351212,0.91
2017-09-19,1703,1708,5630,5610,0.30445632798573974,0.3129296900516005,0.01606070976233303,-0.5275832881142781,-2.78
2017-09-15,1639,1664,5360,5540,0.3003610108303249,0.313211850672568,0.01609522231755005,-0.7984257432859874,-4.28
2017-09-14,1621,1646,5350,5320,0.3093984962406015,0.31359792448499824,0.016129580191356394,-0.26035570638392325,-1.36
2017-09-13,1643,1621,5370,5360,0.3024253731343284,0.3137968701249602,0.016168528519228828,-0.7033105688688984,-3.76
2017-09-12,1621,1646,5400,5400,0.3048148148148148,0.3140718518407009,0.016148155090488003,-0.573256633591469,-3.04
2017-09-11,1544,1587,5150,5350,0.2966355140186916,0.31438031008721123,0.016189284550493788,-1.0960827832245625,-5.98
2017-09-08,1560,1549,5000,5080,0.30492125984251967,0.3147621133419319,0.016103730876525436,-0.6110915274768609,-3.23
2017-09-07,1546,1560,4985,4975,0.3135678391959799,0.31510010014763523,0.016159560230576308,-0.09482070859552541,-0.49
2017-09-06,1570,1538,5000,5000,0.3076,0.3153709260439657,0.0163011989818986,-0.47670886372191573,-2.53
2017-09-05,1614,1606,5060,5010,0.3205588822355289,0.31585141089245056,0.01659353864713455,0.2836930351737404,1.47
2017-09-04,1625,1620,5080,5040,0.32142857142857145,0.31631112330841465,0.017184659387993077,0.29779165269533125,1.59
2017-09-01,1624,1615,5140,5120,0.3154296875,0.3166969957385675,0.017614775047101936,-0.07194575208475484,-0.4
2017-08-31,1611,1616,5120,5090,0.3174852652259332,0.31709996222407477,0.017924151349807824,0.021496303748993778,0.12
2017-08-30,1689,1624,5050,5020,0.32350597609561754,0.31743248192005225,0.018158016825982115,0.3344800389696081,1.88
2017-08-29,1672,1672,5050,5020,0.33306772908366533,0.317740805396033,0.018452465033051518,0.8306165956786367,4.6
2017-08-28,1689,1699,5080,5080,0.3344488188976378,,,,
2017-08-25,1675,1704,5110,5140,0.33151750972762645,,,,
2017-08-24,1658,1683,5010,5040,0.3339285714285714,,,,
2017-08-23,1694,1663,5070,5060,0.32865612648221343,,,,
2017-08-22,1660,1673,5080,5060,0.33063241106719365,,,,
2017-08-21,1682,1667,5090,5060,0.3294466403162055,,,,
2017-08-18,1643,1669,5130,5090,0.32789783889980356,,,,
2017-08-17,1690,1688,5280,5210,0.3239923224568138,,,,
2017-08-16,1648,1683,5270,5320,0.3163533834586466,,,,
2017-08-15,1669,1646,5310,5360,0.30708955223880596,,,,
2017-08-14,1610,1634,5300,5260,0.3106463878326996,,,,
2017-08-10,1640,1611,5200,5370,0.3,,,,
2017-08-09,1714,1629,5510,5450,0.2988990825688073,,,,
2017-08-08,1822,1834,5530,5510,0.33284936479128857,,,,
2017-08-07,1816,1816,5560,5550,0.3272072072072072,,,,
2017-08-04,1800,1795,5550,5550,0.32342342342342345,,,,
2017-08-03,1834,1820,5610,5610,0.3244206773618538,,,,
2017-08-02,1808,1843,5510,5580,0.3302867383512545,,,,
2017-08-01,1780,1804,5520,5510,0.3274047186932849,,,,
2017-07-31,1792,1796,5520,5520,0.3253623188405797,,,,
2017-07-28,1853,1826,5590,5600,0.32607142857142857,,,,
2017-07-27,1818,1878,5730,5620,0.33416370106761567,,,,
2017-07-26,1893,1829,5700,5710,0.3203152364273205,,,,
2017-07-25,1818,1856,5730,5680,0.3267605633802817,,,,
2017-07-24,1827,1809,5750,5730,0.3157068062827225,,,,
2017-07-21,1835,1849,5770,5760,0.32100694444444444,,,,
2017-07-20,1800,1844,5800,5820,0.3168384879725086,,,,
2017-07-19,1808,1786,5700,5720,0.31223776223776223,,,,
2017-07-18,1785,1810,5750,5680,0.31866197183098594,,,,
2017-07-14,1815,1796,5810,5750,0.31234782608695655,,,,
2017-07-13,1839,1814,5780,5780,0.31384083044982697,,,,
2017-07-12,1770,1820,5780,5750,0.3165217391304348,,,,
2017-07-11,1760,1753,5790,5780,0.3032871972318339,,,,
2017-07-10,1740,1748,5750,5770,0.302946273830156,,,,
2017-07-07,1670,1730,5620,5690,0.30404217926186294,,,,
2017-07-06,1710,1690,5720,5660,0.29858657243816256,,,,
2017-07-05,1610,1680,5680,5710,0.29422066549912435,,,,
2017-07-04,1636,1600,5840,5710,0.28021015761821366,,,,
2017-07-03,1617,1615,5800,5780,0.27941176470588236,,,,
2017-06-30,1617,1627,5820,5790,0.28100172711571675,,,,
2017-06-29,1663,1650,5880,5880,0.28061224489795916,,,,
2017-06-28,1675,1644,5930,5870,0.2800681431005111,,,,
2017-06-27,1660,1701,5950,5960,0.2854026845637584,,,,
2017-06-26,1664,1645,5870,5920,0.2778716216216216,,,,
2017-06-23,1664,1664,5930,5850,0.28444444444444444,,,,
2017-06-22,1720,1680,5850,5870,0.28620102214650767,,,,
2017-06-21,1726,1710,5760,5860,0.29180887372013653,,,,
2017-06-20,1790,1756,5750,5760,0.30486111111111114,,,,
2017-06-19,1700,1750,5610,5550,0.3153153153153153,,,,
2017-06-16,1730,1708,5720,5670,0.3012345679012346,,,,
2017-06-15,1763,1711,5660,5670,0.3017636684303351,,,,
2017-06-14,1851,1796,5700,5630,0.31900532859680286,,,,
2017-06-13,1839,1822,5670,5690,0.3202108963093146,,,,
2017-06-12,1812,1811,5620,5670,0.31940035273368605,,,,
2017-06-09,1898,1871,5800,5720,0.32709790209790207,,,,
2017-06-08,1910,1898,5780,5790,0.32780656303972366,,,,
2017-06-07,1886,1896,5620,5760,0.32916666666666666,,,,
2017-06-06,1906,1886,5650,5640,0.3343971631205674,,,,
2017-06-05,1855,1915,5620,5680,0.3371478873239437,,,,
2017-06-02,1853,1851,5690,5650,0.32761061946902653,,,,
2017-06-01,1843,1843,5600,5660,0.3256183745583039,,,,
2017-05-31,1770,1831,5500,5560,0.3293165467625899,,,,
2017-05-30,1786,1787,5470,5510,0.32431941923774954,,,,
2017-05-29,1813,1780,5530,5510,0.32304900181488205,,,,
2017-05-26,1796,1807,5510,5510,0.3279491833030853,,,,
2017-05-25,1840,1802,5530,5540,0.3252707581227437,,,,
2017-05-24,1847,1833,5520,5550,0.3302702702702703,,,,
2017-05-23,1877,1833,5490,5490,0.333879781420765,,,,
2017-05-22,1915,1890,5410,5500,0.34363636363636363,,,,
2017-05-19,1911,1903,5430,5360,0.35503731343283584,,,,
2017-05-18,1860,1899,5420,5420,0.3503690036900369,,,,
2017-05-17,1927,1908,5560,5520,0.3456521739130435,,,,
2017-05-16,1943,1921,5690,5610,0.3424242424242424,,,,
2017-05-15,1947,1903,5450,5490,0.3466302367941712,,,,
