DATE,OPEN_4091,CLOSE_4091,OPEN_6183,CLOSE_6183,saya_divide,saya_divide_mean,saya_divide_std,saya_divide_sigma,deviation_rate(%)
2020-05-15,1807,1779,1267,1257,1.4152744630071599,1.4631031778158372,0.08469511806705364,-0.5647163130560968,-3.38
2020-05-14,1739,1790,1284,1237,1.4470493128536783,1.4645588500124165,0.0847987134215496,-0.20648352377346937,-1.21
2020-05-13,1735,1726,1277,1283,1.3452844894777864,1.4653719873161062,0.08491922462320359,-1.4141379454553646,-8.93
2020-05-12,1679,1655,1298,1297,1.2760215882806476,1.468083755189405,0.08428611133075864,-2.2786929409408874,-15.05
2020-05-11,1649,1661,1265,1272,1.305817610062893,1.471559162225496,0.08162699156345078,-2.030474834219116,-12.69
2020-05-08,1662,1666,1240,1252,1.3306709265175718,1.4745073938849258,0.0795543207052211,-1.8080283521032454,-10.81
2020-05-07,1599,1619,1186,1204,1.3446843853820598,1.4771835942514742,0.07803211589613418,-1.6980086640964525,-9.85
2020-05-01,1646,1639,1278,1212,1.3523102310231023,1.4792221458807233,0.076526592882058,-1.6584027862473418,-9.38
2020-04-30,1670,1682,1274,1289,1.30488750969744,1.4808529126271228,0.0750945242384482,-2.3432521174372,-13.49
2020-04-28,1646,1630,1252,1234,1.320907617504052,1.483054575696518,0.072270714763451,-2.243605293280809,-12.28
2020-04-27,1601,1647,1227,1234,1.3346839546191247,1.4840203038590007,0.0705612579950747,-2.1164071259939834,-11.19
2020-04-24,1614,1590,1184,1197,1.3283208020050126,1.4849962443327542,0.0689774338520279,-2.2714014363573702,-11.8
2020-04-23,1583,1610,1119,1154,1.3951473136915078,1.4864126165044667,0.06680207375025639,-1.3662046354153576,-6.54
2020-04-22,1579,1574,1109,1114,1.4129263913824057,1.4866323577482699,0.06652804472457609,-1.1078931700308403,-5.22
2020-04-21,1641,1605,1161,1139,1.4091308165057068,1.4868019262378784,0.06635594979403917,-1.1705221607595602,-5.51
2020-04-20,1686,1676,1118,1168,1.4349315068493151,1.487189985939371,0.06598464747436929,-0.7919793632352853,-3.64
2020-04-17,1688,1704,1077,1109,1.5365193868349865,1.4872311852362072,0.06595296265828188,0.7473235410841697,3.21
2020-04-16,1716,1693,1039,1077,1.5719591457753017,1.486038096104739,0.06585984369953313,1.3046045183853325,5.47
2020-04-15,1729,1735,1111,1041,1.6666666666666667,1.484425514583211,0.06521380709798581,2.7945179125891637,10.93
2020-04-14,1645,1712,1100,1133,1.5110326566637247,1.4815596689998445,0.06177424934202926,0.47710798557332984,1.95
2020-04-13,1649,1638,1077,1087,1.5068997240110396,1.4805260213144316,0.06192085390713414,0.4259260173666529,1.75
2020-04-10,1621,1634,1093,1061,1.5400565504241281,1.4794250998875713,0.06217565014457727,0.9751639169927502,3.94
2020-04-09,1560,1585,1178,1072,1.478544776119403,1.4779496993585772,0.062032119259791504,0.009593042570956313,0.04
2020-04-08,1602,1545,1103,1148,1.3458188153310104,1.4779671781103387,0.062032469157364926,-2.1303095713325915,-9.82
2020-04-07,1552,1562,1082,1105,1.4135746606334842,1.4795052429871345,0.06013800248555617,-1.0963214544660893,-4.66
2020-04-06,1498,1543,1044,1068,1.4447565543071161,1.480073203981908,0.05971229556674933,-0.5914468593040973,-2.44
2020-04-03,1472,1483,1049,1044,1.4204980842911878,1.4801097037033182,0.05969152981032858,-0.9986612774299441,-4.2
2020-04-02,1490,1486,1002,1044,1.4233716475095786,1.4803398052250623,0.059494229459498914,-0.9575408948571246,-4.0
2020-04-01,1575,1530,1089,1030,1.4854368932038835,1.4803892136669448,0.059448419419912,0.08490855747206028,0.34
2020-03-31,1633,1601,1146,1127,1.4205856255545697,1.4795429259964807,0.059821150125853706,-0.9855594604562892,-4.15
2020-03-30,1780,1662,1140,1152,1.4427083333333333,1.4793757306825732,0.06000294482182065,-0.6110932964727676,-2.54
2020-03-27,1644,1634,1159,1174,1.3918228279386713,1.4788762570836098,0.06046026172583353,-1.4398453903440882,-6.25
2020-03-26,1534,1579,1119,1089,1.4499540863177227,1.4795248754872428,0.0597799846700556,-0.49466036722375334,-2.04
2020-03-25,1554,1544,1138,1121,1.3773416592328278,1.4791954508265475,0.06000966410881598,-1.6972898133378551,-7.39
2020-03-24,1406,1415,1030,1040,1.3605769230769231,1.479755376053472,0.05924777611802537,-2.011526183516793,-8.76
2020-03-23,1377,1391,858,890,1.5629213483146067,1.4806608709814584,0.05792358901450844,1.4201550479295078,5.26
2020-03-19,1325,1167,885,860,1.3569767441860465,1.4788498569074895,0.05744471713039083,-2.121572162063387,-8.98
2020-03-18,1412,1302,955,868,1.5,1.4797197966146385,0.05607007975000278,0.36169385661272424,1.35
2020-03-17,1474,1419,949,942,1.5063694267515924,1.4785917075748347,0.05650017145187542,0.49163955547316507,1.84
2020-03-16,1623,1486,1008,989,1.5025278058645095,1.4772218234569978,0.05705288744803093,0.4435530529556937,1.68
2020-03-13,1667,1622,1012,1009,1.6075322101090188,1.4759331730814613,0.057556030988764176,2.286450868254756,8.19
2020-03-12,1841,1805,1136,1107,1.6305329719963866,1.4732593584569467,0.05601786239630006,2.807561852803361,9.65
2020-03-11,1893,1890,1186,1159,1.6307161345987922,1.4704253675133436,0.05330017129463268,3.0073218001381883,9.83
2020-03-10,1807,1894,1172,1199,1.579649708090075,1.4682449625447962,0.04993715011186067,2.23089914614128,7.05
2020-03-09,1835,1801,1273,1202,1.4983361064891847,1.4673037667389295,0.048472306207785885,0.6402076191140794,2.07
2020-03-06,1951,1929,1329,1319,1.4624715693707353,1.4670650330974815,0.048362848135467276,-0.09497918141379126,-0.31
2020-03-05,1995,1991,1355,1359,1.4650478292862399,1.4678606009783655,0.04876979542808473,-0.05767446156860029,-0.19
2020-03-04,1940,1959,1294,1327,1.4762622456669179,1.4683691913450887,0.04893641789963353,0.1612920328173079,0.53
2020-03-03,2010,1967,1340,1312,1.4992378048780488,1.4688606218498992,0.04919758189002408,0.6174527661960004,2.03
2020-03-02,1909,1970,1258,1327,1.4845516201959306,1.4688746626752986,0.04920639891299957,0.31859591164860285,1.06
2020-02-28,1981,1931,1311,1288,1.499223602484472,1.4695747587197452,0.049794481589537705,0.595424288360427,1.98
2020-02-27,2058,2018,1378,1349,1.4959229058561898,1.4695387069743218,0.049773977051603635,0.5300801833559329,1.76
2020-02-26,2008,2062,1407,1417,1.4551870148200423,1.468710715288396,0.049844650606366586,-0.27131698795830966,-0.93
2020-02-25,2013,2043,1397,1424,1.434691011235955,1.4681724192883265,0.050204493155497625,-0.6669006287678292,-2.33
2020-02-21,2154,2167,1500,1485,1.4592592592592593,1.4681700560956057,0.05020607326117323,-0.17748444077656203,-0.61
2020-02-20,2171,2194,1531,1508,1.4549071618037135,1.467523872032755,0.050626720281885494,-0.24921049909598555,-0.87
2020-02-19,2207,2177,1543,1519,1.433179723502304,1.4680123790687638,0.05067935870013513,-0.6873144502984186,-2.43
2020-02-18,2218,2183,1534,1517,1.4390243902439024,1.468033075218492,0.05066544474306215,-0.5725536432513391,-2.02
2020-02-17,2297,2241,1537,1527,1.4675834970530452,1.4680136959100565,0.050676813423707,-0.008489066852218103,-0.03
2020-02-14,2306,2314,1555,1548,1.4948320413436693,1.4673824511122995,0.05097224068029224,0.5385203762875361,1.84
2020-02-13,2278,2298,1570,1562,1.471190781049936,1.4664639863896003,0.051089833533452644,0.09251928091017854,0.32
2020-02-12,2298,2292,1583,1576,1.4543147208121827,1.4660561062331943,0.051172514687207106,-0.22944710637694818,-0.81
2020-02-10,2274,2270,1563,1572,1.4440203562340967,1.4658444922243783,0.051253383291781064,-0.4258086898583579,-1.51
2020-02-07,2271,2282,1571,1577,1.4470513633481294,1.4654166667822976,0.051566730565049054,-0.3561463608983551,-1.27
2020-02-06,2303,2256,1552,1560,1.4461538461538461,1.4649421328450103,0.05189625345369087,-0.3620355120226495,-1.3
2020-02-05,2474,2453,1577,1550,1.5825806451612903,1.4643206073737438,0.052394290428020726,2.2571168885283805,7.47
2020-02-04,2389,2429,1501,1542,1.5752269779507133,1.4619491289584174,0.050994399164424505,2.221378246404019,7.19
2020-02-03,2351,2388,1502,1526,1.5648754914809961,1.4586801307656292,0.05148405984877859,2.0626842760125945,6.79
2020-01-31,2358,2417,1558,1547,1.5623787976729153,1.4544217308191558,0.05557047389977629,1.942705528271446,6.91
2020-01-30,2400,2343,1565,1556,1.505784061696658,1.4497112256380622,0.06093429653706628,0.9202179929079308,3.72
2020-01-29,2385,2406,1539,1565,1.5373801916932908,1.4455165699938413,0.0674137677332445,1.3626833922553148,5.98
2020-01-28,2370,2401,1520,1529,1.5703073904512754,1.4414266452799345,0.07092967866019237,1.8170214162223786,8.21
2020-01-27,2419,2401,1550,1545,1.5540453074433658,1.4370026902348638,0.0730682972227448,1.601824890645854,7.53
2020-01-24,2442,2455,1606,1579,1.5547815072830906,1.4336263228957435,0.07343165321043549,1.6499040821013344,7.79
2020-01-23,2494,2451,1633,1613,1.5195288282703039,1.4300421153646956,0.07398892669109572,1.2094608870218637,5.89
2020-01-22,2437,2494,1625,1636,1.5244498777506112,1.427411450349761,0.0742674331464002,1.3066080688363435,6.37
2020-01-21,2487,2440,1626,1618,1.508034610630408,1.425043810580925,0.07396601032950148,1.1220126606772212,5.5
2020-01-20,2482,2498,1610,1613,1.5486670799752016,1.4228907194536262,0.0738691172099513,1.7026920758250426,8.12
2020-01-17,2478,2451,1613,1595,1.5366771159874608,1.4203596149750253,0.07276001999572883,1.5986458087733295,7.57
2020-01-16,2470,2466,1608,1615,1.5269349845201239,1.4183031629844907,0.07161398893519651,1.5169078437165977,7.11
2020-01-15,2466,2464,1649,1609,1.5313859540087011,1.4161356965242222,0.07074812474681208,1.6290220821672325,7.53
2020-01-14,2427,2471,1664,1650,1.4975757575757576,1.4137907279105701,0.06979754751626038,1.2004007683173745,5.59
2020-01-10,2411,2411,1644,1635,1.4746177370030582,1.4118872872540045,0.06943231498502,0.9034762813624722,4.25
2020-01-09,2407,2402,1671,1634,1.4700122399020807,1.4103018956067677,0.0693392979198622,0.8611328076082104,4.06
2020-01-08,2393,2384,1708,1711,1.3933372296902395,1.4088546533702726,0.06921055785298061,-0.22420601944858892,-1.11
2020-01-07,2399,2430,1685,1726,1.4078794901506373,1.4081171992279238,0.06966514302258049,-0.003412166644220295,-0.02
2020-01-06,2398,2400,1665,1673,1.4345487148834428,1.406879604177564,0.07047809588200776,0.3925916323307261,1.93
2019-12-30,2428,2428,1724,1720,1.4116279069767441,1.405307279518881,0.07115543202490214,0.08882846014695105,0.45
2019-12-27,2449,2435,1722,1708,1.4256440281030445,1.4034656310725813,0.07273787366398414,0.30490851482567805,1.56
2019-12-26,2405,2445,1652,1700,1.438235294117647,1.4019088774681248,0.07349206296063804,0.4942903381141789,2.53
2019-12-25,2424,2413,1662,1678,1.4380214541120382,1.4002683668548737,0.074034113281936,0.5099417766157823,2.63
2019-12-24,2430,2418,1670,1671,1.4470377019748653,1.3985049396137474,0.07468611839828034,0.6498230648740648,3.35
2019-12-23,2445,2429,1696,1674,1.451015531660693,1.3964023468753137,0.07550545234963912,0.7233012065471093,3.76
2019-12-20,2455,2436,1695,1678,1.4517282479141835,1.3945681634751677,0.07582667781036027,0.7538255148401878,3.94
2019-12-19,2429,2447,1678,1707,1.4335090802577621,1.3927071139391156,0.07611326407599175,0.5360690651488772,2.85
2019-12-18,2467,2447,1713,1718,1.4243306169965075,1.3916112146630604,0.0761096112466901,0.42989842935073574,2.3
2019-12-17,2475,2460,1672,1721,1.4294015107495641,1.3905485285165766,0.07620170831129074,0.5098702259307576,2.72
2019-12-16,2474,2461,1661,1663,1.4798556825015032,1.3896037052441745,0.07615340492135915,1.1851338407065137,6.1
2019-12-13,2483,2465,1701,1687,1.4611736810906935,1.3878854848274134,0.07554908553255837,0.9700739029024522,5.02
2019-12-12,2437,2442,1676,1677,1.4561717352415027,1.3863832189548493,0.07519621676805327,0.9280854713997085,4.79
2019-12-11,2451,2426,1702,1676,1.4474940334128878,1.3858103631138934,0.07482511356576363,0.8243712218997278,4.26
2019-12-10,2456,2460,1700,1711,1.4377556984219755,1.385552003313002,0.07464491906883607,0.699360328341066,3.63
2019-12-09,2483,2456,1730,1721,1.4270772806507843,1.3855725823194407,0.07465951969987536,0.5559197072012897,2.91
2019-12-06,2448,2460,1744,1730,1.4219653179190752,1.3858163108073733,0.07482427080273016,0.4831187357242229,2.54
2019-12-05,2458,2450,1720,1740,1.4080459770114941,1.3866367085102,0.07554992060133173,0.28337909994993055,1.52
2019-12-04,2407,2410,1703,1715,1.4052478134110786,1.3877153846034493,0.07642041580315484,0.22942074605809068,1.25
2019-12-03,2400,2456,1706,1705,1.4404692082111437,1.3882173257715047,0.07665718734987699,0.6816305717186324,3.63
2019-12-02,2473,2450,1717,1719,1.4252472367655613,1.388183631291176,0.0766347648647563,0.483639579762456,2.6
2019-11-29,2470,2437,1721,1717,1.419336051252184,1.3873245794796214,0.07657556955146125,0.41803765822531486,2.26
2019-11-28,2482,2477,1723,1734,1.4284890426758938,1.386473244041818,0.07656987646264726,0.5487249108279844,2.94
2019-11-27,2494,2486,1749,1742,1.4270952927669345,1.3854305378402567,0.07652307622143635,0.5444730790240532,2.92
2019-11-26,2505,2496,1772,1755,1.4222222222222223,1.385258616382457,0.07644371969407479,0.4835401258297273,2.6
2019-11-25,2509,2501,1769,1767,1.4153933220147141,1.3850168136040688,0.07635504666145361,0.3978323599922613,2.15
2019-11-22,2450,2476,1764,1764,1.4036281179138321,1.3847049714167075,0.07627807003133312,0.24808108660000866,1.35
2019-11-21,2525,2487,1782,1769,1.4058790276992652,1.3842090792264632,0.07627433092031007,0.2841053892094098,1.54
2019-11-20,2573,2534,1800,1801,1.4069961132704054,1.3846056014366825,0.07646302242878662,0.29282797256119636,1.59
2019-11-19,2663,2602,1809,1835,1.417983651226158,1.3838087314592875,0.07653691446571498,0.44651551483930524,2.41
2019-11-18,2665,2638,1784,1798,1.4671857619577309,1.382961459271203,0.07650562560836373,1.1008903203756086,5.74
2019-11-15,2644,2665,1760,1766,1.5090600226500566,1.381714280556706,0.07588233579572601,1.6782000811910063,8.44
2019-11-14,2640,2610,1759,1763,1.4804310833806011,1.3799854614873774,0.07442436246867581,1.3496336221287737,6.78
2019-11-13,2601,2647,1736,1739,1.5221391604370327,1.3789567628892974,0.07355703588128303,1.9465493114598005,9.41
2019-11-12,2588,2590,1716,1723,1.5031921067904817,1.3774647713182941,0.07175033478579568,1.7522891823088411,8.36
2019-11-11,2599,2595,1730,1715,1.5131195335276968,1.3759132584877714,0.07025743808516766,1.9529074611801371,9.07
2019-11-08,2648,2579,1729,1719,1.5002908667830135,1.3743052305497185,0.06845575464544801,1.8403951119348652,8.4
2019-11-07,2570,2613,1724,1700,1.5370588235294118,1.3729457109703036,0.06693582137938911,2.4517979936172405,10.68
2019-11-06,2581,2580,1780,1724,1.4965197215777262,1.370627422024089,0.0641653431644108,1.9619983833182875,8.41
2019-11-05,2490,2535,1777,1768,1.4338235294117647,1.3690384481811086,0.06248159828310934,1.036866581695133,4.52
2019-11-01,2595,2483,1756,1755,1.4148148148148147,1.3673976249836315,0.06237450322353294,0.7602014826675764,3.35
2019-10-31,2511,2552,1763,1779,1.4345137717818999,1.365373888300258,0.06325920163520524,1.0929616829556055,4.82
2019-10-30,2546,2483,1722,1760,1.4107954545454546,1.3641279157527793,0.06280378109323327,0.7430689359832752,3.31
2019-10-29,2487,2558,1732,1715,1.4915451895043732,1.3636058793361459,0.0625760116950535,2.044542416536602,8.58
2019-10-28,2529,2462,1763,1716,1.4347319347319347,1.3625053359935257,0.06102278431499409,1.1836005116643287,5.03
2019-10-25,2500,2533,1756,1762,1.4375709421112373,1.3621521062020938,0.06067938783367001,1.2429070002465443,5.25
2019-10-24,2487,2484,1761,1749,1.4202401372212694,1.3619060010318245,0.06040983521597071,0.9656397171237936,4.11
2019-10-23,2523,2484,1740,1742,1.425947187141217,1.3620170849164934,0.06052455112028695,1.0562672674377782,4.48
2019-10-21,2490,2498,1725,1734,1.4405997693194925,1.3625679987584614,0.061287198445633434,1.2732148399677867,5.42
2019-10-18,2474,2477,1750,1722,1.4384436701509873,1.3634038614833244,0.0627556348917356,1.1957461476904765,5.22
2019-10-17,2455,2461,1757,1743,1.4119334480780263,1.364726404662673,0.06531608836315034,0.7227475588079815,3.34
2019-10-16,2448,2463,1750,1745,1.411461318051576,1.3664107626996356,0.06808201754335017,0.6617100517512606,3.19
2019-10-15,2398,2431,1710,1737,1.3995394358088658,1.3686782349806872,0.072249074347987,0.4271501206996213,2.21
2019-10-11,2347,2381,1726,1695,1.4047197640117994,1.370687017844495,0.07511671640089157,0.4530648808671902,2.42
2019-10-10,2214,2297,1703,1727,1.330052113491604,1.3725626783358245,0.07765647691128649,-0.5474181489431196,-3.2
2019-10-09,2178,2212,1760,1776,1.2454954954954955,1.3756514208919826,0.08046057722649223,-1.6176359887414806,-10.45
2019-10-08,2102,2128,1754,1760,1.209090909090909,1.3796532798938417,0.08134662838169829,-2.0967355893671744,-14.11
2019-10-07,2113,2081,1738,1747,1.1911848883800802,1.3838815823357364,0.0806095989638775,-2.390493147621375,-16.18
2019-10-04,2130,2129,1723,1730,1.230635838150289,1.3885386935229986,0.07942323493762522,-1.988119163072595,-12.83
2019-10-03,2191,2129,1678,1719,1.2385107620709714,1.3925119289521888,0.0788764108760664,-1.9524362882483308,-12.43
2019-10-02,2184,2227,1687,1712,1.3008177570093458,1.3961436666460278,0.07796748610454012,-1.222636696389922,-7.33
2019-10-01,2203,2190,1650,1703,1.285965942454492,1.398214942959953,0.0774694134744314,-1.4489460481394838,-8.73
2019-09-30,2195,2183,1647,1651,1.322228952150212,1.4002343105764226,0.0764848128917225,-1.0198803589497,-5.9
2019-09-27,2227,2221,1652,1649,1.3468768950879322,1.4014408447294533,0.07595668482747478,-0.7183561231701419,-4.05
2019-09-26,2266,2207,1677,1639,1.3465527760829774,1.4019256509821942,0.07572255164519345,-0.7312600235485021,-4.11
2019-09-25,2236,2238,1621,1647,1.3588342440801457,1.4025874702971457,0.0754521272530548,-0.5798806184782357,-3.22
2019-09-24,2182,2252,1628,1629,1.3824432166973604,1.402592235786768,0.07544937492419779,-0.2670534926187371,-1.46
2019-09-20,2171,2183,1550,1600,1.364375,1.4022804356705243,0.07558020467400811,-0.5015259727599019,-2.78
2019-09-19,2110,2139,1555,1578,1.355513307984791,1.4018869743004214,0.07585283161988071,-0.6113636805020223,-3.42
2019-09-18,2099,2081,1557,1536,1.3548177083333333,1.400929544464458,0.07687837698689942,-0.5998024143899728,-3.4
2019-09-17,2113,2100,1559,1549,1.355713363460297,1.4002114212393961,0.0775543337319296,-0.5737662312064848,-3.28
2019-09-13,2100,2113,1560,1552,1.3614690721649485,1.3997210118019838,0.07794944721018036,-0.49072752926514074,-2.81
2019-09-12,2114,2090,1547,1562,1.3380281690140845,1.39897020395352,0.07858289096770965,-0.7755127635158775,-4.55
2019-09-11,2070,2087,1561,1587,1.315059861373661,1.3984819871552885,0.07907221332875554,-1.0550118969705127,-6.34
2019-09-10,2100,2075,1633,1576,1.3166243654822336,1.3986322396834914,0.07892412027346173,-1.0390723889871847,-6.23
2019-09-09,2094,2086,1616,1638,1.2735042735042734,1.3987366908681864,0.0788206347691351,-1.588827820667996,-9.83
2019-09-06,2120,2106,1615,1609,1.3088875077688005,1.3991525959812485,0.0782388852340772,-1.1537113283553382,-6.9
2019-09-05,2092,2103,1609,1599,1.3151969981238274,1.399160099583656,0.07823025439370829,-1.0732817132009906,-6.38
2019-09-04,2058,2084,1613,1596,1.305764411027569,1.398498640008352,0.07914181086083595,-1.1717476258389894,-7.1
2019-09-03,2055,2081,1573,1614,1.2893432465923171,1.3981730309447011,0.07957174128218208,-1.367693889799964,-8.44
2019-09-02,2113,2070,1592,1576,1.3134517766497462,1.39842954582276,0.07925085667846811,-1.0722630989060546,-6.47
2019-08-30,2146,2106,1583,1605,1.3121495327102803,1.3984847029917724,0.07919311301560056,-1.0901853329655644,-6.58
2019-08-29,2120,2104,1540,1557,1.3513166345536287,1.3983521519142053,0.0793456801163828,-0.5927924153096388,-3.48
2019-08-28,2091,2103,1531,1564,1.3446291560102301,1.3981240936007107,0.07950496474208855,-0.6728502775143201,-3.98
2019-08-27,2108,2084,1571,1534,1.3585397653194264,1.396245416349691,0.08236028503490962,-0.45781350822526135,-2.78
2019-08-26,2100,2117,1559,1567,1.350989151244416,1.3939301639232098,0.08575827593992034,-0.5007215013146586,-3.18
2019-08-23,2225,2163,1582,1604,1.348503740648379,1.3915212763152196,0.08939107764428826,-0.48122851631814034,-3.19
2019-08-22,2287,2247,1586,1590,1.4132075471698113,1.3895309105146982,0.09195195034096122,0.25748922744236813,1.68
2019-08-21,2284,2245,1575,1572,1.428117048346056,1.3861709515369927,0.09555870507851286,0.4389563125054859,2.94
2019-08-20,2296,2300,1583,1598,1.4392991239048811,1.3823193683004706,0.09952947133050104,0.5724912917019475,3.96
2019-08-19,2335,2288,1568,1583,1.445356917245736,1.3781570993653562,0.10350747436244379,0.6492267181118869,4.65
2019-08-16,2280,2292,1532,1545,1.4834951456310679,1.3735675923250579,0.10796144550232997,1.0182112030320825,7.41
2019-08-15,2237,2290,1524,1538,1.4889466840052015,1.3685820682276217,0.11135027670341271,1.0809547972491993,8.08
2019-08-14,2259,2274,1571,1576,1.4428934010152283,1.3641006248135203,0.11316464327718558,0.6962667306670415,5.46
2019-08-13,2191,2236,1583,1555,1.4379421221864952,1.3604190162160672,0.11501774672409507,0.674009952189297,5.39
2019-08-09,2187,2195,1600,1613,1.360818350898946,1.3560769806838155,0.11811438553278213,0.04014219092571488,0.35
2019-08-08,2122,2162,1578,1595,1.3554858934169278,1.3531601967164946,0.12063545701502086,0.0192787158765741,0.17
2019-08-07,2134,2124,1522,1573,1.3502860775588048,1.3501877501967885,0.12325952257826873,0.0007977262929432324,0.01
2019-08-06,2087,2151,1477,1521,1.4142011834319526,1.3471422945536928,0.12601050038970704,0.5321690547285322,4.74
2019-08-05,2112,2130,1533,1517,1.4040870138431114,1.3426872420497356,0.12942124607269143,0.4744180237523732,4.37
2019-08-02,2140,2159,1541,1551,1.3920051579626047,1.3390704461915366,0.1314295543745257,0.4027610990768769,3.8
2019-08-01,2221,2174,1561,1591,1.366436203645506,1.3364748218631464,0.13227807138794212,0.22650301344725213,2.19
2019-07-31,2140,2241,1572,1561,1.435618193465727,1.3342682172840736,0.1331374327696811,0.7612432812714823,7.06
2019-07-30,2172,2165,1599,1607,1.3472308649657747,1.3309098535324664,0.13371407089963283,0.12205904227954477,1.21
2019-07-29,2168,2182,1594,1611,1.3544382371198014,1.3292076052462833,0.13430679049075642,0.18785819973305462,1.86
2019-07-26,2137,2158,1567,1571,1.3736473583704647,1.3275036123868709,0.13478573411912237,0.34234888643936473,3.36
2019-07-25,2153,2156,1540,1563,1.379398592450416,1.3254491634425178,0.13524026935786662,0.3989154211541801,3.91
2019-07-24,2190,2140,1544,1525,1.4032786885245903,1.3234681738466436,0.13552336921909622,0.5889059218186908,5.69
2019-07-23,2160,2176,1533,1543,1.410239792611795,1.3208986364034048,0.13581243709830262,0.6578275017900177,6.34
2019-07-22,2197,2169,1573,1564,1.3868286445012787,1.3185281877065926,0.13578390484796363,0.5030084889012559,4.92
2019-07-19,2180,2196,1545,1577,1.3925174381737475,1.3163796645123715,0.1359609275724248,0.5599974567753538,5.47
2019-07-18,2190,2173,1593,1554,1.3983268983268984,1.31366129268595,0.13644873992556142,0.6204938622895085,6.05
2019-07-17,2192,2207,1598,1619,1.3631871525633106,1.3109370481642733,0.13677043032182593,0.3820277839010295,3.83
2019-07-16,2176,2201,1647,1598,1.3773466833541927,1.3079993147015243,0.13797752503444366,0.5025990184659211,5.03
2019-07-12,2158,2168,1687,1654,1.3107617896009673,1.3048049001617594,0.13910379564854153,0.04282334217722239,0.45
2019-07-11,2138,2156,1720,1707,1.2630345635618043,1.3019911490766933,0.1410752139749195,-0.27614053820832585,-3.08
2019-07-10,2184,2139,1575,1595,1.341065830721003,1.2999624421318656,0.14270542115652932,0.2880296225330665,3.06
2019-07-09,2211,2196,1582,1601,1.3716427232979387,1.296718561466914,0.14448824389309634,0.5185484978726664,5.46
2019-07-08,2235,2222,1581,1577,1.409004438807863,1.292959906352856,0.14614738652114734,0.7940240001364343,8.24
2019-07-05,2275,2256,1599,1602,1.408239700374532,1.2885988180556842,0.14749342502676172,0.8111607842664151,8.5
2019-07-04,2264,2272,1589,1601,1.4191130543410369,1.2844104178078557,0.1484933068352923,0.9071293474701344,9.49
2019-07-03,2268,2260,1572,1582,1.4285714285714286,1.2806086157573415,0.148645922812679,0.9954044484660857,10.36
2019-07-02,2294,2286,1529,1558,1.467265725288832,1.2767589353370357,0.14850277503478967,1.2828500336587403,12.98
2019-07-01,2305,2285,1504,1520,1.5032894736842106,1.27241424755204,0.14762972678543265,1.5638803319586736,15.36
2019-06-28,2313,2288,1501,1488,1.5376344086021505,1.267149393427779,0.14633752232438374,1.8483640482499912,17.59
2019-06-27,2318,2352,1477,1529,1.538260300850229,1.261502673776852,0.1439426521483572,1.92269367656316,17.99
2019-06-26,2353,2328,1500,1472,1.5815217391304348,1.2558803458238084,0.14123252147056703,2.305711106166793,20.59
2019-06-25,2340,2347,1501,1514,1.5501981505944518,1.2495494312537336,0.1370743043230594,2.193326610887941,19.39
2019-06-24,2320,2332,1498,1509,1.5453943008614976,1.2431594018584202,0.13404722972500913,2.2546896315805744,19.56
2019-06-21,2330,2341,1518,1499,1.561707805203469,1.2368120189754177,0.13081767651233986,2.483577104332718,20.8
2019-06-20,2350,2337,1546,1512,1.5456349206349207,1.2301664634292448,0.1267404068565863,2.489091403680325,20.41
2019-06-19,2329,2358,1515,1545,1.5262135922330098,1.2236084626282162,0.12291457055016085,2.4619142242481487,19.83
2019-06-18,2296,2303,1500,1495,1.5404682274247492,1.2170890134245864,0.11961434795659906,2.7035152515106122,20.99
2019-06-17,2283,2296,1513,1502,1.5286284953395473,1.2104499606191326,0.11521904582395487,2.761509891399075,20.81
2019-06-14,2249,2289,1523,1515,1.510891089108911,1.204076686166504,0.11056911270131835,2.7748653800922534,20.31
2019-06-13,2195,2209,1526,1517,1.4561634805537245,1.1978192604239297,0.10622283130095701,2.432096913307066,17.74
2019-06-12,2194,2205,1529,1534,1.4374185136897002,1.1922563326084057,0.10343599793343602,2.370182392778414,17.06
2019-06-11,2170,2177,1562,1541,1.4127190136275145,1.187004943845018,0.10082076192175493,2.2387657609418663,15.98
2019-06-10,2144,2162,1540,1563,1.383237364043506,1.1824337287741278,0.09822197032273657,2.044386145071007,14.52
2019-06-07,2101,2125,1544,1522,1.3961892247043364,1.1781745800384145,0.09632982977265557,2.263210110310068,15.61
2019-06-06,2069,2085,1535,1534,1.3591916558018253,1.1739032427246834,0.09363272820843013,1.9788851251314887,13.63
2019-06-05,2088,2078,1531,1529,1.3590582079790714,1.1701712090729353,0.09173200188126115,2.059117810931821,13.9
2019-06-04,2035,2033,1557,1523,1.334865397242285,1.1668547034291812,0.08930740221297255,1.8812628029695289,12.59
2019-06-03,1993,2009,1544,1565,1.28370607028754,1.163908818807723,0.08733911684210241,1.3716334193806279,9.33
2019-05-31,2077,2036,1574,1565,1.3009584664536742,1.1617574223089242,0.08634331512162845,1.6121809076784106,10.7
2019-05-30,2085,2076,1586,1574,1.3189326556543837,1.1600591424158408,0.08482800738852082,1.8728898406264114,12.05
2019-05-29,2080,2100,1595,1609,1.3051584835301429,1.1584203693329098,0.08290843308987338,1.769881648084795,11.24
2019-05-28,2144,2120,1612,1629,1.3014119091467158,1.1572007515636809,0.0813999511648825,1.7716369054193044,11.08
2019-05-27,2147,2146,1627,1618,1.3263288009888752,1.155697475520969,0.07974711135054598,2.1396552499294756,12.86
2019-05-24,2103,2139,1593,1615,1.3244582043343653,1.1537553884265515,0.07730424275198387,2.208194658286503,12.89
2019-05-23,2087,2111,1604,1618,1.3046971569839307,1.151386630326111,0.07471581958996468,2.0519152101814226,11.75
2019-05-22,2132,2120,1667,1619,1.3094502779493515,1.1502257976941537,0.07298106172304612,2.1817232648578693,12.16
2019-05-21,2109,2111,1646,1668,1.265587529976019,1.1489416295344004,0.07098820927770941,1.6431728822077218,9.22
2019-05-20,2154,2136,1634,1667,1.2813437312537492,1.1486698299165254,0.0705789202702261,1.8797949986944278,10.35
2019-05-17,2114,2150,1632,1643,1.3085818624467438,1.1481025204092392,0.06967543197582957,2.3032414365679847,12.26
2019-05-16,2042,2120,1580,1609,1.3175885643256682,1.1467620837530597,0.06750853314602664,2.5304427842195363,12.97
2019-05-15,2100,2064,1540,1585,1.3022082018927446,1.145701733345211,0.06540895635847276,2.3927375891736022,12.02
2019-05-14,2008,2024,1480,1517,1.3342122610415292,1.144353352281738,0.06317287855825571,3.005386379294247,14.23
2019-05-13,1792,1808,1524,1502,1.203728362183755,1.1429178049698199,0.05998506983725506,1.013761547313683,5.05
2019-05-10,1821,1820,1542,1536,1.1848958333333333,1.144390481533738,0.06275194508266259,0.6454836060657227,3.42
2019-05-09,1831,1814,1550,1550,1.1703225806451614,1.1458473520683525,0.06490679185233239,0.37708270395634,2.09
2019-05-08,1867,1860,1590,1551,1.1992263056092842,1.147927049988311,0.06807903059619831,0.7535250600915273,4.28
2019-05-07,1840,1880,1600,1619,1.1612106238418778,1.1513845203850652,0.07664260718801374,0.12820680059471257,0.85
2019-04-26,1832,1849,1633,1623,1.1392483056069007,1.154770024824375,0.08239407292493775,-0.18838392940733592,-1.36
2019-04-25,1834,1853,1649,1644,1.1271289537712896,1.157880502651488,0.08607077713945543,-0.35728211016816364,-2.73
2019-04-24,1843,1829,1668,1661,1.1011438892233594,1.1618164673688336,0.09117290828725083,-0.6654671797275372,-5.51
2019-04-23,1854,1853,1600,1670,1.1095808383233532,1.1664141187383286,0.09653412838003883,-0.588737696902718,-5.12
2019-04-22,1830,1848,1651,1603,1.1528384279475983,1.17015427928411,0.09964375556506938,-0.17377758634563006,-1.5
2019-04-19,1863,1833,1600,1571,1.166772756206238,1.173200147428979,0.1025178792556483,-0.06269531977649577,-0.55
2019-04-18,1833,1783,1623,1603,1.1122894572676232,1.1763965648801045,0.10594758407228616,-0.6050832416220283,-5.76
2019-04-17,1842,1841,1626,1612,1.1420595533498759,1.1801762450807056,0.10861604181254775,-0.35093059086624145,-3.34
2019-04-16,1848,1837,1631,1622,1.1325524044389643,1.1833732134173596,0.11095068143222118,-0.4580486421747778,-4.49
2019-04-15,1820,1841,1612,1641,1.1218769043266301,1.186949557493063,0.11354746076503967,-0.5730877003149003,-5.8
2019-04-12,1800,1794,1591,1661,1.0800722456351595,1.1901335983745223,0.11501677477250787,-0.9569156582337974,-10.19
2019-04-11,1776,1791,1530,1581,1.1328273244781784,1.1953924472344464,0.11881823428604095,-0.5265616269439742,-5.52
2019-04-10,1760,1796,1490,1500,1.1973333333333334,1.1991753730759362,0.12125754997440329,-0.015191134432385685,-0.15
2019-04-09,1788,1787,1494,1488,1.2009408602150538,1.2018332793058657,0.12335465916204717,-0.0072345795195267295,-0.07
2019-04-08,1783,1791,1500,1513,1.1837409120951752,1.2037103222039067,0.12439350940540371,-0.16053418063518404,-1.69
2019-04-05,1761,1783,1418,1462,1.219562243502052,1.2052640913467871,0.1248612837047118,0.11451229501275097,1.17
2019-04-04,1730,1759,1426,1434,1.2266387726638772,1.2064944024681536,0.12544932747252274,0.16057774562510754,1.64
2019-04-03,1720,1733,1400,1421,1.219563687543983,1.2072755304019367,0.12575434913618772,0.09771556392645062,1.01
2019-04-02,1742,1717,1444,1395,1.2308243727598567,1.2078521174733174,0.1259084119823214,0.18245210883737248,1.87
2019-04-01,1714,1719,1383,1420,1.2105633802816902,1.208056783410261,0.12595805336301022,0.019900250952634962,0.21
2019-03-29,1692,1686,1382,1368,1.2324561403508771,1.20858697372647,0.12605114313189875,0.18936096913798398,1.94
2019-03-28,1735,1689,1398,1378,1.225689404934688,1.2093275585217917,0.12635201399545262,0.12949414809870102,1.33
2019-03-27,1664,1695,1419,1426,1.188639551192146,1.210020614873372,0.126582206528981,-0.16891049909396996,-1.8
2019-03-26,1634,1674,1415,1402,1.1940085592011411,1.2110886988933096,0.12673516055894288,-0.13477033221751222,-1.43
2019-03-25,1621,1608,1436,1407,1.1428571428571428,1.2124176217069522,0.12707120523473697,-0.5474133870164469,-6.09
2019-03-22,1630,1660,1475,1459,1.13776559287183,1.214771101560432,0.12739524723395376,-0.6044613936592634,-6.77
2019-03-20,1619,1632,1465,1484,1.0997304582210243,1.2171946364666084,0.12763596095113053,-0.9203062943253035,-10.68
2019-03-19,1611,1613,1482,1452,1.1108815426997245,1.2197682257970315,0.12718670609510405,-0.8561168571807088,-9.8
2019-03-18,1630,1628,1490,1483,1.0977747808496292,1.221967966147242,0.12671025534470526,-0.9801352302523189,-11.31
2019-03-15,1596,1615,1470,1482,1.0897435897435896,1.2244950787856579,0.126096687293659,-1.0686362341006912,-12.37
2019-03-14,1624,1598,1494,1477,1.081922816519973,1.2267996313759248,0.12518906500035465,-1.1572641336968321,-13.39
2019-03-13,1622,1616,1458,1477,1.094109681787407,1.2291747087463645,0.12410297398887771,-1.0883303003767035,-12.34
2019-03-12,1638,1642,1446,1448,1.1339779005524862,1.2315232712828228,0.12318805149594458,-0.7918411692188174,-8.6
2019-03-11,1576,1622,1400,1423,1.1398453970484892,1.2336457234686409,0.12286000449097181,-0.7634732459011464,-8.23
2019-03-08,1589,1582,1421,1386,1.1414141414141414,1.2358251346808509,0.12262629977482252,-0.769908196203224,-8.27
2019-03-07,1621,1605,1473,1448,1.1084254143646408,1.2383297463096987,0.12259074814051643,-1.0596585298277035,-11.72
2019-03-06,1603,1640,1446,1472,1.1141304347826086,1.2406537076260233,0.1217553496315795,-1.039159866291399,-11.36
2019-03-05,1618,1609,1446,1441,1.1165857043719638,1.24297526024433,0.12097824258362899,-1.044729640414445,-11.32
2019-03-04,1599,1618,1479,1462,1.106703146374829,1.2448189683624318,0.12008842363210905,-1.1501177033576588,-12.48
2019-03-01,1576,1585,1471,1480,1.070945945945946,1.2466585795203005,0.11901050036753548,-1.4764464734767768,-16.41
2019-02-28,1607,1573,1495,1471,1.0693405846363018,1.2488888763116042,0.11725105164366979,-1.5313149789134188,-16.79
2019-02-27,1596,1596,1504,1501,1.0632911392405062,1.2509282639097608,0.11542636407818192,-1.6256002358539334,-17.65
2019-02-26,1592,1587,1529,1506,1.0537848605577689,1.253178688876341,0.11337321337740383,-1.7587384389892653,-18.92
2019-02-25,1605,1587,1533,1530,1.0372549019607844,1.2556466934340889,0.11099555485760246,-1.967572410926563,-21.05
2019-02-22,1581,1593,1486,1528,1.0425392670157068,1.258054340317686,0.10815430211531248,-1.9926629739813806,-20.67
2019-02-21,1588,1577,1520,1501,1.0506329113924051,1.2598643430732661,0.10563910001095428,-1.9806248979702088,-19.91
2019-02-20,1561,1578,1525,1515,1.0415841584158416,1.2612617303609939,0.10353436104326631,-2.121784205084827,-21.09
2019-02-19,1573,1574,1519,1515,1.038943894389439,1.2624803245608394,0.10145864281365485,-2.2032270881245783,-21.52
2019-02-18,1596,1581,1533,1515,1.0435643564356436,1.263734074650422,0.09924544508505966,-2.218436503822205,-21.1
2019-02-15,1570,1577,1470,1474,1.0698778833107192,1.264420297309955,0.09788939771401912,-1.987369608377666,-18.18
2019-02-14,1584,1584,1499,1489,1.0638012088650102,1.2648153330314487,0.09716058726374467,-2.068885438297949,-18.9
2019-02-13,1587,1603,1473,1490,1.0758389261744967,1.264837617098548,0.09711466233204885,-1.9461396084335636,-17.57
2019-02-12,1600,1579,1408,1463,1.079289131920711,1.2651656607276554,0.09651539432134949,-1.925874417381186,-17.22
2019-02-08,1558,1560,1399,1405,1.1103202846975089,1.2651637486839553,0.09651907800862349,-1.6042783165895138,-13.95
2019-02-07,1645,1584,1464,1422,1.1139240506329113,1.2649907466579,0.09680766335106078,-1.5604828253850562,-13.56
2019-02-06,1705,1642,1479,1463,1.1223513328776487,1.264793931456072,0.09712906160660269,-1.4665291337349893,-12.69
2019-02-05,1740,1724,1469,1469,1.1735874744724302,1.2636165526082879,0.09935820431221626,-0.906106131436883,-7.67
2019-02-04,1750,1745,1450,1459,1.1960246744345442,1.261034757351171,0.10406817667995909,-0.6246874403935455,-5.44
2019-02-01,1715,1738,1447,1432,1.2136871508379887,1.2589491478306578,0.10687955583994486,-0.4234860131758986,-3.73
2019-01-31,1722,1720,1458,1447,1.188666205943331,1.2559734977242465,0.11112083383419712,-0.605712623443272,-5.66
2019-01-30,1713,1686,1467,1428,1.180672268907563,1.2536697085688062,0.11423972260454195,-0.6389847418829511,-6.18
2019-01-29,1721,1703,1418,1485,1.1468013468013467,1.2515473211523012,0.11702096826251093,-0.8951043210989315,-9.13
2019-01-28,1730,1740,1434,1429,1.2176347095871238,1.2500090174806642,0.1191271641261507,-0.27176260033569927,-2.66
2019-01-25,1747,1736,1427,1431,1.2131376659678546,1.247054039966321,0.12259189187150467,-0.27666082544852233,-2.8
2019-01-24,1760,1752,1408,1407,1.2452025586353945,1.2436948356100315,0.12685294952954973,0.011885596913234132,0.12
2019-01-23,1780,1769,1447,1428,1.238795518207283,1.240192473046941,0.13034122080030705,-0.010717674969441971,-0.11
2019-01-22,1796,1771,1454,1466,1.2080491132332878,1.2363240089946532,0.13456245027509867,-0.2101247094086085,-2.34
2019-01-21,1810,1789,1496,1445,1.2380622837370243,1.2326552158635045,0.138962461462235,0.038910277039021085,0.44
2019-01-18,1786,1780,1439,1482,1.2010796221322537,1.2285649669130512,0.1431934470830573,-0.19194554877120157,-2.29
2019-01-17,1768,1765,1382,1439,1.226546212647672,1.2248180969870532,0.14747616704061642,0.011717931753290493,0.14
2019-01-16,1733,1761,1331,1340,1.3141791044776119,1.2210123117889737,0.15102278716491235,0.6169055308647086,7.09
2019-01-15,1728,1751,1298,1353,1.2941611234294161,1.2159466456445576,0.1541521668548957,0.5073848741839763,6.04
2019-01-11,1785,1760,1277,1327,1.3262999246420497,1.2111720015385592,0.15717185722775928,0.7324970585329249,8.68
2019-01-10,1797,1794,1200,1230,1.4585365853658536,1.2064938504965483,0.15888775367623229,1.5862942803187725,17.28
2019-01-09,1839,1834,1314,1296,1.4151234567901234,1.1996867884571238,0.15887998026696243,1.3559711423113612,15.22
2019-01-08,1812,1809,1300,1318,1.372534142640364,1.1933464908946039,0.15964252747569466,1.122430561449494,13.06
2019-01-07,1850,1822,1270,1281,1.4223263075722092,1.1878454074693716,0.16047948819640212,1.4611269186992246,16.49
2019-01-04,1756,1793,1250,1240,1.445967741935484,1.1817415218180214,0.160150635377399,1.6498605796649313,18.27
2018-12-28,1802,1796,1306,1292,1.390092879256966,1.174945501464935,0.15960767064159992,1.3479764282453932,15.48
2018-12-27,1814,1815,1267,1314,1.3812785388127853,1.1690158751124118,0.15976544084354882,1.3285893531144377,15.37
2018-12-26,1730,1730,1270,1230,1.4065040650406504,1.1629146372367019,0.1602795175584881,1.5197788932391787,17.32
2018-12-25,1721,1714,1149,1228,1.3957654723127035,1.1560654854302665,0.160698994907995,1.4916085008476403,17.17
2018-12-21,1800,1795,1295,1299,1.3818321785989223,1.149149149281476,0.1613949126201547,1.441699899581526,16.84
2018-12-20,1822,1800,1346,1285,1.4007782101167314,1.1424077445882705,0.16209299998305904,1.593964363393016,18.44
2018-12-19,1879,1841,1315,1353,1.360679970436068,1.1351572776554062,0.16253508435140873,1.3875323821967616,16.57
2018-12-18,1953,1936,1351,1313,1.4744859101294745,1.1287516174499823,0.16298715865175792,2.1212363939554035,23.45
2018-12-17,1973,1969,1414,1390,1.416546762589928,1.121010774007372,0.16014491079534304,1.8454285379086177,20.86
2018-12-14,1939,1933,1429,1384,1.3966763005780347,1.1135167818994711,0.159288221888357,1.7776550916427853,20.27
2018-12-13,1902,1920,1466,1431,1.3417190775681342,1.1063992337864634,0.1584005586514308,1.4855998349065496,17.54
2018-12-12,1878,1901,1429,1462,1.3002735978112174,1.099814464710352,0.15874590678367215,1.2627672559396264,15.42
2018-12-11,1876,1851,1466,1411,1.3118355776045358,1.0936957756534336,0.15974231449372395,1.365573064610083,16.63
2018-12-10,1837,1870,1463,1455,1.2852233676975946,1.0882319358546406,0.15919487282032016,1.237423218179231,15.33
2018-12-07,1874,1898,1503,1503,1.2628077178975383,1.0823458511044284,0.15996185338794275,1.1281556381786233,14.29
2018-12-06,1886,1873,1535,1503,1.2461743180306055,1.076558941946856,0.16117474114290367,1.0523694648490987,13.61
2018-12-05,1894,1908,1485,1526,1.2503276539973787,1.0706210448168654,0.16300956390632987,1.1024298505809023,14.37
2018-12-04,1969,1932,1538,1500,1.288,1.0648533037979275,0.16419762927885487,1.359012899163758,17.33
2018-12-03,1952,1951,1525,1527,1.2776686313032088,1.0583964813680211,0.16481603505230172,1.3304054418346203,17.16
2018-11-30,1903,1912,1496,1507,1.2687458526874584,1.0520136773950894,0.16546890014758336,1.3098061031351715,17.08
2018-11-29,1950,1903,1478,1471,1.2936777702243372,1.0459134653129107,0.16579946899353884,1.4943612691611319,19.15
2018-11-28,1915,1921,1460,1456,1.3193681318681318,1.0393199081878082,0.16564817353094227,1.690620655277023,21.23
2018-11-27,1901,1912,1466,1449,1.3195307108350587,1.0324074737753737,0.16463151855151703,1.744035647522971,21.76
2018-11-26,1852,1890,1468,1462,1.292749658002736,1.0256336860824857,0.16312309456333918,1.6375116756783425,20.66
2018-11-22,1850,1850,1432,1450,1.2758620689655173,1.019427645148136,0.16169039714788785,1.5859595148550294,20.1
2018-11-21,1845,1846,1433,1434,1.2873082287308228,1.0138476969650179,0.15995641200980096,1.7095940595932428,21.24
2018-11-20,1870,1856,1472,1470,1.2625850340136053,1.0086432261227438,0.15730232437644193,1.6143550891412803,20.11
2018-11-19,1861,1880,1478,1492,1.260053619302949,1.0031866260710371,0.1554863830542498,1.6520224355742457,20.39
2018-11-16,1915,1866,1480,1469,1.2702518720217835,0.9978471906082774,0.15343622162988535,1.7753609839962896,21.44
2018-11-15,1889,1910,1445,1477,1.2931618144888286,0.9924606509570041,0.15084804529556667,1.9934044418185242,23.25
2018-11-14,1918,1895,1480,1454,1.3033012379642366,0.9879566497499664,0.1467909464207011,2.1482563870832765,24.2
2018-11-13,1929,1958,1480,1473,1.3292600135777326,0.9831832535573418,0.14220817721657944,2.433592545760042,26.04
2018-11-12,1964,1960,1523,1528,1.2827225130890052,0.9780565471529464,0.13645383305884975,2.2327402543881822,23.75
2018-11-09,1934,1962,1529,1523,1.2882468811556138,0.9734484678373222,0.13184515126956842,2.3876373934651567,24.44
2018-11-08,1940,1935,1580,1542,1.254863813229572,0.9688147980817077,0.12670693114183493,2.257564069858679,22.8
2018-11-07,1950,1928,1550,1549,1.2446739832149774,0.9641884544481463,0.12244080373763797,2.2907847727612607,22.53
2018-11-06,1890,1918,1539,1549,1.2382182052937378,0.9598663056121175,0.11810817854006511,2.3567538092816895,22.48
2018-11-05,1895,1875,1520,1534,1.2222946544980444,0.9558904729209979,0.11360421139538973,2.3450202972656493,21.8
2018-11-02,1900,1890,1512,1534,1.2320730117340286,0.9521545787296545,0.10930787793211161,2.5608257913324826,22.72
2018-11-01,1833,1867,1484,1507,1.238885202388852,0.9487055509884328,0.10439160852873983,2.7797220053423204,23.42
2018-10-31,1818,1817,1511,1492,1.217828418230563,0.9450825618492367,0.09882459310688324,2.759898602226871,22.4
2018-10-30,1800,1791,1486,1520,1.1782894736842104,0.9413287096129583,0.09360218483662502,2.5315730021136558,20.11
2018-10-29,1729,1732,1501,1499,1.1554369579719814,0.9392352045737645,0.0899640838706012,2.403200745190583,18.71
2018-10-26,1702,1704,1550,1504,1.1329787234042554,0.9375814816643306,0.08706799619547674,2.2441913249184875,17.25
2018-10-25,1697,1687,1554,1489,1.1329751511081263,0.9353716376454444,0.08413449645098971,2.3486622229657073,17.44
2018-10-24,1757,1763,1615,1610,1.095031055900621,0.9329168174488512,0.08095916145904795,2.002419930371599,14.8
2018-10-23,1765,1779,1666,1618,1.099505562422744,0.9292614583152313,0.07973692011237847,2.135072484209029,15.48
2018-10-22,1721,1725,1592,1619,1.0654725138974677,0.9251908578338053,0.07872832588974824,1.7818447741428405,13.17
2018-10-19,1704,1742,1570,1583,1.100442198357549,0.9218335973182241,0.07804033464829735,2.288670363143063,16.23
2018-10-18,1715,1718,1576,1592,1.079145728643216,0.9181592328716548,0.07600538301579152,2.118093342653287,14.92
2018-10-17,1719,1736,1553,1582,1.0973451327433628,0.9147242358482555,0.07445792850038191,2.452672275111315,16.64
2018-10-16,1639,1707,1589,1553,1.0991629104958145,0.9110419225332943,0.07212798566423402,2.608155298253441,17.11
2018-10-15,1637,1640,1686,1586,1.034047919293821,0.9076663045424359,0.06910580364793226,1.8288133279695475,12.22
2018-10-12,1650,1662,1716,1696,0.9799528301886793,0.9053977366244352,0.06769811795036386,1.1012875368102215,7.61
2018-10-11,1679,1680,1552,1616,1.0396039603960396,0.903848166496259,0.06730278510818384,2.0170902835828275,13.06
2018-10-10,1784,1775,1797,1792,0.9905133928571429,0.9015295970596975,0.06555877490735808,1.3573132799261354,8.98
2018-10-09,1819,1791,1745,1763,1.015882019285309,0.8998679823742246,0.06485792698261167,1.7887410576996656,11.42
2018-10-05,1800,1806,1736,1768,1.0214932126696832,0.8979746666783062,0.06350206278875485,1.9451107659647566,12.09
2018-10-04,1766,1805,1798,1750,1.0314285714285714,0.8956891316337914,0.06208423036442935,2.186375493390199,13.16
2018-10-03,1734,1748,1817,1755,0.996011396011396,0.8931391859934347,0.060360249828628774,1.704303913751682,10.33
2018-10-02,1775,1734,1804,1804,0.9611973392461197,0.8914946448126616,0.05920421226027972,1.1773266085700773,7.25
2018-10-01,1686,1743,1779,1774,0.9825253664036077,0.8907832000633912,0.05868061763601725,1.56341514517234,9.34
2018-09-28,1715,1700,1815,1792,0.9486607142857143,0.8898630793485605,0.05776882540270297,1.0178090782922986,6.2
2018-09-27,1730,1682,1852,1803,0.9328896283971159,0.8896203112718885,0.05755910093117013,0.751737195773252,4.64
2018-09-26,1694,1735,1852,1863,0.9312936124530328,0.8903280322186784,0.05840684553732685,0.7013832001622814,4.4
2018-09-25,1726,1715,1843,1864,0.9200643776824035,0.890884748115711,0.058990736533603816,0.49464765624803586,3.17
2018-09-21,1695,1726,1825,1834,0.9411123227917121,0.8918167025370937,0.05998805760796585,0.8217572333609353,5.24
2018-09-20,1702,1691,1801,1810,0.9342541436464088,0.8923102282687249,0.06054129479633921,0.69281497065405,4.49
2018-09-19,1670,1669,1746,1783,0.9360628154795289,0.8924287571895597,0.06063193171459546,0.7196547603886657,4.66
2018-09-18,1642,1668,1725,1710,0.9754385964912281,0.8922160555543321,0.060506338339715235,1.3754350902816117,8.53
2018-09-14,1660,1641,1765,1731,0.9480069324090121,0.8910338330774359,0.0597299586572859,0.9538446135292381,6.01
2018-09-13,1631,1649,1714,1755,0.9396011396011396,0.8899264308918323,0.059432590572938794,0.8358159762250953,5.29
2018-09-12,1673,1630,1682,1698,0.9599528857479388,0.8894494093229472,0.05917499198104858,1.1914404052233931,7.34
2018-09-11,1660,1659,1758,1720,0.9645348837209302,0.888582142966207,0.05860928474879549,1.295916527223687,7.87
2018-09-10,1644,1660,1737,1773,0.9362662154540327,0.8882557581487142,0.058252481642754164,0.8241787465768914,5.13
2018-09-07,1615,1644,1741,1739,0.9453709028177113,0.8881353104101356,0.05816235622969753,0.9840659168197757,6.05
2018-09-06,1620,1634,1784,1769,0.9236856981345393,0.8884539089587925,0.058539229651069606,0.6018492109607565,3.81
2018-09-05,1604,1616,1845,1810,0.8928176795580111,0.8896676268231789,0.060177857472619445,0.05234571098290444,0.35
2018-09-04,1620,1612,1794,1838,0.8770402611534276,0.8910889679815251,0.0614802791156897,-0.22850753168608082,-1.6
2018-09-03,1630,1607,1869,1834,0.876226826608506,0.8927129542847378,0.06268458691874253,-0.2630012972344004,-1.88
2018-08-31,1626,1636,1874,1909,0.856993190151912,0.8942713092403026,0.06369993525935636,-0.5852143952205219,-4.35
2018-08-30,1647,1654,1830,1879,0.8802554550292709,0.8966585471854243,0.06558519071951821,-0.25010359772075413,-1.86
2018-08-29,1591,1618,1855,1810,0.8939226519337017,0.8976227601659864,0.06586792380725531,-0.05617466011395917,-0.41
2018-08-28,1635,1615,1865,1890,0.8544973544973545,0.8985237059037199,0.06627203204708226,-0.6643277721601669,-5.15
2018-08-27,1584,1617,1891,1874,0.8628601921024547,0.8998464572264713,0.0663700690153952,-0.5572732659873724,-4.29
2018-08-24,1571,1566,1849,1847,0.8478613968597726,0.9014141699782844,0.06686471344660964,-0.8009123251724215,-6.32
2018-08-23,1625,1570,1844,1866,0.8413719185423365,0.9031362615872333,0.06712599128178187,-0.9201256006130627,-7.34
2018-08-22,1564,1630,1817,1807,0.9020475926950747,0.9052513026733354,0.06764363953888312,-0.047361584919142725,-0.36
2018-08-21,1511,1550,1834,1837,0.8437670114316821,0.906494143617496,0.06842516301421285,-0.9167260905580108,-7.43
2018-08-20,1525,1520,1896,1834,0.8287895310796074,0.9085935003856505,0.06888228936874043,-1.158555704773933,-9.63
2018-08-17,1544,1540,1900,1923,0.8008320332813312,0.9107317283246694,0.06886088164023313,-1.595967005149807,-13.72
2018-08-16,1548,1539,1895,1882,0.8177470775770457,0.9127186679792466,0.06780294725293314,-1.4007000322259957,-11.61
2018-08-15,1539,1548,1947,1926,0.8037383177570093,0.9141528878646884,0.06691065971484103,-1.6501790683015598,-13.74
2018-08-14,1511,1534,1880,1920,0.7989583333333333,0.9161081029779964,0.06578875287901549,-1.7806960083298689,-14.66
2018-08-13,1506,1517,1887,1870,0.8112299465240642,0.9182262683753798,0.06452817255106798,-1.658133457392398,-13.19
2018-08-10,1547,1524,1908,1907,0.7991609858416361,0.9204426883845567,0.06366406978889382,-1.905025910927205,-15.18
2018-08-09,1561,1541,1921,1924,0.8009355509355509,0.9225785364866139,0.062230313193961766,-1.9547223741574562,-15.19
2018-08-08,1574,1567,1924,1931,0.8114966338684619,0.9249813050590937,0.060953063572584384,-1.8618370355657592,-13.98
2018-08-07,1592,1576,1895,1905,0.8272965879265092,0.9278791413518905,0.06065449401724322,-1.65828690940505,-12.16
2018-08-06,1665,1647,1981,1921,0.8573659552316502,0.930971545948448,0.061355873731595456,-1.1996502737258607,-8.59
2018-08-03,1697,1689,1980,1883,0.8969729155602761,0.9336381515676665,0.062435464335984625,-0.5872501533757054,-4.09
2018-08-02,1694,1699,1976,1991,0.8533400301356102,0.9365554255345142,0.06568133827268242,-1.2669564534971445,-9.75
2018-08-01,1700,1702,1979,1980,0.8595959595959596,0.9400885343506462,0.06818908701645414,-1.1804319177240727,-9.36
2018-07-31,1680,1710,1950,1974,0.8662613981762918,0.9434276262914094,0.07026573106432919,-1.098205724842896,-8.91
2018-07-30,1848,1862,1960,1949,0.9553617239610056,0.9474362551575253,0.0742140500280411,0.1067920265837232,0.83
2018-07-27,1872,1849,1964,1956,0.9452965235173824,0.9494914872677973,0.07650409809622766,-0.05483319004870143,-0.44
2018-07-26,1863,1847,1989,1955,0.9447570332480818,0.9513009667953941,0.07797427536928465,-0.08392426240988282,-0.69
2018-07-25,1840,1833,1940,1956,0.9371165644171779,0.9528176815293913,0.0789326827350117,-0.1989178191868156,-1.68
2018-07-24,1805,1825,1995,1940,0.9407216494845361,0.9544012511592093,0.07978853328946095,-0.1714482158112323,-1.45
2018-07-23,1795,1784,1990,1965,0.9078880407124682,0.9559445291441955,0.08062402558635613,-0.5960566727129512,-5.29
2018-07-20,1802,1795,1948,1950,0.9205128205128205,0.9583481035856606,0.08183354687502195,-0.46234441152383415,-4.11
2018-07-19,1855,1834,1949,1951,0.9400307534597643,0.9604465478252497,0.08284802700900502,-0.24642462956017533,-2.17
2018-07-18,1883,1855,1980,1969,0.9421025901472829,0.9615336034312016,0.08310748717021121,-0.23380580914595997,-2.06
2018-07-17,1826,1866,1862,1917,0.97339593114241,0.9627919966917784,0.08351726574603088,0.12696697330678017,1.09
2018-07-13,1854,1826,1968,1888,0.9671610169491526,0.9643363767267865,0.08476075037572911,0.03332486097450694,0.29
2018-07-12,1835,1837,1980,1962,0.936289500509684,0.9662044489806133,0.08633177526425508,-0.3465114481818767,-3.2
2018-07-11,1837,1824,1775,1786,1.0212765957446808,0.9678371519777337,0.08690658306427139,0.6149067410396999,5.23
2018-07-10,1784,1839,1815,1783,1.0314077397644419,0.9684951889761962,0.087493584801507,0.7190532989472622,6.1
2018-07-09,1679,1742,1744,1801,0.9672404219877846,0.968848208866496,0.08779959140082651,-0.01831200866723284,-0.17
2018-07-06,1700,1670,1780,1760,0.9488636363636364,0.9700074112667483,0.08834295820542692,-0.23933741106954529,-2.23
2018-07-05,1503,1494,1891,1820,0.8208791208791208,0.9708785989342562,0.08845225548879362,-1.6958242299896966,-18.27
2018-07-04,1493,1509,1898,1900,0.7942105263157895,0.973601282467229,0.08692273407617683,-2.0637956002882527,-22.59
2018-07-03,1533,1511,1862,1857,0.8136779752288638,0.9767321254057099,0.08460280297028594,-1.9272901659548292,-20.04
2018-07-02,1583,1526,1938,1850,0.8248648648648649,0.9795433463942641,0.08261774063101159,-1.8722187310861749,-18.75
2018-06-29,1615,1588,1945,1933,0.8215209518882566,0.9816790883781206,0.08063825119488288,-1.9861310744797904,-19.5
2018-06-28,1601,1598,1908,1946,0.8211716341212744,0.9837734653101421,0.07846183296966489,-2.072368501150531,-19.8
2018-06-27,1613,1604,1838,1896,0.8459915611814346,0.9858227465200948,0.07616162048941402,-1.835979650119129,-16.53
2018-06-26,1574,1606,1838,1859,0.863905325443787,0.987867084902885,0.07441866401853528,-1.6657348138932349,-14.35
2018-06-25,1622,1591,1871,1842,0.8637350705754615,0.9893608249486613,0.07302682695974189,-1.7202685588743236,-14.54
2018-06-22,1621,1631,1894,1884,0.8657112526539278,0.9912047359752008,0.07156278789326663,-1.7536136729111513,-14.5
2018-06-21,1703,1640,1899,1894,0.8658922914466737,0.9926492778892496,0.0700934185008007,-1.8084006908741077,-14.64
2018-06-20,1632,1663,1922,1903,0.8738833420914346,0.9938995363845563,0.06864256802761823,-1.7484222653912567,-13.73
2018-06-19,1645,1633,1970,1921,0.8500780843310776,0.995381957624203,0.06722048360829266,-2.1616011294985684,-17.09
2018-06-18,1670,1656,1950,1971,0.8401826484018264,0.9978920422984228,0.06523329074120646,-2.4176213112145626,-18.77
2018-06-15,1710,1686,1910,1932,0.8726708074534162,1.000697596333935,0.06287226449695019,-2.0362999472800793,-14.67
2018-06-14,1731,1714,1904,1888,0.9078389830508474,1.0031211253528358,0.061375946769730794,-1.5524345825485393,-10.5
2018-06-13,1765,1764,1877,1931,0.9135163127912999,1.004698750771761,0.0604197527946845,-1.509149471205435,-9.98
2018-06-12,1821,1766,1865,1898,0.9304531085353003,1.006347332206165,0.059590451535191276,-1.2735970565023345,-8.16
2018-06-11,1788,1827,1821,1853,0.985968699406368,1.0079965492260505,0.05917739150226515,-0.3722342141227933,-2.23
2018-06-08,1775,1769,1778,1818,0.9730473047304731,1.0089159395523402,0.059363371663674634,-0.604221657507632,-3.69
2018-06-07,1761,1775,1774,1793,0.9899609592861126,1.0099962701043095,0.059438004464155245,-0.3370791297389432,-2.02
2018-06-06,1700,1744,1785,1783,0.9781267526640494,1.0104280251314766,0.059408502760173405,-0.5437146362335443,-3.3
2018-06-05,1679,1692,1810,1794,0.9431438127090301,1.0114273034386,0.05948703645722873,-1.1478717851185258,-7.24
2018-06-04,1647,1670,1849,1815,0.9201101928374655,1.012993178760712,0.05921407002720737,-1.5685965494445682,-10.09
2018-06-01,1611,1629,1812,1837,0.8867719107240065,1.0146853932480981,0.05834257339921394,-2.192455270164943,-14.42
2018-05-31,1623,1614,1800,1866,0.864951768488746,1.016601605170152,0.056438953144710854,-2.686971111823641,-17.53
2018-05-30,1613,1607,1792,1778,0.9038245219347582,1.0189611304924975,0.053681438074763235,-2.1448122980123263,-12.74
2018-05-29,1675,1652,1800,1846,0.894907908992416,1.0206659124442587,0.052001884585925695,-2.418335497899996,-14.05
2018-05-28,1684,1678,1818,1785,0.9400560224089636,1.0231528289739784,0.050362371553956536,-1.6499780292512185,-8.84
2018-05-25,1705,1682,1740,1814,0.9272326350606395,1.0243155681712681,0.049428472167779125,-1.9641095274216058,-10.47
2018-05-24,1720,1703,1695,1757,0.9692657939669892,1.0260540772750446,0.04826254617881472,-1.176653280944865,-5.86
2018-05-23,1720,1724,1679,1699,1.0147145379635079,1.0274050431594066,0.04807175209656298,-0.2639909019834977,-1.25
2018-05-22,1713,1718,1722,1719,0.9994182664339732,1.0282299086689677,0.04837672229098738,-0.5955682995985462,-2.88
2018-05-21,1719,1721,1742,1723,0.9988392338943702,1.0293797970962102,0.04870208335282414,-0.6270894610521619,-3.06
2018-05-18,1731,1728,1705,1740,0.993103448275862,1.0304816937307049,0.04893298349355248,-0.7638660630567896,-3.76
2018-05-17,1680,1725,1719,1665,1.0360360360360361,1.0317399997570498,0.04916845585026527,0.0873738295151923,0.41
2018-05-16,1646,1667,1710,1750,0.9525714285714286,1.032532974895376,0.04970796977150552,-1.608626276460487,-8.39
2018-05-15,1649,1648,1712,1714,0.9614935822637106,1.0349201945574342,0.05010811529605372,-1.4653636813098485,-7.64
2018-05-14,1647,1648,1720,1728,0.9537037037037037,1.0373079194787949,0.050814064554997,-1.645296760006371,-8.77
2018-05-11,1661,1654,1677,1687,0.980438648488441,1.039705934326422,0.05105522520361867,-1.1608466244465887,-6.04
2018-05-10,1643,1658,1701,1697,0.9770182675309369,1.041853459636127,0.05189757253064922,-1.2492914204590275,-6.64
2018-05-09,1679,1683,1683,1683,1.0,1.043690679837164,0.05200868160405253,-0.8400651293140935,-4.37
2018-05-08,1647,1680,1676,1688,0.995260663507109,1.045304155014469,0.05250294912034654,-0.9531558197359751,-5.03
2018-05-07,1650,1643,1678,1641,1.0012187690432663,1.0465412964676217,0.05240225486449282,-0.8648965114488885,-4.53
2018-05-02,1630,1642,1667,1660,0.9891566265060241,1.0476133067107123,0.05228637612930815,-1.118009786337466,-5.91
2018-05-01,1607,1610,1731,1695,0.9498525073746312,1.0488477104816067,0.05198369487953412,-1.9043510342307302,-10.42
2018-04-27,1640,1623,1723,1754,0.9253135689851767,1.050319355008958,0.05070697801148305,-2.4652580557151844,-13.51
2018-04-26,1640,1628,1711,1713,0.950379451255108,1.0540391884260734,0.05162505309313919,-2.0079347324630916,-10.91
2018-04-25,1646,1635,1664,1707,0.9578207381370826,1.0576321682916916,0.05362419909983667,-1.8613132098958105,-10.42
2018-04-24,1655,1648,1690,1686,0.9774614472123369,1.060903189828023,0.054903124809322815,-1.5197995178867734,-8.54
2018-04-23,1657,1652,1705,1722,0.959349593495935,1.062977148619138,0.05464924718160866,-1.8962302404428584,-10.8
2018-04-20,1666,1665,1656,1697,0.981143193871538,1.065024682150225,0.05359492096557659,-1.5651014455747223,-8.55
2018-04-19,1704,1677,1622,1630,1.028834355828221,1.0670106785454951,0.0532081603804679,-0.71748999484839,-3.71
2018-04-18,1665,1699,1578,1604,1.0592269326683292,1.0682999793330337,0.05343853242482905,-0.16978472748044326,-0.86
2018-04-17,1676,1659,1493,1569,1.05736137667304,1.0695228655138083,0.054260017380899264,-0.22413352276310347,-1.15
2018-04-16,1667,1677,1508,1503,1.1157684630738522,1.0704047185296095,0.0545916420876231,0.8309650123993526,4.07
2018-04-13,1607,1654,1526,1479,1.1183231913455036,1.070310209828827,0.05451911416098839,0.8806632729743183,4.29
2018-04-12,1598,1594,1446,1436,1.1100278551532032,1.0702684918947505,0.054483544237403994,0.7297499422065349,3.58
2018-04-11,1614,1608,1480,1378,1.1669085631349783,1.0708805167835813,0.05518009190643151,1.7402661545803697,8.23
2018-04-10,1583,1611,1459,1452,1.109504132231405,1.070557058600685,0.054685123137399386,0.712206015022831,3.51
2018-04-09,1594,1588,1502,1469,1.081007488087134,1.0712068936141563,0.055428604231910636,0.1768147440980571,0.91
2018-04-06,1609,1592,1510,1504,1.0585106382978724,1.0720245322194055,0.0560163216362832,-0.2412492203483035,-1.28
2018-04-05,1622,1606,1534,1521,1.0558842866535174,1.0728687558576675,0.056282782403467714,-0.30177024800223157,-1.61
2018-04-04,1610,1609,1497,1523,1.056467498358503,1.0739136659011261,0.05668379881489748,-0.30778049296932486,-1.65
2018-04-03,1613,1617,1481,1486,1.0881561238223418,1.074628568953316,0.056797260522982396,0.2381726643937717,1.24
2018-04-02,1600,1619,1577,1502,1.077896138482024,1.0746317911697547,0.05679803472527121,0.05747289194175081,0.3
2018-03-30,1608,1611,1542,1577,1.021559923906151,1.074481460603636,0.056804116338063926,-0.9316496780361435,-5.18
2018-03-29,1602,1591,1511,1535,1.0364820846905538,1.0747551171960428,0.05659756783657024,-0.6762310461114733,-3.69
2018-03-28,1560,1587,1428,1457,1.0892244337680164,1.0750814747882966,0.05644630175764654,0.25055598930896916,1.3
2018-03-27,1560,1600,1458,1445,1.1072664359861593,1.0745674913470655,0.056490669433329824,0.5788379739008928,2.95
2018-03-26,1526,1532,1460,1447,1.058742225293711,1.0739706055339167,0.05637840755623691,-0.2701101521006141,-1.44
2018-03-23,1557,1531,1495,1430,1.0706293706293706,1.0743008066218587,0.056360770108815114,-0.0651416931564223,-0.34
2018-03-22,1557,1590,1495,1503,1.0578842315369261,1.0747862847452678,0.05648373739548283,-0.299237514861993,-1.6
2018-03-20,1560,1576,1520,1495,1.054180602006689,1.0755749888186024,0.056654948224029035,-0.3776260941465182,-2.03
2018-03-19,1594,1571,1567,1549,1.014202711426727,1.0763473491027582,0.05675278670818462,-1.0950059244768167,-6.13
2018-03-16,1570,1594,1540,1555,1.02508038585209,1.078005065158325,0.05672914716796165,-0.9329362761181214,-5.16
2018-03-15,1548,1560,1500,1516,1.029023746701847,1.0792273949138074,0.05656302661701979,-0.8875700473364356,-4.88
2018-03-14,1515,1546,1524,1509,1.024519549370444,1.0807066635684617,0.056681355483746046,-0.9912803552153922,-5.48
2018-03-13,1496,1515,1525,1538,0.9850455136540962,1.0825418984056847,0.057059454886025075,-1.708680620001282,-9.9
2018-03-12,1494,1509,1529,1542,0.9785992217898832,1.0845623778189442,0.05624851516058641,-1.8838391684925717,-10.83
2018-03-09,1489,1474,1485,1512,0.9748677248677249,1.086464519428675,0.055032028505815546,-2.027851736360347,-11.45
2018-03-08,1485,1463,1493,1464,0.9993169398907104,1.0885073862527672,0.05367861718235623,-1.6615637854280103,-8.93
2018-03-07,1472,1460,1474,1496,0.9759358288770054,1.0907057126427833,0.053356066182965074,-2.151018468494597,-11.76
2018-03-06,1489,1482,1520,1479,1.002028397565923,1.0935961850209217,0.05293060459579585,-1.729959220270681,-9.14
2018-03-05,1470,1464,1512,1503,0.9740518962075848,1.0962469174978204,0.05325558941490928,-2.294501340286101,-12.55
2018-03-02,1480,1475,1500,1537,0.9596616785946649,1.0991003874453606,0.05235768975823965,-2.6631944513700008,-14.53
2018-03-01,1550,1517,1599,1540,0.9850649350649351,1.1023134936163412,0.05108076662247873,-2.295356281904537,-11.9
2018-02-28,1575,1571,1484,1513,1.0383344348975545,1.1048829981858457,0.04995275248701496,-1.3322301569986605,-6.41
2018-02-27,1587,1578,1498,1502,1.0505992010652463,1.1065852692630391,0.049831133608403355,-1.1235158452897716,-5.33
2018-02-26,1584,1569,1519,1488,1.0544354838709677,1.1077087205043563,0.049505001770039976,-1.0761182653997823,-5.05
2018-02-23,1564,1569,1502,1529,1.026160889470242,1.1084749024950864,0.04911773396274373,-1.6758511923062305,-8.02
2018-02-22,1556,1563,1484,1507,1.037159920371599,1.109009371392581,0.04843244623423617,-1.4834982869436946,-6.93
2018-02-21,1579,1577,1493,1496,1.054144385026738,1.1097642426240586,0.04774301146469616,-1.164984274995912,-5.28
2018-02-20,1592,1575,1486,1493,1.0549229738780979,1.1103615929702284,0.047321784535326705,-1.1715242701962023,-5.26
2018-02-19,1531,1579,1472,1498,1.0540720961281709,1.1109269346648303,0.046907557994661335,-1.2120613599865973,-5.39
2018-02-16,1507,1510,1439,1477,1.022342586323629,1.1114269350254768,0.04649692617974559,-1.9159190944680897,-8.71
2018-02-15,1488,1508,1409,1432,1.053072625698324,1.1122997655818123,0.04541837421367787,-1.3040347856760546,-5.62
2018-02-14,1514,1488,1446,1403,1.060584461867427,1.112946969282179,0.0449128182440947,-1.165870000189463,-4.94
2018-02-13,1542,1514,1498,1446,1.0470262793914247,1.1137109921754371,0.044501067699840836,-1.498496917732402,-6.37
2018-02-09,1499,1521,1440,1476,1.0304878048780488,1.1145739778558605,0.04382191459778878,-1.9188155914587688,-8.16
2018-02-08,1558,1566,1534,1503,1.0419161676646707,1.1155171336547656,0.04275013037906431,-1.7216547724527862,-7.06
2018-02-07,1630,1563,1555,1515,1.0316831683168317,1.115800800129084,0.04232932704224805,-1.9872187367471297,-8.15
2018-02-06,1618,1607,1547,1486,1.0814266487213997,1.116139055190723,0.04175323123304358,-0.8313705417331133,-3.21
2018-02-05,1670,1658,1589,1614,1.0272614622057001,1.115560612917916,0.042523530300825625,-2.076477425264514,-8.6
2018-02-02,1708,1707,1607,1614,1.0576208178438662,1.1156096041978134,0.04242377238292493,-1.3668936800464029,-5.48
2018-02-01,1702,1729,1567,1615,1.0705882352941176,1.1155902717742412,0.042450515282045506,-1.0601057768351103,-4.2
2018-01-31,1751,1687,1577,1567,1.0765794511806,1.1161342438185042,0.042130553775574,-0.9388623954151997,-3.67
2018-01-30,1761,1711,1601,1576,1.0856598984771573,1.1168576289138739,0.04191038093678181,-0.7443914786595633,-2.87
2018-01-29,1728,1752,1598,1620,1.0814814814814815,1.1175733275770559,0.04182975377634896,-0.8628271227353272,-3.34
2018-01-26,1737,1728,1595,1589,1.0874764002517308,1.1182138492313145,0.041639559487171636,-0.738179014334995,-2.83
2018-01-25,1733,1732,1544,1581,1.0955091714104996,1.118747497227958,0.04149844204046383,-0.5599806805951769,-2.12
2018-01-24,1721,1754,1600,1550,1.1316129032258064,1.1190595081657162,0.041410426575876284,0.3031457557455647,1.11
2018-01-23,1700,1712,1510,1501,1.140572951365756,1.1183547104732663,0.04163996836830515,0.5335796774860553,1.95
2018-01-22,1688,1706,1500,1505,1.1335548172757475,1.1175860955119667,0.04175463236495176,0.38244191983796844,1.41
2018-01-19,1660,1686,1500,1477,1.1415030467163167,1.1172106204932415,0.04173595862038563,0.5820502757353655,2.13
2018-01-18,1701,1641,1519,1472,1.1148097826086956,1.1169157844992028,0.04164130605764586,-0.0505748279746994,-0.19
2018-01-17,1671,1686,1537,1504,1.1210106382978724,1.116996334915484,0.0416429973810275,0.0963980413239278,0.36
2018-01-16,1681,1693,1546,1556,1.0880462724935733,1.1167521077740936,0.041672440503821434,-0.6888445920964938,-2.64
2018-01-15,1703,1683,1594,1556,1.0816195372750643,1.1167536402617528,0.04167138692986201,-0.8431229573861666,-3.25
2018-01-12,1690,1694,1590,1566,1.0817369093231162,1.1169975841113509,0.04151826861176628,-0.8492809543180665,-3.26
2018-01-11,1656,1690,1485,1594,1.0602258469259724,1.1172127231927163,0.04137656108420223,-1.3772743498613682,-5.37
2018-01-10,1660,1680,1383,1395,1.2043010752688172,1.1175358380264961,0.04102339617266508,2.115018387973811,7.2
2018-01-09,1692,1659,1412,1360,1.2198529411764707,1.1165303422080972,0.03979008021229472,2.59669240215424,8.47
2018-01-05,1650,1682,1446,1398,1.2031473533619457,1.1154434542883722,0.038027205917572825,2.306346126604175,7.29
2018-01-04,1597,1627,1443,1436,1.133008356545961,1.1145880118392142,0.03674464539836871,0.5013069117157566,1.63
2017-12-29,1583,1577,1415,1417,1.1129146083274524,1.1146020066987947,0.03675185762758194,-0.045913281131018946,-0.15
2017-12-28,1586,1581,1398,1399,1.1300929235167978,1.1144083450159075,0.03679847777563124,0.4262290031811317,1.39
2017-12-27,1593,1587,1418,1410,1.125531914893617,1.1142766870921499,0.03675976972697828,0.3061833054195315,1.0
2017-12-26,1600,1586,1417,1378,1.150943396226415,1.114105958529932,0.03673682706175544,1.0027386860209375,3.2
2017-12-25,1575,1592,1438,1417,1.123500352858151,1.1138809526102433,0.036561778219854305,0.2630999014890387,0.86
2017-12-22,1572,1571,1386,1417,1.1086803105151728,1.1139070085115288,0.03656931979438189,-0.1429257647050622,-0.47
2017-12-21,1583,1578,1350,1415,1.1151943462897527,1.114133517027298,0.0365888510202725,0.028993237909192615,0.1
2017-12-20,1565,1579,1365,1366,1.1559297218155198,1.1142555025093424,0.03660743072657492,1.1384087459578065,3.61
2017-12-19,1584,1570,1379,1374,1.1426491994177583,1.1136540730294355,0.03628695172294827,0.7990510365737324,2.54
2017-12-18,1562,1581,1358,1365,1.1582417582417583,1.1132503415435866,0.036130213239926705,1.2452574359138495,3.88
2017-12-15,1548,1549,1361,1356,1.142330383480826,1.1126669041657,0.03575027970884602,0.8297411812357407,2.6
2017-12-14,1546,1547,1366,1379,1.1218274111675126,1.112291340254339,0.03558425220853513,0.2679857049486135,0.85
2017-12-13,1560,1563,1407,1378,1.1342525399129173,1.1121012834353299,0.03557087590463396,0.6227357610471911,1.95
2017-12-12,1574,1563,1432,1408,1.1100852272727273,1.111723824935888,0.03548391179890642,-0.046178608278788134,-0.15
2017-12-11,1570,1576,1475,1448,1.0883977900552486,1.111324938923869,0.03566776370436104,-0.6427974867910543,-2.11
2017-12-08,1553,1569,1457,1471,1.0666213460231135,1.1113727433546372,0.035639394475425745,-1.2556722130164382,-4.2
2017-12-07,1574,1560,1470,1497,1.0420841683366733,1.1116648971895624,0.035360062779342345,-1.9677772996924314,-6.68
2017-12-06,1547,1549,1486,1460,1.060958904109589,1.111993414584713,0.03482245586411142,-1.4655632180072902,-4.81
2017-12-05,1537,1555,1445,1480,1.0506756756756757,1.1122446358466267,0.034520020585494256,-1.7835725218780165,-5.86
2017-12-04,1569,1547,1441,1456,1.0625,1.112433056424711,0.034220714112101897,-1.459147119523507,-4.7
2017-12-01,1551,1557,1425,1437,1.0835073068893528,1.1124507869211648,0.03419517308041885,-0.8464200477577316,-2.67
2017-11-30,1513,1541,1348,1392,1.1070402298850575,1.1120970588876606,0.034627232681134754,-0.14603618629213153,-0.46
2017-11-29,1500,1508,1338,1350,1.117037037037037,1.1114990975028323,0.03509347658202496,0.15780538360913896,0.5
2017-11-28,1504,1488,1310,1338,1.1121076233183858,1.110835613642449,0.035451079437061744,0.035880703666440604,0.11
2017-11-27,1500,1504,1340,1321,1.1385314155942468,1.1101347550650882,0.035935289599962866,0.7902165488374946,2.49
2017-11-24,1449,1473,1290,1319,1.1167551175132677,1.1089297240984703,0.036474137422541374,0.21454635990819093,0.7
2017-11-22,1480,1466,1287,1286,1.139968895800933,1.107945188928388,0.03723819079559044,0.8599694611462478,2.81
2017-11-21,1430,1462,1264,1258,1.162162162162162,1.1069591325833976,0.037356113576922256,1.4777508764420182,4.75
2017-11-20,1435,1423,1247,1252,1.1365814696485623,1.1057501339380802,0.03701570743913589,0.8329257454062554,2.71
2017-11-17,1433,1424,1266,1270,1.1212598425196851,1.1045593111914485,0.03743887869183324,0.4460745597030838,1.49
2017-11-16,1403,1418,1221,1257,1.1280827366746222,1.103373315660599,0.03829025262656307,0.6453188297034541,2.19
2017-11-15,1420,1411,1214,1212,1.1641914191419143,1.102568380960759,0.038396752152834654,1.6049023609046575,5.29
2017-11-14,1441,1442,1192,1209,1.1927212572373862,1.1013955554814896,0.037835867745638394,2.4137335073126307,7.66
2017-11-13,1453,1441,1214,1200,1.2008333333333334,1.0999324848700638,0.03636926701060913,2.774343745609068,8.4
2017-11-10,1460,1453,1223,1223,1.188062142273099,1.098143595981175,0.034619819544599535,2.5973141245316165,7.57
2017-11-09,1487,1490,1249,1241,1.200644641418211,1.096826576941343,0.03301573757307855,3.144502352766536,8.65
2017-11-08,1461,1484,1263,1260,1.1777777777777778,1.0958476678971578,0.030946623382919446,2.647465245783169,6.96
2017-11-07,1450,1468,1246,1259,1.1660047656870531,1.0950266331219245,0.02954728108746124,2.4021882878167458,6.09
2017-11-06,1426,1439,1264,1268,1.134858044164038,1.0939412678309817,0.028392617613583263,1.4411061667481238,3.61
2017-11-02,1360,1411,1255,1269,1.1118991331757289,1.0932248571311116,0.028026672648363168,0.6663037128564696,1.68
2017-11-01,1360,1352,1238,1268,1.0662460567823344,1.0926225083284082,0.028104207977340315,-0.9385232121588504,-2.47
2017-10-31,1347,1353,1235,1237,1.093775262732417,1.09265639581436,0.028073899293422952,0.03985434678535001,0.1
2017-10-30,1350,1355,1235,1233,1.0989456609894566,1.0925578914386609,0.028082760285504455,0.22746231089302374,0.58
2017-10-27,1346,1353,1234,1233,1.0973236009732361,1.0925590950706916,0.028083035973825974,0.16965779294607397,0.43
2017-10-26,1341,1347,1237,1234,1.0915721231766613,1.0927893491764855,0.02819174095615375,-0.04317668787171916,-0.11
2017-10-25,1371,1338,1240,1230,1.0878048780487806,1.0928875865918448,0.02820016396246796,-0.1802368436520053,-0.47
2017-10-24,1362,1366,1229,1240,1.1016129032258064,1.0932945535796643,0.028343752325645597,0.29348088956505575,0.76
2017-10-23,1358,1375,1240,1230,1.1178861788617886,1.0936330245206676,0.02859155410129136,0.8482628910341625,2.17
2017-10-20,1340,1353,1238,1217,1.1117502054231718,1.0935151095117301,0.028509406103177707,0.6396168284055964,1.64
2017-10-19,1349,1349,1256,1225,1.1012244897959185,1.0933642625223905,0.028442374619026732,0.2763562247812396,0.71
2017-10-18,1336,1346,1260,1266,1.0631911532385465,1.093276176732519,0.028428121626042382,-1.0582839024584807,-2.83
2017-10-17,1347,1334,1288,1262,1.057052297939778,1.0938445627669395,0.028246502852776106,-1.3025423012160768,-3.48
2017-10-16,1336,1337,1293,1288,1.0380434782608696,1.094139516637209,0.027974965911182512,-2.005222760751102,-5.4
2017-10-13,1328,1333,1263,1293,1.0309358081979891,1.0944770191188449,0.027443811686172145,-2.3153201766382785,-6.16
2017-10-12,1345,1335,1240,1264,1.0561708860759493,1.0952723986096555,0.026436689645952232,-1.4790623583120626,-3.7
2017-10-11,1357,1347,1202,1212,1.1113861386138615,1.0959839952758748,0.026090628851138737,0.5903323919812111,1.39
2017-10-10,1348,1357,1174,1200,1.1308333333333334,1.0956884816255699,0.026039971623322503,1.3496501538537113,3.11
2017-10-06,1351,1341,1179,1177,1.139337298215803,1.094722880540614,0.026061558509690354,1.7118860201165733,3.92
2017-10-05,1361,1343,1185,1189,1.129520605550883,1.0936064342012408,0.025919550634305646,1.3856016200415255,3.18
2017-10-04,1356,1353,1204,1200,1.1275,1.0925099656485366,0.026115734517045946,1.3398066337603882,3.1
2017-10-03,1323,1355,1200,1211,1.1189099917423617,1.091641813539208,0.02602020682843168,1.047961623939066,2.44
2017-10-02,1332,1315,1230,1219,1.0787530762920428,1.0906980582125898,0.026296236825144117,-0.45424681865982486,-1.11
2017-09-29,1326,1332,1213,1230,1.0829268292682928,1.0908369768556598,0.026260262577120358,-0.30122119168217726,-0.73
2017-09-28,1320,1332,1181,1205,1.1053941908713694,1.0907935568610203,0.02627599321909912,0.5556644001466843,1.32
2017-09-27,1309,1322,1177,1181,1.1193903471634208,1.0906866780114495,0.026232653892925405,1.0941961598369696,2.56
2017-09-26,1313,1317,1180,1175,1.1208510638297873,1.0899189149570196,0.0262239765260039,1.1795369341524184,2.76
2017-09-25,1300,1310,1184,1188,1.1026936026936027,1.0888925765800568,0.026498163261521848,0.5208295374036925,1.25
2017-09-22,1305,1296,1181,1191,1.0881612090680102,1.0885632542637336,0.02647807055609745,-0.015184082045238577,-0.04
2017-09-21,1296,1299,1170,1181,1.0999153259949195,1.088530983653855,0.026480015707857636,0.4299220388183635,1.04
2017-09-20,1284,1290,1162,1175,1.097872340425532,1.0884519121393363,0.02645474528384624,0.35609597390256836,0.86
2017-09-19,1286,1284,1140,1184,1.0844594594594594,1.0889103475368977,0.026908045760011868,-0.16541104906446974,-0.41
2017-09-15,1259,1270,1107,1125,1.1288888888888888,1.0888974171581138,0.026910414384915975,1.4860964665483305,3.54
2017-09-14,1266,1259,1105,1106,1.1383363471971066,1.0880106566736216,0.026672723075835625,1.8867848768346411,4.42
2017-09-13,1263,1262,1118,1108,1.1389891696750902,1.086984554165825,0.02619292103138173,1.985445435694574,4.57
2017-09-12,1242,1252,1118,1104,1.1340579710144927,1.0860439127653407,0.025567741110747368,1.8779155358769375,4.23
2017-09-11,1240,1228,1117,1118,1.0983899821109124,1.0852052397552299,0.02500445470133349,0.5272957364264945,1.2
2017-09-08,1221,1230,1100,1098,1.1202185792349726,1.084898959919263,0.02498175447131726,1.4138166058857722,3.15
2017-09-07,1232,1224,1109,1100,1.1127272727272728,1.0843695435471516,0.024646122057123555,1.1505959888697705,2.55
2017-09-06,1221,1235,1091,1089,1.1340679522497705,1.0837839444367818,0.024486636315172696,2.0535285927300326,4.43
2017-09-05,1261,1238,1136,1100,1.1254545454545455,1.0828251346895394,0.023899773181196647,1.7836742818356575,3.79
2017-09-04,1278,1263,1137,1122,1.125668449197861,1.0820569922990921,0.02343867328378498,1.8606623493890144,3.87
2017-09-01,1288,1284,1156,1142,1.1243432574430823,1.0806942890294022,0.023831229728462845,1.8315869097408712,3.88
2017-08-31,1282,1283,1164,1155,1.110822510822511,1.0798044557378417,0.02342734178514856,1.3240108659844936,2.79
2017-08-30,1283,1277,1164,1148,1.112369337979094,1.0793844574354905,0.02314819164939105,1.4249441616520921,2.97
2017-08-29,1287,1285,1136,1153,1.11448395490026,1.0791178886839605,0.022880377145773147,1.5456941986130235,3.17
2017-08-28,1294,1298,1168,1165,1.1141630901287554,,,,
2017-08-25,1290,1287,1157,1162,1.1075731497418244,,,,
2017-08-24,1276,1284,1174,1161,1.1059431524547803,,,,
2017-08-23,1302,1280,1191,1185,1.080168776371308,,,,
2017-08-22,1286,1294,1180,1185,1.091983122362869,,,,
2017-08-21,1278,1291,1183,1186,1.0885328836424957,,,,
2017-08-18,1272,1263,1200,1184,1.066722972972973,,,,
2017-08-17,1296,1299,1215,1203,1.0798004987531171,,,,
2017-08-16,1300,1298,1210,1219,1.0648072190319935,,,,
2017-08-15,1310,1300,1232,1222,1.0638297872340425,,,,
2017-08-14,1272,1280,1201,1211,1.0569777043765483,,,,
2017-08-10,1288,1298,1204,1222,1.0621931260229132,,,,
2017-08-09,1292,1285,1233,1204,1.0672757475083057,,,,
2017-08-08,1306,1299,1240,1226,1.0595432300163132,,,,
2017-08-07,1299,1306,1241,1246,1.0481540930979134,,,,
2017-08-04,1294,1288,1230,1235,1.042914979757085,,,,
2017-08-03,1300,1308,1223,1227,1.0660146699266504,,,,
2017-08-02,1307,1304,1231,1217,1.0714872637633526,,,,
2017-08-01,1248,1285,1238,1227,1.0472697636511819,,,,
2017-07-31,1294,1278,1220,1238,1.0323101777059773,,,,
2017-07-28,1310,1293,1215,1211,1.0677126341866225,,,,
2017-07-27,1314,1313,1220,1220,1.0762295081967213,,,,
2017-07-26,1339,1318,1238,1217,1.0829909613804438,,,,
2017-07-25,1345,1312,1241,1230,1.0666666666666667,,,,
2017-07-24,1338,1342,1195,1232,1.0892857142857142,,,,
2017-07-21,1316,1329,1184,1179,1.1272264631043256,,,,
2017-07-20,1293,1316,1178,1179,1.1162001696352841,,,,
2017-07-19,1269,1282,1169,1182,1.0846023688663282,,,,
2017-07-18,1256,1266,1169,1171,1.0811272416737832,,,,
2017-07-14,1254,1263,1160,1184,1.066722972972973,,,,
2017-07-13,1248,1243,1112,1163,1.0687876182287188,,,,
2017-07-12,1253,1245,1143,1146,1.0863874345549738,,,,
2017-07-11,1244,1254,1120,1141,1.0990359333917616,,,,
2017-07-10,1254,1245,1134,1117,1.1145926589077888,,,,
2017-07-07,1241,1244,1155,1132,1.098939929328622,,,,
2017-07-06,1272,1257,1115,1124,1.1183274021352314,,,,
2017-07-05,1250,1269,1138,1126,1.1269982238010656,,,,
2017-07-04,1265,1251,1150,1128,1.1090425531914894,,,,
2017-07-03,1259,1260,1141,1145,1.1004366812227073,,,,
2017-06-30,1252,1261,1125,1152,1.0946180555555556,,,,
2017-06-29,1267,1254,1155,1134,1.1058201058201058,,,,
2017-06-28,1248,1254,1167,1162,1.0791738382099827,,,,
2017-06-27,1247,1242,1150,1168,1.0633561643835616,,,,
2017-06-26,1244,1240,1133,1137,1.0905892700087951,,,,
2017-06-23,1258,1256,1131,1132,1.1095406360424027,,,,
2017-06-22,1217,1233,1141,1132,1.0892226148409894,,,,
2017-06-21,1212,1214,1140,1147,1.0584132519616392,,,,
2017-06-20,1210,1215,1148,1151,1.0556038227628148,,,,
2017-06-19,1200,1196,1126,1142,1.0472854640980735,,,,
2017-06-16,1187,1192,1128,1122,1.0623885918003566,,,,
2017-06-15,1195,1176,1111,1122,1.0481283422459893,,,,
2017-06-14,1188,1197,1100,1099,1.089171974522293,,,,
2017-06-13,1180,1179,1075,1092,1.0796703296703296,,,,
2017-06-12,1169,1172,1061,1068,1.097378277153558,,,,
2017-06-09,1140,1151,1093,1084,1.061808118081181,,,,
2017-06-08,1181,1142,1078,1094,1.0438756855575868,,,,
2017-06-07,1170,1161,1073,1077,1.0779944289693593,,,,
2017-06-06,1160,1165,1064,1073,1.0857409133271203,,,,
2017-06-05,1185,1164,1051,1064,1.093984962406015,,,,
2017-06-02,1164,1190,1064,1051,1.132254995242626,,,,
2017-06-01,1131,1155,1069,1066,1.0834896810506567,,,,
2017-05-31,1115,1124,1060,1058,1.0623818525519848,,,,
2017-05-30,1123,1124,1052,1059,1.0613786591123702,,,,
2017-05-29,1138,1124,1047,1052,1.0684410646387832,,,,
2017-05-26,1148,1129,1072,1054,1.0711574952561669,,,,
2017-05-25,1169,1155,1085,1074,1.0754189944134078,,,,
2017-05-24,1184,1181,1100,1093,1.080512351326624,,,,
2017-05-23,1158,1165,1095,1090,1.0688073394495412,,,,
2017-05-22,1156,1162,1079,1094,1.0621572212065813,,,,
2017-05-19,1148,1149,1103,1076,1.0678438661710037,,,,
2017-05-18,1140,1134,1083,1108,1.023465703971119,,,,
2017-05-17,1193,1175,1122,1111,1.0576057605760576,,,,
2017-05-16,1210,1211,1115,1122,1.0793226381461676,,,,
2017-05-15,1239,1218,1088,1115,1.0923766816143499,,,,
