DATE,OPEN_4091,CLOSE_4091,OPEN_7189,CLOSE_7189,saya_divide,saya_divide_mean,saya_divide_std,saya_divide_sigma,deviation_rate(%)
2020-06-12,1796,1821,736,738,2.467479674796748,2.7755261904885,0.26346797600357974,-1.169199082045427,-12.48
2020-06-11,1951,1890,774,759,2.4901185770750986,2.785519912126596,0.2657988394668172,-1.1113718014874014,-11.86
2020-06-10,2001,1979,806,791,2.5018963337547406,2.7953208002347307,0.2682664354119707,-1.093780017725232,-11.73
2020-06-09,2069,2048,813,801,2.5568039950062422,2.804453666636249,0.2697768556982578,-0.9179796798692024,-9.69
2020-06-08,2104,2081,779,794,2.6209068010075565,2.8136046254293157,0.2728440057168771,-0.7062563970040688,-7.35
2020-06-05,1999,2043,762,758,2.6952506596306067,2.8228616847014596,0.27788039499448536,-0.45923004058413464,-4.73
2020-06-04,1975,1962,775,753,2.605577689243028,2.8308848370732904,0.2827247435227291,-0.7969134396337316,-8.65
2020-06-03,1921,1922,772,755,2.545695364238411,2.8395528921258073,0.28563496683507245,-1.0287869554047695,-11.54
2020-06-02,1809,1875,742,762,2.4606299212598426,2.8471853788443866,0.2853286983131038,-1.3547724426947043,-15.71
2020-06-01,1791,1793,728,729,2.459533607681756,2.855605525513045,0.28310647318348786,-1.3990210586763427,-16.1
2020-05-29,1849,1812,719,742,2.442048517520216,2.862547543284686,0.279671910939263,-1.5035440075202646,-17.22
2020-05-28,1839,1849,711,713,2.5932678821879382,2.8739474698611187,0.27972482523048003,-1.0034132202671455,-10.82
2020-05-27,1808,1817,690,698,2.603151862464183,2.8831955534887794,0.28175074624479046,-0.9939412575017242,-10.76
2020-05-26,1807,1793,637,652,2.75,2.892043633535085,0.28323335880088435,-0.5015074288440118,-5.17
2020-05-25,1790,1781,632,630,2.826984126984127,2.8993424057042527,0.28651314256461735,-0.25254785198485824,-2.56
2020-05-22,1757,1766,642,631,2.7987321711568938,2.9050985190598095,0.28932439610995525,-0.36763698233899417,-3.8
2020-05-21,1826,1797,649,643,2.7947122861586315,2.911848024176985,0.29264978454740037,-0.40025909535354837,-4.19
2020-05-20,1824,1799,640,644,2.7934782608695654,2.9188025049287556,0.29596225318751906,-0.4234467156181091,-4.49
2020-05-19,1825,1823,658,644,2.830745341614907,2.9251116836727173,0.29825809912508894,-0.3163915492475307,-3.33
2020-05-18,1787,1764,623,631,2.7955625990491284,2.9307813213813354,0.30044394209282643,-0.45006306797302387,-4.84
2020-05-15,1807,1779,614,622,2.860128617363344,2.936450648794802,0.30184734245537775,-0.25284977104855855,-2.67
2020-05-14,1739,1790,614,607,2.9489291598023066,2.9411678342402663,0.303378318023374,0.025582993579133653,0.26
2020-05-13,1735,1726,621,627,2.7527910685805423,2.9434515068239766,0.30407198880238806,-0.6270240116308171,-6.93
2020-05-12,1679,1655,606,612,2.704248366013072,2.9491225198875166,0.3044292487600828,-0.8043713108112915,-9.06
2020-05-11,1649,1661,618,616,2.6964285714285716,2.954643483149836,0.303692083698622,-0.8502523627764752,-9.58
2020-05-08,1662,1666,604,611,2.7266775777414076,2.9608990611191497,0.3031403991536251,-0.7726501780419033,-8.59
2020-05-07,1599,1619,603,597,2.711892797319933,2.9661298579728927,0.3024376019049484,-0.84062649304058,-9.37
2020-05-01,1646,1639,621,610,2.6868852459016392,2.9714658297433036,0.3014336933707067,-0.9440901601258087,-10.59
2020-04-30,1670,1682,628,631,2.665610142630745,2.9744183368787684,0.2997113597626531,-1.0303519842977398,-11.58
2020-04-28,1646,1630,614,615,2.6504065040650406,2.977049295803406,0.2978492903153104,-1.096671378308719,-12.32
2020-04-27,1601,1647,608,608,2.7088815789473686,2.9806647907818844,0.2954988366919188,-0.919743762368417,-10.03
2020-04-24,1614,1590,600,602,2.6411960132890364,2.9829805334303203,0.29403679986312803,-1.1623868859285031,-12.94
2020-04-23,1583,1610,583,602,2.6744186046511627,2.986365310350037,0.2915333734893659,-1.070020567337389,-11.66
2020-04-22,1579,1574,582,588,2.67687074829932,2.988481580374369,0.28983236059064615,-1.0751416144146948,-11.64
2020-04-21,1641,1605,587,589,2.724957555178268,2.98981011482882,0.28862681107775806,-0.917629788658819,-9.72
2020-04-20,1686,1676,620,606,2.7656765676567656,2.9914284533635795,0.2874752186148573,-0.7852916393787085,-8.16
2020-04-17,1688,1704,608,621,2.743961352657005,2.992359267949151,0.2868551024305624,-0.8659351470043113,-9.05
2020-04-16,1716,1693,588,608,2.7845394736842106,2.993087931395206,0.28629205919733935,-0.7284465321730915,-7.49
2020-04-15,1729,1735,604,600,2.8916666666666666,2.993229629858856,0.28619141666546305,-0.35487774013470574,-3.51
2020-04-14,1645,1712,604,614,2.788273615635179,2.991625155076907,0.28709221255468753,-0.7083143692133127,-7.29
2020-04-13,1649,1638,615,611,2.6808510638297873,2.9920364991879462,0.2868225316941722,-1.0849406897013374,-11.61
2020-04-10,1621,1634,597,624,2.6185897435897436,2.9937506778852945,0.2853379610845695,-1.314795034174788,-14.33
2020-04-09,1560,1585,591,590,2.6864406779661016,2.9961088752434915,0.2829485218221249,-1.0944329918502356,-11.53
2020-04-08,1602,1545,590,586,2.636518771331058,2.9977050975988506,0.2815311952743836,-1.2829353632224536,-13.7
2020-04-07,1552,1562,578,587,2.6609880749574106,2.999942488573443,0.2793099028304645,-1.213542413574111,-12.74
2020-04-06,1498,1543,528,555,2.78018018018018,3.003040846626144,0.2768104124114456,-0.8051021798800972,-8.02
2020-04-03,1472,1483,546,536,2.7667910447761193,3.0037158460129287,0.2763274488387925,-0.8574059588811597,-8.56
2020-04-02,1490,1486,564,540,2.751851851851852,3.004526448174534,0.27571974735894406,-0.9164182063236092,-9.18
2020-04-01,1575,1530,617,584,2.6198630136986303,3.005217129723663,0.2751502221598654,-1.4005226417776162,-14.71
2020-03-31,1633,1601,649,610,2.624590163934426,3.0078142269933412,0.2724062483907668,-1.4068108397762602,-14.6
2020-03-30,1780,1662,619,659,2.5220030349013656,3.0107160565167526,0.26945164286182766,-1.8137318311545592,-19.38
2020-03-27,1644,1634,634,661,2.472012102874433,3.0150720128993127,0.2641035118546268,-2.0562388822902204,-21.97
2020-03-26,1534,1579,585,604,2.6142384105960264,3.020682719215129,0.2568779623024789,-1.5822467018035067,-15.55
2020-03-25,1554,1544,600,600,2.5733333333333333,3.023988200843319,0.2531952578098698,-1.779870884660853,-17.51
2020-03-24,1406,1415,564,584,2.422945205479452,3.0281307386473957,0.24828212736081326,-2.4374913313372106,-24.98
2020-03-23,1377,1391,517,564,2.4663120567375887,3.035048872249712,0.23835307505766345,-2.386110669537333,-23.06
2020-03-19,1325,1167,539,507,2.301775147928994,3.041672061513076,0.22918249565453705,-3.228418084334769,-32.14
2020-03-18,1412,1302,534,526,2.4752851711026618,3.0504597807743785,0.21268563732190338,-2.7043415668034982,-23.24
2020-03-17,1474,1419,500,535,2.6523364485981307,3.0567335599614043,0.20231363257125162,-1.9988623911483148,-15.25
2020-03-16,1623,1486,494,519,2.863198458574181,3.060484397834756,0.19732774765218677,-0.9997881271533822,-6.89
2020-03-13,1667,1622,473,492,3.296747967479675,3.061320183092983,0.19662185629260207,1.1973632475340947,7.14
2020-03-12,1841,1805,537,524,3.4446564885496183,3.0572063108221847,0.19487300130724533,1.9882188662787748,11.25
2020-03-11,1893,1890,558,550,3.4363636363636365,3.0514318786291774,0.18965320468898897,2.029661235441321,11.2
2020-03-10,1807,1894,533,560,3.382142857142857,3.0454475963957446,0.18442157790201466,1.8256825723831658,9.96
2020-03-09,1835,1801,563,550,3.2745454545454544,3.0405484367318785,0.18024539205046672,1.2982135917686006,7.15
2020-03-06,1951,1929,600,587,3.2862010221465074,3.037119044544105,0.17819584827728643,1.3977989948161518,7.58
2020-03-05,1995,1991,620,615,3.2373983739837398,3.0330477756602297,0.17593228236285732,1.1615298544359272,6.31
2020-03-04,1940,1959,620,619,3.1647819063004845,3.0287713528960016,0.17480756693867025,0.7780587293008947,4.3
2020-03-03,2010,1967,640,636,3.092767295597484,3.026528071435552,0.17412597916411304,0.38040977273989574,2.14
2020-03-02,1909,1970,610,626,3.146964856230032,3.025044546029897,0.174029262483737,0.7005736188276276,3.87
2020-02-28,1981,1931,622,620,3.1145161290322583,3.023085014613497,0.17347193817410986,0.5270657339805233,2.94
2020-02-27,2058,2018,638,637,3.1679748822605966,3.022364775834941,0.17320275954499773,0.8406916079638249,4.6
2020-02-26,2008,2062,639,652,3.1625766871165646,3.021045207590433,0.17246380557962446,0.8206445349530942,4.48
2020-02-25,2013,2043,655,651,3.1382488479262673,3.020260851762212,0.17195135356882177,0.686170790256862,3.76
2020-02-21,2154,2167,681,679,3.191458026509573,3.0204257642425367,0.17207032252447893,0.9939672324534937,5.36
2020-02-20,2171,2194,694,682,3.2170087976539588,3.018395226377856,0.1709348681279525,1.161925436578753,6.17
2020-02-19,2207,2177,683,675,3.225185185185185,3.0174018576425516,0.16999164080792808,1.222314971225002,6.44
2020-02-18,2218,2183,688,685,3.1868613138686133,3.015177856415652,0.1683417791923324,1.0198505580531545,5.39
2020-02-17,2297,2241,689,691,3.2431259044862517,3.014640823576493,0.1678567759384755,1.3611906914827498,7.05
2020-02-14,2306,2314,691,698,3.315186246418338,3.0128509596184703,0.1661175793438368,1.8200077799958907,9.12
2020-02-13,2278,2298,703,697,3.296987087517934,3.0110014175093633,0.1634925873672378,1.749227133865025,8.67
2020-02-12,2298,2292,719,704,3.2556818181818183,3.00968776978676,0.16157399815848883,1.5224853701630958,7.56
2020-02-10,2274,2270,723,728,3.118131868131868,3.008948790850107,0.16057085255612166,0.6799682230222966,3.5
2020-02-07,2271,2282,755,738,3.092140921409214,3.009713484221252,0.16122423447458362,0.5112595972719984,2.67
2020-02-06,2303,2256,756,757,2.9801849405548215,3.0101600655060157,0.1614980899638215,-0.18560668400418304,-1.01
2020-02-05,2474,2453,745,744,3.297043010752688,3.0119798218541733,0.1619184677189788,1.7605353664367824,8.65
2020-02-04,2389,2429,729,739,3.286874154262517,3.009681540590944,0.1590539360635307,1.7427585920341786,8.43
2020-02-03,2351,2388,718,731,3.2667578659370724,3.007243939254831,0.15616172715064164,1.6618279742250852,7.94
2020-01-31,2358,2417,732,733,3.2974079126875853,3.003275534599384,0.1532714647439856,1.9190289502321944,8.92
2020-01-30,2400,2343,720,719,3.258692628650904,2.997549089474241,0.15016689687990892,1.7390220121915687,8.01
2020-01-29,2385,2406,724,728,3.3049450549450547,2.991646088074638,0.1484775978145592,2.1100756712249,9.48
2020-01-28,2370,2401,720,724,3.3162983425414363,2.986201469201448,0.14431790201750025,2.287289856111963,9.95
2020-01-27,2419,2401,736,735,3.2666666666666666,2.9799342470941217,0.1399880473332306,2.048263584175875,8.78
2020-01-24,2442,2455,758,754,3.2559681697612732,2.9751428342713773,0.13619035112116779,2.062006105264001,8.62
2020-01-23,2494,2451,764,761,3.2207621550591328,2.9698500297798693,0.13284624277336884,1.8887408483754482,7.79
2020-01-22,2437,2494,779,776,3.213917525773196,2.9653565563958137,0.12995132447028182,1.9127236324107255,7.73
2020-01-21,2487,2440,781,782,3.1202046035805626,2.9615720447944756,0.12675113436799063,1.25152772460037,5.08
2020-01-20,2482,2498,789,786,3.178117048346056,2.958335244604188,0.12575458264238235,1.7477041323168143,6.92
2020-01-17,2478,2451,784,786,3.118320610687023,2.9556940390416866,0.12316435667566845,1.3204028830644945,5.22
2020-01-16,2470,2466,785,779,3.165596919127086,2.9545836366494176,0.12206366537144578,1.7287149442509726,6.67
2020-01-15,2466,2464,790,790,3.118987341772152,2.9512363808874915,0.11964954039495912,1.4020192666927116,5.38
2020-01-14,2427,2471,823,794,3.1120906801007555,2.948558477813022,0.11810265488028296,1.3846615256320975,5.25
2020-01-10,2411,2411,836,829,2.90832328106152,2.945494221653599,0.11679410620191576,-0.3182604139956964,-1.28
2020-01-09,2407,2402,831,839,2.862932061978546,2.9454977413410153,0.11679298994394932,-0.7069403686136784,-2.88
2020-01-08,2393,2384,828,816,2.9215686274509802,2.9466186657773035,0.11639794509635222,-0.2152103141132539,-0.86
2020-01-07,2399,2430,834,843,2.882562277580071,2.9468029941903167,0.11636907256808683,-0.5520428683717387,-2.23
2020-01-06,2398,2400,838,829,2.8950542822677927,2.9477833725100235,0.11613322143479883,-0.4540396760786899,-1.82
2019-12-30,2428,2428,868,857,2.8331388564760793,2.948933606600859,0.11603244534520768,-0.9979514762468316,-4.09
2019-12-27,2449,2435,861,877,2.7765108323831242,2.953172520538681,0.1175223441472926,-1.5032178726297687,-6.36
2019-12-26,2405,2445,849,859,2.8463329452852153,2.9592860166599015,0.1200716372015028,-0.9407140104630184,-3.97
2019-12-25,2424,2413,867,851,2.8354876615746183,2.964275186373608,0.12301263448395854,-1.0469455055511727,-4.54
2019-12-24,2430,2418,878,864,2.798611111111111,2.969682784789523,0.1261077425813207,-1.3565517086954113,-6.11
2019-12-23,2445,2429,879,869,2.7951668584579976,2.9746647179421877,0.1266304945152626,-1.4174931573259824,-6.42
2019-12-20,2455,2436,869,879,2.7713310580204777,2.979792139860136,0.12704350960248476,-1.6408636890772832,-7.52
2019-12-19,2429,2447,867,868,2.8191244239631335,2.984751506847724,0.12606520957453857,-1.31382070789848,-5.88
2019-12-18,2467,2447,881,871,2.809414466130884,2.990656721246562,0.12851772415048068,-1.4102510475789511,-6.45
2019-12-17,2475,2460,889,880,2.7954545454545454,2.996336323236612,0.1297887541499061,-1.5477595042637364,-7.19
2019-12-16,2474,2461,878,877,2.806157354618016,3.0014859878213915,0.1293776739050642,-1.5097553334179226,-6.96
2019-12-13,2483,2465,873,879,2.8043230944254836,3.008037326935311,0.13173965820993377,-1.546339464348683,-7.26
2019-12-12,2437,2442,862,844,2.8933649289099526,3.014879481177327,0.13428315110508737,-0.9049128745294298,-4.2
2019-12-11,2451,2426,871,857,2.8308051341890317,3.022252202370593,0.14234675323960477,-1.344934561726945,-6.76
2019-12-10,2456,2460,884,870,2.8275862068965516,3.031133263717439,0.15066091859306227,-1.3510275838067307,-7.2
2019-12-09,2483,2456,888,876,2.8036529680365296,3.0398967607567986,0.15752543121102866,-1.4997184321545223,-8.43
2019-12-06,2448,2460,869,874,2.814645308924485,3.0477097829113733,0.16012467276879877,-1.4555188151635186,-8.28
2019-12-05,2458,2450,854,862,2.8422273781902554,3.056067064678266,0.16405123468814378,-1.3034933074079755,-7.52
2019-12-04,2407,2410,835,846,2.8486997635933804,3.063742838939212,0.16730192185700557,-1.2853592652069512,-7.55
2019-12-03,2400,2456,845,849,2.8928150765606597,3.070348410718751,0.16845727330344595,-1.053877524411169,-6.14
2019-12-02,2473,2450,847,856,2.8621495327102804,3.0764751942056887,0.17023574696555444,-1.2589932802936803,-7.49
2019-11-29,2470,2437,839,845,2.8840236686390535,3.0819947924760194,0.16990793936375426,-1.1651669991308145,-6.86
2019-11-28,2482,2477,843,842,2.941805225653207,3.0861841415884452,0.16884524085066935,-0.8550961531863993,-4.91
2019-11-27,2494,2486,839,839,2.963051251489869,3.0879441529550373,0.1680170338162637,-0.7433347597467164,-4.22
2019-11-26,2505,2496,854,843,2.96085409252669,3.090366627496576,0.1675078632151482,-0.7731728677330152,-4.37
2019-11-25,2509,2501,856,849,2.9458186101295643,3.0920479932194085,0.16683094939579882,-0.8765123235193111,-4.96
2019-11-22,2450,2476,853,844,2.933649289099526,3.0923669271109406,0.16657376101026103,-0.9528369717343267,-5.41
2019-11-21,2525,2487,844,850,2.9258823529411764,3.0912419920723573,0.16792128321276154,-0.9847449707829177,-5.65
2019-11-20,2573,2534,862,848,2.9882075471698113,3.0909850911797045,0.1681885944132459,-0.6110850998455034,-3.44
2019-11-19,2663,2602,882,864,3.011574074074074,3.0880562198772865,0.17182619397205906,-0.44511342557962635,-2.54
2019-11-18,2665,2638,890,883,2.987542468856172,3.0854901848500114,0.174367451984128,-0.5617316470435958,-3.28
2019-11-15,2644,2665,869,884,3.014705882352941,3.082497941261848,0.1779121574454083,-0.3810423069581891,-2.25
2019-11-14,2640,2610,885,865,3.0173410404624277,3.079062306138234,0.18163705263038268,-0.3398054790142634,-2.05
2019-11-13,2601,2647,894,888,2.980855855855856,3.075695864013894,0.18505733715903483,-0.5124898564628869,-3.18
2019-11-12,2588,2590,869,888,2.9166666666666665,3.0731954496071894,0.18757171968354466,-0.8345009749049864,-5.37
2019-11-11,2599,2595,868,866,2.996535796766744,3.071670901803572,0.18929452040119962,-0.3969217116141726,-2.51
2019-11-08,2648,2579,883,865,2.9815028901734104,3.069207488107032,0.19144622030371813,-0.45811611111717726,-2.94
2019-11-07,2570,2613,885,871,3.0,3.06732775458228,0.1929840648234537,-0.3488772746282078,-2.24
2019-11-06,2581,2580,839,843,3.0604982206405693,3.0642959287866347,0.1957838270350081,-0.01939745587558836,-0.12
2019-11-05,2490,2535,823,826,3.069007263922518,3.060035570610223,0.19926568785150825,0.04502377408287487,0.29
2019-11-01,2595,2483,799,800,3.10375,3.055158699028081,0.20341905913247696,0.2388729019746072,1.57
2019-10-31,2511,2552,808,810,3.1506172839506172,3.049663838437153,0.20755632306536312,0.48639060483680086,3.2
2019-10-30,2546,2483,820,817,3.039167686658507,3.0437568738072627,0.21087673054383066,-0.02176241606610986,-0.15
2019-10-29,2487,2558,816,814,3.1425061425061425,3.039834637985149,0.2136431752661193,0.48057469841057726,3.27
2019-10-28,2529,2462,805,805,3.058385093167702,3.0347836439789315,0.2156250171553912,0.1094559875293222,0.77
2019-10-25,2500,2533,796,805,3.146583850931677,3.030777792206948,0.21792780224690902,0.5313964419900961,3.68
2019-10-24,2487,2484,789,799,3.108886107634543,3.0260845134729184,0.21917001345341594,0.3777961814070152,2.66
2019-10-23,2523,2484,788,782,3.176470588235294,3.022065410919779,0.22037525794605173,0.700646609581342,4.86
2019-10-21,2490,2498,783,781,3.1984635083226634,3.017528846914524,0.22065191350989663,0.8200004184419832,5.66
2019-10-18,2474,2477,776,774,3.2002583979328167,3.0129184554011412,0.22043554662033696,0.849862671442628,5.85
2019-10-17,2455,2461,794,775,3.1754838709677418,3.0096117842889183,0.21945844373371237,0.7558245828084437,5.22
2019-10-16,2448,2463,791,788,3.1256345177664975,3.007528738752181,0.2186139568526509,0.5402481191716483,3.78
2019-10-15,2398,2431,781,780,3.1166666666666667,3.0070207206019433,0.21838305903304422,0.50208082325714,3.52
2019-10-11,2347,2381,751,762,3.1246719160104988,3.006968259652931,0.2183571841525826,0.539041830999797,3.77
2019-10-10,2214,2297,743,740,3.104054054054054,3.0062721510143366,0.21806386399996058,0.44840947622452126,3.15
2019-10-09,2178,2212,732,745,2.9691275167785234,3.005686506546339,0.21785935463091013,-0.16781005263580517,-1.23
2019-10-08,2102,2128,744,742,2.8679245283018866,3.0057419055592667,0.21785057917308825,-0.6326234145463547,-4.81
2019-10-07,2113,2081,736,739,2.8159675236806496,3.0077075154291375,0.217262496745241,-0.8825268724280544,-6.81
2019-10-04,2130,2129,738,735,2.896598639455782,3.010196049272457,0.2161179234256606,-0.5256269726085424,-3.92
2019-10-03,2191,2129,751,748,2.8462566844919786,3.010374903069996,0.2160293714565989,-0.7597032638267414,-5.77
2019-10-02,2184,2227,758,766,2.9073107049608353,3.010622561127416,0.21585165667078993,-0.47862433747334565,-3.55
2019-10-01,2203,2190,752,766,2.8590078328981723,3.0083105636091263,0.21786510919483498,-0.6852989506338705,-5.22
2019-09-30,2195,2183,754,757,2.8837516512549537,3.0062640788023853,0.21996867219956406,-0.5569539804117363,-4.25
2019-09-27,2227,2221,752,758,2.930079155672823,3.002659995161003,0.22412167190921278,-0.32384569894508364,-2.48
2019-09-26,2266,2207,764,767,2.877444589308996,2.9985336872267796,0.2282311557993799,-0.5305546365642717,-4.21
2019-09-25,2236,2238,749,751,2.9800266311584553,2.99426322667779,0.233394941189601,-0.060997875304286873,-0.48
2019-09-24,2182,2252,741,742,3.035040431266846,2.988431977286734,0.23907214306751412,0.19495560370222598,1.54
2019-09-20,2171,2183,748,749,2.9145527369826434,2.981753389422688,0.24460906347505312,-0.27472674759207516,-2.31
2019-09-19,2110,2139,737,733,2.918144611186903,2.9770320649363033,0.24923417315629,-0.2362735936394765,-2.02
2019-09-18,2099,2081,721,722,2.8822714681440442,2.972333772376757,0.25358329314183686,-0.3551586664754696,-3.12
2019-09-17,2113,2100,706,722,2.9085872576177287,2.9680502366589456,0.2577476652558933,-0.23070229940659875,-2.04
2019-09-13,2100,2113,714,717,2.9470013947001394,2.9632739872289564,0.26208778743401795,-0.06208832806799012,-0.55
2019-09-12,2114,2090,712,712,2.9353932584269664,2.9592007610857842,0.2646702077878486,-0.08995157731504547,-0.81
2019-09-11,2070,2087,704,706,2.956090651558074,2.954873350152407,0.267660472434117,0.004547931170398357,0.04
2019-09-10,2100,2075,672,696,2.9813218390804597,2.9508713493857583,0.269847308623637,0.11284340707348468,1.02
2019-09-09,2094,2086,652,662,3.1510574018126887,2.945985917203724,0.2725550100247344,0.7524040177810507,6.51
2019-09-06,2120,2106,661,651,3.2350230414746544,2.9385500330911025,0.2744596390520122,1.080206216868805,9.16
2019-09-05,2092,2103,650,653,3.22052067381317,2.9299722197589713,0.2751122506472726,1.0561087460504164,9.02
2019-09-04,2058,2084,651,643,3.2410575427682735,2.9216953267025456,0.2755840859588415,1.1588557987830426,9.85
2019-09-03,2055,2081,652,656,3.1722560975609757,2.913468941120017,0.27513638079279035,0.9405777443727281,8.16
2019-09-02,2113,2070,662,651,3.1797235023041477,2.9060464835012803,0.2755634727959899,0.993154194298752,8.61
2019-08-30,2146,2106,655,670,3.1432835820895524,2.897871316222778,0.2764166879255419,0.8878344781154486,7.81
2019-08-29,2120,2104,650,645,3.262015503875969,2.8891975834374293,0.27877624346941127,1.3373374854283342,11.43
2019-08-28,2091,2103,655,650,3.2353846153846155,2.877193736112315,0.2818306744725259,1.270943554823087,11.07
2019-08-27,2108,2084,652,655,3.181679389312977,2.86218440720707,0.2921418084555441,1.0936297813550548,10.04
2019-08-26,2100,2117,632,642,3.297507788161994,2.8485139900731022,0.3007336353554675,1.492994947366564,13.62
2019-08-23,2225,2163,648,652,3.317484662576687,2.8325410467247694,0.3081837089372693,1.5735537012134146,14.62
2019-08-22,2287,2247,646,652,3.446319018404908,2.8158941247869653,0.31518001548310803,2.0002057955724997,18.29
2019-08-21,2284,2245,644,642,3.4968847352024923,2.798013379980163,0.3169430003222336,2.2050379863628224,19.99
2019-08-20,2296,2300,670,660,3.484848484848485,2.7783023695369975,0.31883022960492524,2.2160574804559645,20.27
2019-08-19,2335,2288,675,675,3.3896296296296295,2.758605509276757,0.3202010955833283,1.9707119340216512,18.62
2019-08-16,2280,2292,665,666,3.4414414414414414,2.7397175313311735,0.32417761317006666,2.164627912607083,20.39
2019-08-15,2237,2290,664,670,3.417910447761194,2.720087401732925,0.3256632761006242,2.1427747530632035,20.42
2019-08-14,2259,2274,675,680,3.3441176470588236,2.7005893365035165,0.3270735198538454,1.9675341215114914,19.24
2019-08-13,2191,2236,658,667,3.3523238380809595,2.681754525866933,0.33013198336329846,2.0312158348986413,20.0
2019-08-09,2187,2195,681,670,3.2761194029850746,2.662081436096029,0.33353116797340676,1.8410212473396315,18.74
2019-08-08,2122,2162,683,676,3.198224852071006,2.643784194280289,0.3369673989839196,1.6453836764700656,17.34
2019-08-07,2134,2124,679,691,3.073806078147612,2.626681689822366,0.3409208985691712,1.3115194468916576,14.55
2019-08-06,2087,2151,670,684,3.1447368421052633,2.6107452278280165,0.3475194069185633,1.5365807021027196,16.98
2019-08-05,2112,2130,709,690,3.0869565217391304,2.59373206993328,0.352163440696921,1.4005555228270532,15.98
2019-08-02,2140,2159,748,727,2.969738651994498,2.57734443387579,0.3573885349206075,1.097948534375555,13.21
2019-08-01,2221,2174,765,763,2.8492791612057666,2.562083961876297,0.3646691532798905,0.787550021016013,10.08
2019-07-31,2140,2241,771,771,2.906614785992218,2.548209632439437,0.37317434131967686,0.9604228208331066,12.33
2019-07-30,2172,2165,783,782,2.768542199488491,2.533168770612305,0.3810754269788976,0.6176557505745973,8.5
2019-07-29,2168,2182,782,774,2.8191214470284236,2.519335780767993,0.39098166649991367,0.7667512109816458,10.63
2019-07-26,2137,2158,780,781,2.763124199743918,2.5048542271557253,0.3996284253836535,0.6462752801937128,9.35
2019-07-25,2153,2156,776,782,2.7570332480818416,2.4910731167346554,0.4082136581272613,0.6515218833375553,9.65
2019-07-24,2190,2140,776,774,2.764857881136951,2.47718313629736,0.41656567768264263,0.6905867675895124,10.4
2019-07-23,2160,2176,779,779,2.7933247753530166,2.4639228959597843,0.4229768378693003,0.7787704902532213,11.79
2019-07-22,2197,2169,780,774,2.802325581395349,2.4505934592387653,0.4281072175562714,0.8215982065528974,12.55
2019-07-19,2180,2196,758,781,2.8117797695262485,2.436711912731179,0.43332461362660224,0.8655586251056286,13.34
2019-07-18,2190,2173,792,765,2.8405228758169936,2.4222123601581806,0.4386925214715072,0.9535391992908224,14.73
2019-07-17,2192,2207,794,796,2.772613065326633,2.4067934501841752,0.4440093581277115,0.823900686879749,13.19
2019-07-16,2176,2201,795,803,2.7409713574097134,2.392489123759947,0.4492439443771953,0.7757082494075266,12.71
2019-07-12,2158,2168,802,802,2.7032418952618453,2.3782321978397345,0.45488986150018634,0.7144799762084337,12.02
2019-07-11,2138,2156,789,801,2.6916354556803994,2.364325289965304,0.4606482179119241,0.7105425636915789,12.16
2019-07-10,2184,2139,787,790,2.707594936708861,2.350160722946804,0.4666597840633067,0.7659417545043216,13.2
2019-07-09,2211,2196,807,800,2.745,2.3362771302731153,0.47128570821543697,0.8672507198967444,14.89
2019-07-08,2235,2222,825,804,2.763681592039801,2.3216948535178323,0.4753162795657133,0.9298792352027215,15.99
2019-07-05,2275,2256,815,818,2.7579462102689485,2.3070633533890015,0.47836564099276446,0.9425485825951426,16.35
2019-07-04,2264,2272,811,813,2.7945879458794587,2.2928526918768637,0.4805858651752607,1.0440075132455706,17.95
2019-07-03,2268,2260,796,805,2.8074534161490683,2.2781619660005323,0.48186258749710587,1.0984281906959936,18.85
2019-07-02,2294,2286,805,806,2.836228287841191,2.263542193307012,0.4822156214982781,1.1876141481165685,20.19
2019-07-01,2305,2285,796,801,2.8526841448189764,2.248070448904158,0.4822081921761015,1.2538436835474054,21.19
2019-06-28,2313,2288,767,775,2.952258064516129,2.232119283629585,0.4817309316078505,1.494898362625316,24.39
2019-06-27,2318,2352,760,779,3.019255455712452,2.2150915594871092,0.47853511081031924,1.6804699969948405,26.63
2019-06-26,2353,2328,752,754,3.0875331564986737,2.196331146062914,0.474201948801251,1.8793723068592512,28.86
2019-06-25,2340,2347,759,754,3.112732095490716,2.17693329395272,0.467051551725938,2.003630644368601,30.06
2019-06-24,2320,2332,757,759,3.072463768115942,2.1566697303344515,0.4589087094943137,1.9955908851471424,29.81
2019-06-21,2330,2341,779,765,3.060130718954248,2.1369101527588987,0.45088626506642476,2.047568617019949,30.17
2019-06-20,2350,2337,783,786,2.9732824427480917,2.1177344260996716,0.44170352279981623,1.9369282165226511,28.77
2019-06-19,2329,2358,777,782,3.0153452685421995,2.0998378338859833,0.4337977951295512,2.110447413368722,30.36
2019-06-18,2296,2303,786,767,3.002607561929596,2.080899561963712,0.4243170656269188,2.1722152480576793,30.7
2019-06-17,2283,2296,795,789,2.9100126742712296,2.0625825858823603,0.4136508488424792,2.048660339414838,29.12
2019-06-14,2249,2289,796,799,2.8648310387984983,2.045042949416513,0.4051482050943612,2.0234276718344395,28.62
2019-06-13,2195,2209,809,808,2.733910891089109,2.0279062632935942,0.39721461525914714,1.7773883454286032,25.82
2019-06-12,2194,2205,827,815,2.705521472392638,2.012398895191515,0.39201825178048805,1.7680875164691043,25.62
2019-06-11,2170,2177,828,833,2.6134453781512605,1.9971142301947213,0.387011588665397,1.592539257240195,23.58
2019-06-10,2144,2162,834,825,2.6206060606060606,1.983900664933226,0.382636094456531,1.6639972153624594,24.3
2019-06-07,2101,2125,831,831,2.5571600481347776,1.971074434037885,0.3771620641993215,1.5539357473321065,22.92
2019-06-06,2069,2085,816,820,2.542682926829268,1.9592196882001114,0.37249834979432106,1.5663512038410967,22.95
2019-06-05,2088,2078,809,820,2.5341463414634147,1.9471115901004972,0.36806875345166534,1.5949051525233768,23.16
2019-06-04,2035,2033,786,794,2.5604534005037785,1.9357126385221761,0.3629142006598676,1.7214558175063674,24.4
2019-06-03,1993,2009,781,783,2.5657726692209453,1.9235732598487925,0.3569926634462033,1.7989148661284142,25.03
2019-05-31,2077,2036,804,795,2.561006289308176,1.9116575943881684,0.3502085711138149,1.854177048993397,25.36
2019-05-30,2085,2076,793,814,2.5503685503685505,1.9006362630458167,0.3425221600597409,1.896905844601152,25.48
2019-05-29,2080,2100,797,795,2.641509433962264,1.890348644317831,0.3343423864399364,2.24668130667715,28.44
2019-05-28,2144,2120,807,812,2.6108374384236455,1.879521500987808,0.3227906143656914,2.265604713671524,28.01
2019-05-27,2147,2146,816,808,2.655940594059406,1.8680878410884725,0.31168006052794267,2.5277611652038967,29.66
2019-05-24,2103,2139,803,818,2.6149144254278727,1.8559224559873977,0.29820654561844673,2.545188831675077,29.03
2019-05-23,2087,2111,811,814,2.5933660933660936,1.8442743808944397,0.28510647009348133,2.6274104275011365,28.88
2019-05-22,2132,2120,813,818,2.5916870415647923,1.8328729894930484,0.27170519204829485,2.7927845115925014,29.28
2019-05-21,2109,2111,808,812,2.5997536945812807,1.8216504956055177,0.2571225827768241,3.0261954845527392,29.93
2019-05-20,2154,2136,837,814,2.6240786240786242,1.8109215392406093,0.2406942653694508,3.37838163111144,30.99
2019-05-17,2114,2150,840,822,2.6155717761557176,1.8002499754556431,0.221372315869162,3.6830341567278686,31.17
2019-05-16,2042,2120,822,826,2.566585956416465,1.7894709232021384,0.20006703686699812,3.8842732185359563,30.28
2019-05-15,2100,2064,844,828,2.4927536231884058,1.7791509127211278,0.17851706437643355,3.997392142649878,28.63
2019-05-14,2008,2024,832,857,2.3617269544924153,1.7698389289280778,0.1580980507295202,3.7438034361154817,25.06
2019-05-13,1792,1808,848,857,2.1096849474912487,1.76216839949436,0.1423683399288005,2.440967901786903,16.47
2019-05-10,1821,1820,863,844,2.156398104265403,1.7579253299333713,0.13657210457756852,2.9176732361601116,18.48
2019-05-09,1831,1814,872,864,2.099537037037037,1.7527083014463916,0.12848478003291708,2.699376031167194,16.52
2019-05-08,1867,1860,882,899,2.0689655172413794,1.7482046311093877,0.12200524400382556,2.6290745840558625,15.5
2019-05-07,1840,1880,917,893,2.1052631578947367,1.7448044707244643,0.11644536639949259,3.095517651888664,17.12
2019-04-26,1832,1849,912,916,2.0185589519650655,1.7411631997147723,0.10915870582884486,2.5412151064271065,13.74
2019-04-25,1834,1853,913,923,2.0075839653304444,1.738612716718874,0.10479505741992746,2.56664059578466,13.4
2019-04-24,1843,1829,949,927,1.9730312837108954,1.7372829758896864,0.10196826735372587,2.311977186033797,11.95
2019-04-23,1854,1853,943,941,1.969181721572795,1.7360090509201382,0.09958398321352359,2.341467604812494,11.84
2019-04-22,1830,1848,941,945,1.9555555555555555,1.7347498151613805,0.09719604369769154,2.2717564624435354,11.29
2019-04-19,1863,1833,954,949,1.9315068493150684,1.7337794755271405,0.09533222516110013,2.0740874709867745,10.24
2019-04-18,1833,1783,968,950,1.8768421052631579,1.7326962825986614,0.09352381557743349,1.5412739714960653,7.68
2019-04-17,1842,1841,965,967,1.9038262668045502,1.7324584167844512,0.09317894764370221,1.8391262656815532,9.0
2019-04-16,1848,1837,965,959,1.9155370177267987,1.732373573255246,0.09302564195436087,1.9689565223469685,9.56
2019-04-15,1820,1841,990,980,1.8785714285714286,1.7314737367697444,0.09156447991758028,1.6064929537533648,7.83
2019-04-12,1800,1794,977,960,1.86875,1.7306577728718457,0.09051668439987197,1.525599706216697,7.39
2019-04-11,1776,1791,976,964,1.857883817427386,1.730778286935861,0.0907062788073607,1.4012870130133759,6.84
2019-04-10,1760,1796,983,984,1.8252032520325203,1.7306806881671548,0.09057330300364218,1.0436029241592804,5.18
2019-04-09,1788,1787,1007,988,1.8087044534412955,1.7305222558136006,0.09041808343723907,0.8646743511430721,4.32
2019-04-08,1783,1791,1030,1007,1.778550148957299,1.7296789237071106,0.08997884288391739,0.5431412950401868,2.75
2019-04-05,1761,1783,1023,1030,1.7310679611650486,1.7291337212335058,0.08980478230859602,0.02153827315004351,0.11
2019-04-04,1730,1759,1005,1015,1.7330049261083744,1.7289683211199216,0.08981249084122998,0.0449448061248931,0.23
2019-04-03,1720,1733,996,1002,1.7295409181636727,1.7285282554384764,0.08987247323820026,0.011267774088204991,0.06
2019-04-02,1742,1717,999,1001,1.7152847152847153,1.7282870666408385,0.08989370217547307,-0.1446414046975459,-0.76
2019-04-01,1714,1719,954,971,1.7703398558187435,1.7274778522980554,0.0902794457798513,0.4747703439076068,2.42
2019-03-29,1692,1686,959,940,1.7936170212765958,1.7261305387349075,0.09038368213850088,0.7466666653199007,3.76
2019-03-28,1735,1689,973,959,1.7612095933263816,1.7240832172740832,0.09057068958001653,0.40991601393846455,2.11
2019-03-27,1664,1695,983,983,1.7243133265513733,1.7213778454866004,0.0924325549357073,0.03175808638866067,0.17
2019-03-26,1634,1674,961,994,1.6841046277665996,1.7190796418252228,0.09445175122992246,-0.37029503003585384,-2.08
2019-03-25,1621,1608,963,946,1.6997885835095137,1.7171369048319889,0.09662463773562828,-0.17954345526180834,-1.02
2019-03-22,1630,1660,986,993,1.6717019133937563,1.7161425437974909,0.09718019033305143,-0.45730133118107424,-2.66
2019-03-20,1619,1632,977,983,1.6602238046795523,1.7159062414689652,0.09730942561002888,-0.5722203829725837,-3.35
2019-03-19,1611,1613,987,990,1.6292929292929292,1.7157020389557442,0.09744203918708334,-0.8867744392839961,-5.3
2019-03-18,1630,1628,986,977,1.6663254861821903,1.7160019427556483,0.09720996805713537,-0.5110222497373987,-2.98
2019-03-15,1596,1615,960,978,1.6513292433537832,1.7162416905311269,0.09710927708230392,-0.6684474349688324,-3.93
2019-03-14,1624,1598,967,959,1.6663190823774765,1.7163785480085822,0.09702489477248305,-0.5159445495765996,-3.0
2019-03-13,1622,1616,967,955,1.6921465968586387,1.7162851144065385,0.09707641673446414,-0.2486548057694242,-1.43
2019-03-12,1638,1642,959,970,1.6927835051546392,1.7146131681780623,0.09854647230054234,-0.22151643294595147,-1.29
2019-03-11,1576,1622,946,948,1.7109704641350212,1.7131418653255726,0.0996786510142929,-0.02178401461552698,-0.13
2019-03-08,1589,1582,960,944,1.6758474576271187,1.711454901277574,0.10076582927390343,-0.35336823908496234,-2.12
2019-03-07,1621,1605,967,969,1.6563467492260062,1.7108477095305834,0.10111516155153397,-0.5389988946098893,-3.29
2019-03-06,1603,1640,998,979,1.6751787538304392,1.7103252424231914,0.10149593948896826,-0.34628467670445356,-2.1
2019-03-05,1618,1609,989,998,1.6122244488977955,1.7092751237526451,0.10225871670886602,-0.9490699470750855,-6.02
2019-03-04,1599,1618,1005,991,1.632694248234107,1.7095509496660755,0.10202419750243982,-0.7533183628337834,-4.71
2019-03-01,1576,1585,992,995,1.592964824120603,1.7102722150410348,0.10166890024833763,-1.1538178404005104,-7.36
2019-02-28,1607,1573,999,989,1.590495449949444,1.7115642552715562,0.10078177796473026,-1.2012965812577916,-7.61
2019-02-27,1596,1596,987,984,1.6219512195121952,1.7127993009777955,0.09985384698512115,-0.9098105301755399,-5.6
2019-02-26,1592,1587,1000,973,1.63103802672148,1.7136933919562387,0.09933525738520907,-0.8320848751036318,-5.07
2019-02-25,1605,1587,991,995,1.5949748743718593,1.7142121693697792,0.0990032802838241,-1.204377215139626,-7.48
2019-02-22,1581,1593,986,978,1.6288343558282208,1.7154613271786499,0.09807765473223307,-0.8832488051119687,-5.32
2019-02-21,1588,1577,1005,989,1.5945399393326594,1.7163357779624981,0.09759256867510528,-1.2480032064255675,-7.64
2019-02-20,1561,1578,1009,999,1.5795795795795795,1.7174959574121726,0.0966504247938921,-1.4269609070700005,-8.73
2019-02-19,1573,1574,1020,1002,1.5708582834331337,1.7186223963511116,0.09552220601921513,-1.5469085051098361,-9.41
2019-02-18,1596,1581,1001,1014,1.5591715976331362,1.7190794587565892,0.09489402535531585,-1.6851204332907472,-10.26
2019-02-15,1570,1577,955,972,1.6224279835390947,1.719955634689837,0.09370949709027632,-1.0407445795679362,-6.01
2019-02-14,1584,1584,949,955,1.6586387434554974,1.720044873297594,0.09361972378966914,-0.655910179569154,-3.7
2019-02-13,1587,1603,981,961,1.668054110301769,1.7180697951303299,0.0964151730484992,-0.5187532547745548,-3.0
2019-02-12,1600,1579,920,966,1.634575569358178,1.7157832546447485,0.09955653247047247,-0.8156941917463412,-4.97
2019-02-08,1558,1560,954,929,1.6792249730893434,1.7142244849802788,0.10170778614435386,-0.3441183140222973,-2.08
2019-02-07,1645,1584,977,960,1.65,1.710854265399345,0.10686863882700123,-0.5694305276766546,-3.69
2019-02-06,1705,1642,997,982,1.6720977596741344,1.7077579198843948,0.11183569170329383,-0.3188620704816559,-2.13
2019-02-05,1740,1724,967,994,1.7344064386317908,1.7036551854736535,0.11851341723730859,0.25947486685462545,1.77
2019-02-04,1750,1745,965,981,1.7787971457696228,1.6983576021728297,0.12568365123675793,0.6400159671146425,4.52
2019-02-01,1715,1738,969,950,1.8294736842105264,1.6924889124735907,0.13191248286848245,1.0384519247773567,7.49
2019-01-31,1722,1720,982,981,1.7533129459734964,1.6860797192778356,0.13669211188568628,0.4918588627256487,3.83
2019-01-30,1713,1686,985,967,1.7435367114788005,1.6811566182774265,0.14077028754894857,0.44313394742255735,3.58
2019-01-29,1721,1703,998,978,1.7413087934560327,1.675537573398168,0.14646396145929894,0.44906077510502196,3.78
2019-01-28,1730,1740,1007,1001,1.7382617382617382,1.6702002615012703,0.1511874315174612,0.45017946318247526,3.92
2019-01-25,1747,1736,967,992,1.75,1.664680003981013,0.15608083059636257,0.546639812800787,4.88
2019-01-24,1760,1752,961,976,1.7950819672131149,1.6588751012769443,0.16082365307479204,0.8469330433181166,7.59
2019-01-23,1780,1769,967,970,1.8237113402061855,1.6527218533182853,0.16428584912092004,1.0408047181351945,9.38
2019-01-22,1796,1771,990,980,1.8071428571428572,1.6456558289547039,0.16813129477746525,0.9604816783329592,8.94
2019-01-21,1810,1789,990,998,1.7925851703406814,1.6387853732455384,0.17187840846430555,0.8948174379161943,8.58
2019-01-18,1786,1780,978,992,1.7943548387096775,1.63243608387266,0.1748494942850249,0.9260464578357389,9.02
2019-01-17,1768,1765,989,988,1.7864372469635628,1.6258740456789809,0.17785886847046567,0.9027562283814046,8.99
2019-01-16,1733,1761,995,983,1.7914547304170905,1.619001372322314,0.18144439785654856,0.9504474105126106,9.63
2019-01-15,1728,1751,984,992,1.7651209677419355,1.6127298925834197,0.18349256642074374,0.8305027180724421,8.63
2019-01-11,1785,1760,1002,999,1.7617617617617618,1.606870350106458,0.18553805968204523,0.8348228493967202,8.79
2019-01-10,1797,1794,993,989,1.813953488372093,1.6014028837205692,0.18692977392481572,1.137061262038507,11.72
2019-01-09,1839,1834,1000,1001,1.832167832167832,1.5956965669386711,0.18688651638058085,1.2653200980406973,12.91
2019-01-08,1812,1809,969,990,1.8272727272727274,1.5896511630671804,0.18647228370452804,1.2742996411309406,13.0
2019-01-07,1850,1822,985,955,1.9078534031413612,1.5836433825593998,0.18597760552618314,1.7432745177285174,16.99
2019-01-04,1756,1793,934,955,1.8774869109947645,1.5762037098448816,0.18400935545997527,1.6373254522671075,16.05
2018-12-28,1802,1796,961,958,1.8747390396659707,1.5691651309774173,0.18243987939692466,1.674929350417584,16.3
2018-12-27,1814,1815,956,964,1.8827800829875518,1.5623594818178324,0.18042311282210588,1.7759398790866043,17.02
2018-12-26,1730,1730,937,935,1.8502673796791445,1.5550407813916038,0.17839861176155175,1.6548704912689656,15.96
2018-12-25,1721,1714,916,922,1.859002169197397,1.5477328918597013,0.17737837072342194,1.7548322045591669,16.74
2018-12-21,1800,1795,979,946,1.897463002114165,1.5398434709035265,0.17651514650298147,2.0259991184643074,18.85
2018-12-20,1822,1800,1002,974,1.8480492813141685,1.5312574327474124,0.17456176802045426,1.8147836846475798,17.14
2018-12-19,1879,1841,1035,1013,1.8173741362290228,1.5235132383536443,0.1732142719377632,1.6965166587483291,16.17
2018-12-18,1953,1936,1056,1031,1.877788554801164,1.516673801921064,0.17159563529933652,2.104451854210398,19.23
2018-12-17,1973,1969,1076,1064,1.8505639097744362,1.5084513782701425,0.1688478475896984,2.026158677104548,18.49
2018-12-14,1939,1933,1089,1066,1.8133208255159474,1.5008671398964306,0.16606263686644251,1.8815411552859462,17.23
2018-12-13,1902,1920,1091,1100,1.7454545454545454,1.493546448357886,0.16421903689468711,1.5339762177402543,14.43
2018-12-12,1878,1901,1099,1094,1.7376599634369287,1.486911171284362,0.16396012555605607,1.5293278856805872,14.43
2018-12-11,1876,1851,1099,1077,1.7186629526462396,1.4806104888817273,0.16328148111356336,1.4579269010852811,13.85
2018-12-10,1837,1870,1109,1100,1.7,1.4752928236021796,0.1619308962797681,1.3876732702670505,13.22
2018-12-07,1874,1898,1120,1109,1.7114517583408475,1.4690936204149285,0.1621093247574822,1.4950289768246838,14.16
2018-12-06,1886,1873,1140,1132,1.6545936395759717,1.4624487781355875,0.16225276795772514,1.1842316396750006,11.61
2018-12-05,1894,1908,1156,1143,1.669291338582677,1.456801065445904,0.16283720552680936,1.3049245867940718,12.73
2018-12-04,1969,1932,1226,1178,1.6400679117147707,1.4512403488186394,0.16260675032144137,1.1612529155330675,11.51
2018-12-03,1952,1951,1253,1252,1.5583067092651757,1.4465014073678366,0.16221322267269273,0.6892490023636068,7.17
2018-11-30,1903,1912,1235,1232,1.551948051948052,1.4425857597906049,0.16300962913613606,0.6708946749772317,7.05
2018-11-29,1950,1903,1206,1237,1.53839935327405,1.4387486746535199,0.16377543403500586,0.608459255246001,6.48
2018-11-28,1915,1921,1169,1182,1.625211505922166,1.434730189770039,0.1649741544550924,1.1546130773107113,11.72
2018-11-27,1901,1912,1160,1156,1.6539792387543253,1.4294456046724697,0.16513578752990604,1.359690939440929,13.58
2018-11-26,1852,1890,1150,1149,1.6449086161879896,1.424014133942009,0.1643587457301136,1.343977658534228,13.43
2018-11-22,1850,1850,1096,1120,1.6517857142857142,1.418960198443706,0.1633130487901265,1.4256393935870502,14.1
2018-11-21,1845,1846,1078,1096,1.6843065693430657,1.414323562316571,0.16156416281950028,1.6710575062869604,16.03
2018-11-20,1870,1856,1110,1117,1.6615935541629365,1.4090569810866533,0.15909661465335723,1.5873158182939011,15.2
2018-11-19,1861,1880,1161,1133,1.6593115622241836,1.403682647278061,0.1572726213826049,1.6253872587539664,15.41
2018-11-16,1915,1866,1206,1191,1.566750629722922,1.3980988235329534,0.1555222051983168,1.0844226776164163,10.76
2018-11-15,1889,1910,1177,1207,1.5824357912178957,1.3943259322537649,0.15481574496445438,1.2150563820709626,11.89
2018-11-14,1918,1895,1201,1196,1.584448160535117,1.391361680019265,0.1533066446905933,1.2594788758539677,12.19
2018-11-13,1929,1958,1172,1201,1.630308076602831,1.3887026209000204,0.15165518333451045,1.5931236268390125,14.82
2018-11-12,1964,1960,1215,1212,1.6171617161716172,1.3855093565854764,0.14903304267558284,1.5543691212854376,14.32
2018-11-09,1934,1962,1215,1229,1.596419853539463,1.3825045276287766,0.1465839082422254,1.4593370341661092,13.4
2018-11-08,1940,1935,1177,1185,1.6329113924050633,1.379487197849852,0.1444633262634566,1.7542458775526442,15.52
2018-11-07,1950,1928,1134,1143,1.6867891513560804,1.3758728067653672,0.14143700799923034,2.198267263914443,18.43
2018-11-06,1890,1918,1120,1135,1.6898678414096917,1.3721682606761192,0.13680778611879355,2.3222331838460293,18.8
2018-11-05,1895,1875,1119,1114,1.6831238779174147,1.3686074678384974,0.13187914822421473,2.384883541590603,18.69
2018-11-02,1900,1890,1112,1119,1.6890080428954424,1.3656869947701327,0.12722497547156827,2.5413331535486456,19.14
2018-11-01,1833,1867,1077,1118,1.6699463327370303,1.3628660165893256,0.1222739427015194,2.511412565613531,18.39
2018-10-31,1818,1817,1056,1076,1.6886617100371748,1.360124256878841,0.11757258359551279,2.7943372775459925,19.46
2018-10-30,1800,1791,1040,1057,1.6944181646168401,1.3574574978276701,0.11223774161815944,3.002204623249936,19.89
2018-10-29,1729,1732,1033,1030,1.6815533980582524,1.3545895054300214,0.10617526798322008,3.079473203495039,19.44
2018-10-26,1702,1704,1058,1024,1.6640625,1.352136220166009,0.10056984223623198,3.1015886362961234,18.74
2018-10-25,1697,1687,1057,1051,1.6051379638439582,1.3494669274489222,0.09474337560201947,2.6985637230091095,15.93
2018-10-24,1757,1763,1101,1085,1.624884792626728,1.3469993282938146,0.09036099450182512,3.075281163791315,17.1
2018-10-23,1765,1779,1122,1092,1.629120879120879,1.3424770548683154,0.08464710295796683,3.386339452100355,17.6
2018-10-22,1721,1725,1134,1142,1.510507880910683,1.3375081492249716,0.07838100235963921,2.207164063709325,11.45
2018-10-19,1704,1742,1161,1164,1.4965635738831615,1.334031953713298,0.07638737432787354,2.127728850480414,10.86
2018-10-18,1715,1718,1220,1132,1.517667844522968,1.330633237876006,0.07473304024994178,2.502703034982012,12.32
2018-10-17,1719,1736,1218,1217,1.4264585045193099,1.3267477309657643,0.0724483880021005,1.3763007887857313,6.99
2018-10-16,1639,1707,1197,1204,1.4177740863787376,1.3245051871259792,0.07192846150687478,1.2966897567222946,6.58
2018-10-15,1637,1640,1218,1202,1.3643926788685523,1.3223753888500798,0.07149883009255914,0.5876640214123625,3.08
2018-10-12,1650,1662,1252,1243,1.337087691069992,1.3210843020400145,0.07160263785582752,0.22350278578005053,1.2
2018-10-11,1679,1680,1286,1255,1.3386454183266931,1.3207736695722383,0.07158306958129954,0.24966446478181895,1.34
2018-10-10,1784,1775,1299,1316,1.3487841945288754,1.3209720902739406,0.07165292414045721,0.38815030354401653,2.06
2018-10-09,1819,1791,1342,1294,1.3840803709428129,1.3211349123551877,0.07172977208597484,0.8775360182683868,4.55
2018-10-05,1800,1806,1340,1366,1.322108345534407,1.3203767032060378,0.0713600011262191,0.02426628785089589,0.13
2018-10-04,1766,1805,1349,1346,1.3410104011887072,1.3199879690766112,0.0714288871278155,0.2943127487689714,1.57
2018-10-03,1734,1748,1335,1320,1.3242424242424242,1.319330919317652,0.07145912966836081,0.06873166448523008,0.37
2018-10-02,1775,1734,1335,1319,1.3146322971948445,1.3188085000025496,0.07156445840289971,-0.058355822162357296,-0.32
2018-10-01,1686,1743,1302,1307,1.3335883703136955,1.318859556552772,0.07156282668090541,0.2058165453217539,1.1
2018-09-28,1715,1700,1322,1314,1.2937595129375952,1.3192827126472477,0.07174227384964588,-0.3557623468018715,-1.97
2018-09-27,1730,1682,1330,1302,1.2918586789554531,1.3202153399908338,0.07185896831722442,-0.39461547666811797,-2.2
2018-09-26,1694,1735,1304,1318,1.3163884673748103,1.3214171839285132,0.07212793148454454,-0.06971940620230313,-0.38
2018-09-25,1726,1715,1310,1317,1.302201974183751,1.3217883366836778,0.07217270591739483,-0.27138185067280685,-1.5
2018-09-21,1695,1726,1283,1358,1.2709867452135493,1.3224368055413394,0.072212291646222,-0.7124834173640555,-4.05
2018-09-20,1702,1691,1267,1280,1.32109375,1.3233774950923383,0.07199514123899141,-0.03172082244768856,-0.17
2018-09-19,1670,1669,1255,1259,1.3256552819698173,1.3230370312077033,0.07206547846280108,0.036331553164744006,0.2
2018-09-18,1642,1668,1182,1234,1.3517017828200972,1.3220158283955004,0.07256209023712025,0.4091110706374135,2.2
2018-09-14,1660,1641,1193,1184,1.3859797297297298,1.3209884431222183,0.07267989840226582,0.8942126782814186,4.69
2018-09-13,1631,1649,1175,1196,1.37876254180602,1.3195071336136577,0.07247206200850335,0.817631050506191,4.3
2018-09-12,1673,1630,1227,1184,1.3766891891891893,1.3178240747294057,0.07254211151289755,0.8114612772102413,4.28
2018-09-11,1660,1659,1239,1229,1.3498779495524817,1.3161677387118111,0.07259733018827845,0.46434504896040174,2.5
2018-09-10,1644,1660,1203,1230,1.3495934959349594,1.314754490834902,0.07295812860964843,0.4775205417679807,2.58
2018-09-07,1615,1644,1210,1205,1.3643153526970955,1.3131656655830797,0.07347778853844628,0.696124476953364,3.75
2018-09-06,1620,1634,1228,1225,1.3338775510204082,1.3113576705966616,0.07386422169921117,0.30488211891613326,1.69
2018-09-05,1604,1616,1261,1241,1.3021756647864626,1.309886807389775,0.07449678096792017,-0.10350974234219419,-0.59
2018-09-04,1620,1612,1292,1272,1.2672955974842768,1.3088513837005813,0.07513371106248734,-0.5530910909184736,-3.28
2018-09-03,1630,1607,1270,1282,1.2535101404056161,1.3084033324844229,0.07547958844056363,-0.7272587624405549,-4.38
2018-08-31,1626,1636,1250,1291,1.2672347017815646,1.3079266504150262,0.07593626393759297,-0.535869774511209,-3.21
2018-08-30,1647,1654,1286,1268,1.304416403785489,1.3074119541063716,0.07634007913132872,-0.03923954959136499,-0.23
2018-08-29,1591,1618,1270,1283,1.2611067809820733,1.3057945165579092,0.077660090300148,-0.5754272935187505,-3.54
2018-08-28,1635,1615,1280,1260,1.2817460317460319,1.3047425524001952,0.07878451582165137,-0.2918913750288417,-1.79
2018-08-27,1584,1617,1257,1279,1.2642689601250978,1.303472139747493,0.07990533304898459,-0.49062031439581694,-3.1
2018-08-24,1571,1566,1260,1255,1.247808764940239,1.302689078393833,0.08057068285462807,-0.6811449463896609,-4.4
2018-08-23,1625,1570,1234,1241,1.265108783239323,1.3027737663691128,0.08051627327650264,-0.46779342357840636,-2.98
2018-08-22,1564,1630,1240,1235,1.319838056680162,1.3028671005064205,0.08047660553384456,0.21088061631282753,1.29
2018-08-21,1511,1550,1241,1255,1.2350597609561753,1.3023684963919062,0.0804857584281956,-0.8362813092676462,-5.45
2018-08-20,1525,1520,1268,1253,1.2130885873902633,1.302623679222923,0.0803020796427884,-1.1149784940930931,-7.38
2018-08-17,1544,1540,1236,1251,1.2310151878497202,1.3031488850396673,0.07984226661352975,-0.9034525226983426,-5.86
2018-08-16,1548,1539,1189,1229,1.2522375915378356,1.3034800189884626,0.07959352852596664,-0.643801429583682,-4.09
2018-08-15,1539,1548,1217,1205,1.2846473029045644,1.3032397915322167,0.07977480769193286,-0.2330621554043862,-1.45
2018-08-14,1511,1534,1200,1213,1.2646331409727947,1.302334379561252,0.08036386444032026,-0.4691317279354464,-2.98
2018-08-13,1506,1517,1209,1200,1.2641666666666667,1.3020253757985474,0.08055256745147338,-0.46998761590917176,-2.99
2018-08-10,1547,1524,1248,1232,1.2370129870129871,1.3018542039433207,0.08064641963211353,-0.8040185444824602,-5.24
2018-08-09,1561,1541,1253,1254,1.2288676236044658,1.3025287930590634,0.08031212770341305,-0.917186128185062,-5.99
2018-08-08,1574,1567,1244,1257,1.2466189339697693,1.3039181107865043,0.07992618717598479,-0.7169011664546354,-4.6
2018-08-07,1592,1576,1241,1245,1.265863453815261,1.3053142526392416,0.07982757375824134,-0.4942001487287797,-3.12
2018-08-06,1665,1647,1260,1263,1.3040380047505937,1.3066607983824183,0.08000232899191945,-0.03278396597790943,-0.2
2018-08-03,1697,1689,1350,1310,1.2893129770992366,1.3067874808843976,0.08000559796526227,-0.21841601374879027,-1.36
2018-08-02,1694,1699,1373,1350,1.2585185185185186,1.3073285999526276,0.08002282211951366,-0.6099520129546473,-3.88
2018-08-01,1700,1702,1344,1372,1.2405247813411078,1.3081347432570165,0.07983136212864825,-0.8469097872457102,-5.45
2018-07-31,1680,1710,1374,1332,1.2837837837837838,1.3086243273690497,0.07952724127983365,-0.3123526377315052,-1.93
2018-07-30,1848,1862,1346,1369,1.3601168736303872,1.3089381045608757,0.07947502165393729,0.6439604293832378,3.76
2018-07-27,1872,1849,1330,1335,1.3850187265917604,1.3078508319600894,0.0793250810690693,0.9728057455684154,5.57
2018-07-26,1863,1847,1326,1328,1.3908132530120483,1.306390609045961,0.0788979746357533,1.0700229550357871,6.07
2018-07-25,1840,1833,1325,1317,1.3917995444191344,1.3049233966727352,0.07833555517753024,1.109025748901807,6.24
2018-07-24,1805,1825,1340,1332,1.37012012012012,1.3037188516936622,0.0776822725383518,0.8547801996095765,4.85
2018-07-23,1795,1784,1289,1310,1.3618320610687022,1.3031513535024015,0.07734986928139012,0.7586400353545125,4.31
2018-07-20,1802,1795,1279,1274,1.4089481946624804,1.30278237156604,0.07713477142748983,1.376367896497121,7.54
2018-07-19,1855,1834,1268,1289,1.4228083785880528,1.3016469816279401,0.07618456478577118,1.5903667271817463,8.52
2018-07-18,1883,1855,1288,1267,1.4640883977900552,1.3000830103780465,0.07487393724073005,2.190420237748533,11.2
2018-07-17,1826,1866,1251,1263,1.477434679334917,1.2976418102700997,0.07243180536602412,2.4822364727243613,12.17
2018-07-13,1854,1826,1241,1247,1.4643143544506816,1.2949250247114983,0.06939479409319874,2.4409515433058235,11.57
2018-07-12,1835,1837,1237,1234,1.4886547811993518,1.2922918335827445,0.06660827242173789,2.9480264309110567,13.19
2018-07-11,1837,1824,1215,1233,1.4793187347931873,1.289009742799086,0.06280793570290694,3.030015074755803,12.86
2018-07-10,1784,1839,1207,1228,1.497557003257329,1.2858413189007354,0.05900641499552041,3.58801130983244,14.14
2018-07-09,1679,1742,1177,1190,1.4638655462184873,1.282219304681,0.054026730519732794,3.3621549886521933,12.41
2018-07-06,1700,1670,1179,1176,1.4200680272108843,1.2792340111143208,0.049938354461977995,2.820157324242463,9.92
2018-07-05,1503,1494,1184,1162,1.2857142857142858,1.2768062062650365,0.04739385745539943,0.18795852305612334,0.69
2018-07-04,1493,1509,1212,1201,1.2564529558701083,1.2759995008003755,0.04774895376923825,-0.4093606956234473,-1.56
2018-07-03,1533,1511,1236,1209,1.249793217535153,1.2751854920401153,0.04858824819892925,-0.5226011524638992,-2.03
2018-07-02,1583,1526,1285,1229,1.2416598860862489,1.273939184068592,0.05038902692782771,-0.6406017331625968,-2.6
2018-06-29,1615,1588,1300,1295,1.2262548262548263,1.272458345786447,0.0528859919487333,-0.8736438105653657,-3.77
2018-06-28,1601,1598,1285,1270,1.258267716535433,1.2713970352357746,0.05457428731741107,-0.24057700696996398,-1.04
2018-06-27,1613,1604,1284,1275,1.2580392156862745,1.2700587288398637,0.05608951484257528,-0.21429162272706365,-0.96
2018-06-26,1574,1606,1225,1267,1.2675611681136543,1.2685722289525523,0.057838431400587066,-0.01748077903246443,-0.08
2018-06-25,1622,1591,1202,1211,1.3137902559867878,1.2668205703167437,0.05979867058751201,0.7854637102894555,3.58
2018-06-22,1621,1631,1186,1205,1.353526970954357,1.2646807988102013,0.06094005455620582,1.457927348296211,6.56
2018-06-21,1703,1640,1237,1205,1.3609958506224067,1.2620768105054934,0.06125975301687527,1.614747615610922,7.27
2018-06-20,1632,1663,1282,1253,1.3272146847565842,1.259513928693708,0.06108830164267195,1.10824420130196,5.1
2018-06-19,1645,1633,1276,1263,1.292953285827395,1.2574851741569588,0.061332346224373537,0.5782937365657345,2.74
2018-06-18,1670,1656,1302,1282,1.2917316692667706,1.2560188893820714,0.06177979707115116,0.5780656715911382,2.76
2018-06-15,1710,1686,1322,1312,1.2850609756097562,1.2546272526782287,0.06213418701915007,0.48980640757635785,2.37
2018-06-14,1731,1714,1278,1300,1.3184615384615384,1.2532579895319425,0.06257838989476659,1.0419499293485155,4.95
2018-06-13,1765,1764,1295,1292,1.3653250773993808,1.2516114802656313,0.06246560534680763,1.820419357219292,8.33
2018-06-12,1821,1766,1322,1295,1.3637065637065637,1.2493398676128444,0.061377373180477174,1.8633364408970323,8.39
2018-06-11,1788,1827,1317,1322,1.3819969742813918,1.2469904467634239,0.06031794537466398,2.238248114709097,9.77
2018-06-08,1775,1769,1306,1316,1.344224924012158,1.2442823833139234,0.05873439379812027,1.701601638075188,7.43
2018-06-07,1761,1775,1302,1314,1.3508371385083713,1.2419429027085407,0.058198937162284116,1.8710691484998394,8.06
2018-06-06,1700,1744,1300,1300,1.3415384615384616,1.2393241975386227,0.057656362450709646,1.7728184653900383,7.62
2018-06-05,1679,1692,1317,1306,1.2955589586523737,1.236939459583183,0.05707524699678988,1.0270564238204276,4.52
2018-06-04,1647,1670,1300,1337,1.2490650710545999,1.2349739821097934,0.05755886322350866,0.24481180057515953,1.13
2018-06-01,1611,1629,1250,1278,1.2746478873239437,1.2336243047914106,0.05839337655265665,0.7025382835250128,3.22
2018-05-31,1623,1614,1283,1266,1.2748815165876777,1.2319115919405805,0.05904518358117571,0.7277464822854146,3.37
2018-05-30,1613,1607,1285,1283,1.2525331254871395,1.2301429310191927,0.059714480645456806,0.3749541857507599,1.79
2018-05-29,1675,1652,1343,1319,1.2524639878695982,1.2287322912535878,0.0604144282268653,0.39281504952582313,1.89
2018-05-28,1684,1678,1365,1349,1.2438843587842847,1.2278926283114528,0.06051629855623494,0.2642549338666426,1.29
2018-05-25,1705,1682,1386,1367,1.2304316020482808,1.2260354626660146,0.06211323980776538,0.0707762048135289,0.36
2018-05-24,1720,1703,1406,1386,1.2287157287157287,1.2245640911741373,0.06328762100174323,0.06559951971455773,0.34
2018-05-23,1720,1724,1390,1409,1.2235628105039036,1.2234888730471265,0.06389010954526225,0.0011572598216427275,0.01
2018-05-22,1713,1718,1395,1403,1.224518888096935,1.222937374513241,0.06406537045659323,0.024685935200602773,0.13
2018-05-21,1719,1721,1414,1395,1.2336917562724015,1.2224420544323003,0.06419470607128847,0.17524345119063828,0.91
2018-05-18,1731,1728,1415,1419,1.2177589852008457,1.2221701163338945,0.06418967336651621,-0.06872026140188807,-0.36
2018-05-17,1680,1725,1414,1404,1.2286324786324787,1.2218449320744946,0.06427291920483166,0.1056050766319298,0.55
2018-05-16,1646,1667,1394,1409,1.1831085876508163,1.22143365900762,0.06432683609941972,-0.5957866682199447,-3.24
2018-05-15,1649,1648,1399,1394,1.182209469153515,1.2217987444135916,0.0641858337817745,-0.6167914776128987,-3.35
2018-05-14,1647,1648,1370,1389,1.1864650827933765,1.221965237371982,0.06409906286466865,-0.5538326613847144,-2.99
2018-05-11,1661,1654,1344,1372,1.2055393586005831,1.2222895401715481,0.0639800516702564,-0.26180318917672807,-1.39
2018-05-10,1643,1658,1332,1322,1.254160363086233,1.222068996584377,0.06406586160391393,0.5009121191604411,2.56
2018-05-09,1679,1683,1317,1323,1.272108843537415,1.2206048779356957,0.06456851477017705,0.7976637806373705,4.05
2018-05-08,1647,1680,1284,1310,1.282442748091603,1.219072390312415,0.06469176976482557,0.9795737233586076,4.94
2018-05-07,1650,1643,1311,1310,1.2541984732824427,1.2173500837347724,0.06470121995256994,0.5695161478358911,2.94
2018-05-02,1630,1642,1302,1311,1.2524790236460717,1.2157895995865018,0.06520309352547782,0.5626945299034569,2.93
2018-05-01,1607,1610,1300,1282,1.2558502340093605,1.2145284757624488,0.06539568530046565,0.6318728530338898,3.29
2018-04-27,1640,1623,1343,1315,1.2342205323193916,1.2131544289861167,0.06559536519234464,0.32115231421462365,1.71
2018-04-26,1640,1628,1346,1338,1.2167414050822123,1.2120406209752828,0.06593653614277581,0.07129255465817437,0.39
2018-04-25,1646,1635,1305,1317,1.2414578587699316,1.2109370194657336,0.0665385489715074,0.4586940920107441,2.46
2018-04-24,1655,1648,1286,1317,1.2513287775246773,1.2097555068685635,0.06677244129342248,0.6226112128119698,3.32
2018-04-23,1657,1652,1262,1283,1.2876071706936867,1.2083052055652381,0.06703447654351481,1.1830026758987284,6.16
2018-04-20,1666,1665,1245,1249,1.33306645316253,1.2067124185979643,0.06654873835244458,1.8986691211994144,9.48
2018-04-19,1704,1677,1255,1241,1.3513295729250605,1.2047284613947487,0.06495108128332297,2.257100399773538,10.85
2018-04-18,1665,1699,1260,1243,1.3668543845534995,1.2023848078298218,0.06275300164095332,2.6209037404251108,12.03
2018-04-17,1676,1659,1262,1263,1.3135391923990498,1.1997549696247625,0.05987211443525446,1.9004543909557978,8.66
2018-04-16,1667,1677,1247,1261,1.3298969072164948,1.198046524498012,0.05841123142625267,2.2572779155486717,9.91
2018-04-13,1607,1654,1252,1254,1.3189792663476874,1.195876725220019,0.056463159364151465,2.180227647796596,9.33
2018-04-12,1598,1594,1243,1248,1.2772435897435896,1.1938294782812227,0.054719247495928144,1.5244016553512387,6.53
2018-04-11,1614,1608,1253,1230,1.3073170731707318,1.1920666655158718,0.054130072788688616,2.129138235316459,8.82
2018-04-10,1583,1611,1252,1260,1.2785714285714285,1.1900166186230443,0.05261678940543041,1.6830143182252908,6.93
2018-04-09,1594,1588,1237,1245,1.2755020080321284,1.1884918272632015,0.05167707879040354,1.6837287014970514,6.82
2018-04-06,1609,1592,1221,1243,1.2807723250201126,1.1870607999866745,0.050725069533456235,1.8474400507549777,7.32
2018-04-05,1622,1606,1229,1234,1.3014586709886549,1.1853196473011522,0.049709555118905985,2.336352103930449,8.92
2018-04-04,1610,1609,1200,1212,1.3275577557755776,1.1832903944330684,0.048004282614005196,3.005301891552887,10.87
2018-04-03,1613,1617,1216,1212,1.3341584158415842,1.181211813261608,0.044993169305901644,3.399329385758885,11.46
2018-04-02,1600,1619,1235,1223,1.3237939493049877,1.1795128761397182,0.04145219687875946,3.4806616784935867,10.9
2018-03-30,1608,1611,1244,1234,1.3055105348460292,1.1782701332862402,0.03839221804128126,3.3142237685505345,9.75
2018-03-29,1602,1591,1258,1242,1.2809983896940418,1.1778567902072472,0.0371674267671797,2.775053547098737,8.05
2018-03-28,1560,1587,1249,1246,1.2736757624398074,1.1775137106515212,0.03632294218908053,2.6474191239165252,7.55
2018-03-27,1560,1600,1239,1263,1.2668250197941409,1.1767040140582,0.0348159014275265,2.5885012893760257,7.11
2018-03-26,1526,1532,1227,1233,1.2424979724249798,1.176301156613356,0.033934420887356556,1.9507277295628656,5.33
2018-03-23,1557,1531,1250,1233,1.2416869424168695,1.176289540904468,0.033911901443357144,1.928449857688882,5.27
2018-03-22,1557,1590,1271,1297,1.225905936777178,1.176079511876433,0.03355310203850481,1.4850020377718118,4.06
2018-03-20,1560,1576,1265,1271,1.2399685287175453,1.1760544457064168,0.033516551676502665,1.9069408938013295,5.15
2018-03-19,1594,1571,1271,1269,1.2379826635145783,1.1761101607527247,0.03362604491737841,1.8400172519212052,5.0
2018-03-16,1570,1594,1306,1301,1.2252113758647194,1.176259317708743,0.033923659327216554,1.4430064187297948,4.0
2018-03-15,1548,1560,1340,1305,1.1954022988505748,1.176127786492593,0.033752295459201886,0.5710578227569711,1.61
2018-03-14,1515,1546,1360,1337,1.156320119670905,1.1761978251833214,0.03379763857034901,-0.5881388864207605,-1.72
2018-03-13,1496,1515,1312,1340,1.1305970149253732,1.176797753031697,0.0338387882178947,-1.365318929532231,-4.09
2018-03-12,1494,1509,1298,1316,1.1466565349544073,1.1774555750328028,0.033411103965126164,-0.9218204855051461,-2.69
2018-03-09,1489,1474,1306,1273,1.1578947368421053,1.1778323877900663,0.03322044591725332,-0.6001620507329244,-1.72
2018-03-08,1485,1463,1301,1276,1.146551724137931,1.1776288168158944,0.03338835314097385,-0.9307764461082636,-2.71
2018-03-07,1472,1460,1272,1285,1.1361867704280155,1.1774647188005933,0.03357043621498301,-1.2295922551686955,-3.63
2018-03-06,1489,1482,1282,1285,1.1533073929961088,1.177324669329677,0.03376370125657018,-0.7113342269871734,-2.08
2018-03-05,1470,1464,1249,1264,1.1582278481012658,1.1769108926670913,0.03424226515281028,-0.5456135709028044,-1.61
2018-03-02,1480,1475,1253,1262,1.1687797147385104,1.1766745527562488,0.034431050026467416,-0.22929414036660392,-0.68
2018-03-01,1550,1517,1311,1291,1.1750580945003872,1.1761527388190227,0.03484086570452682,-0.031418401824994245,-0.09
2018-02-28,1575,1571,1325,1328,1.1829819277108433,1.1755665983720256,0.035222047637923644,0.21053089857369972,0.63
2018-02-27,1587,1578,1343,1329,1.1873589164785554,1.1747122051895396,0.035804196914647174,0.35321868325001277,1.07
2018-02-26,1584,1569,1320,1327,1.182366239638282,1.173605746574328,0.03666809158865792,0.2389132535783172,0.74
2018-02-23,1564,1569,1293,1313,1.194973343488195,1.1720503296429976,0.038682377353481345,0.5925957868547195,1.92
2018-02-22,1556,1563,1301,1308,1.194954128440367,1.1699203124240534,0.041646242536851924,0.6011062341137209,2.09
2018-02-21,1579,1577,1342,1328,1.1875,1.1677271185104487,0.0445033578256007,0.44430088999209943,1.67
2018-02-20,1592,1575,1340,1336,1.1788922155688624,1.1652963568882926,0.048183597701939,0.2821677776050056,1.15
2018-02-19,1531,1579,1334,1351,1.1687638786084382,1.1629705185871666,0.05156278028977147,0.112355462384189,0.5
2018-02-16,1507,1510,1303,1308,1.154434250764526,1.1612879289982903,0.05337346333449266,-0.12840984649641543,-0.59
2018-02-15,1488,1508,1301,1297,1.1626831148804935,1.1595764539165219,0.05557826249584948,0.05589705083356303,0.27
2018-02-14,1514,1488,1321,1296,1.1481481481481481,1.1581710196087243,0.05680122375597378,-0.1764552028603436,-0.87
2018-02-13,1542,1514,1350,1319,1.1478392721758908,1.1571406746219928,0.05766794819901955,-0.16129241175707623,-0.81
2018-02-09,1499,1521,1335,1327,1.1461944235116805,1.155996276581678,0.05868385750505721,-0.16702809744831076,-0.86
2018-02-08,1558,1566,1392,1371,1.1422319474835887,1.154732910041117,0.05988883726749082,-0.2087361038868281,-1.09
2018-02-07,1630,1563,1390,1363,1.1467351430667645,1.153491199585191,0.06108857913273075,-0.11059442884974142,-0.59
2018-02-06,1618,1607,1403,1351,1.1894892672094746,1.15215172447502,0.06231118650604754,0.5992109094380816,3.14
2018-02-05,1670,1658,1506,1501,1.1045969353764158,1.150218950912227,0.06336236534828982,-0.7200175575049377,-4.13
2018-02-02,1708,1707,1506,1524,1.1200787401574803,1.1496756153439731,0.06392347981721755,-0.4630047561728794,-2.64
2018-02-01,1702,1729,1449,1506,1.1480743691899071,1.1489698492481883,0.06453563389246912,-0.013875745913851073,-0.08
2018-01-31,1751,1687,1433,1427,1.1822004204625087,1.147882301839512,0.06522514844007159,0.5261485706625578,2.9
2018-01-30,1761,1711,1456,1441,1.1873698820263705,1.146310479239881,0.06579713022040594,0.6240302981140586,3.46
2018-01-29,1728,1752,1453,1444,1.2132963988919667,1.1445798271851024,0.06639868108033996,1.0349086847631774,5.66
2018-01-26,1737,1728,1454,1448,1.1933701657458564,1.142831765610835,0.06629228068158617,0.7623572400196397,4.23
2018-01-25,1733,1732,1450,1446,1.197786998616874,1.1414451231432414,0.06630832992060966,0.8496952877728978,4.7
2018-01-24,1721,1754,1433,1449,1.2104899930986888,1.1401153645663291,0.06616497196517315,1.0636236431778783,5.81
2018-01-23,1700,1712,1421,1433,1.1946964410327983,1.1382302405391054,0.06614716139864775,0.8536451043362115,4.73
2018-01-22,1688,1706,1420,1409,1.2107877927608233,1.1367282495408777,0.06612689170341733,1.1199610523371732,6.12
2018-01-19,1660,1686,1451,1418,1.1889985895627644,1.134999996719651,0.06586202286279993,0.8198744966518917,4.54
2018-01-18,1701,1641,1482,1434,1.1443514644351465,1.1338111303341332,0.06568107546851347,0.16047748953298083,0.92
2018-01-17,1671,1686,1449,1457,1.1571722717913522,1.1330296153425437,0.06589935869901761,0.36635647031218277,2.09
2018-01-16,1681,1693,1480,1468,1.1532697547683923,1.1321078499467874,0.06603856413721995,0.3204476823213955,1.83
2018-01-15,1703,1683,1478,1480,1.1371621621621621,1.1311429298915492,0.06625067617261707,0.09085540885544727,0.53
2018-01-12,1690,1694,1459,1463,1.1578947368421053,1.1305353895781265,0.066401445978296,0.41202938973530034,2.36
2018-01-11,1656,1690,1467,1466,1.1527967257844476,1.129810223369191,0.06639567731413609,0.34620480346184673,1.99
2018-01-10,1660,1680,1461,1460,1.1506849315068493,1.129109694617515,0.06642661630461548,0.3247980717608097,1.87
2018-01-09,1692,1659,1467,1463,1.1339712918660287,1.1286080118030326,0.06640385711973926,0.08076759838400775,0.47
2018-01-05,1650,1682,1448,1459,1.1528444139821796,1.1284098760596337,0.0664097282075614,0.36793612294536987,2.12
2018-01-04,1597,1627,1382,1424,1.1425561797752808,1.127995654243575,0.06635289188883206,0.2194407073636008,1.27
2017-12-29,1583,1577,1365,1350,1.1681481481481482,1.1278686608360131,0.06633401467268855,0.607222214890593,3.45
2017-12-28,1586,1581,1348,1335,1.1842696629213483,1.127259836045348,0.06617087430311425,0.8615546866564088,4.81
2017-12-27,1593,1587,1350,1350,1.1755555555555555,1.1264058215961963,0.06584209432057653,0.7464788972242524,4.18
2017-12-26,1600,1586,1355,1356,1.1696165191740413,1.1253948202984023,0.06566153853716683,0.6734794806948955,3.78
2017-12-25,1575,1592,1347,1343,1.1854058078927774,1.1245023143284627,0.06550913931387778,0.9296946075341366,5.14
2017-12-22,1572,1571,1355,1346,1.1671619613670134,1.1230630190192803,0.0653408552246275,0.67490610883697,3.78
2017-12-21,1583,1578,1374,1354,1.1654357459379616,1.122030626574939,0.06524756132986956,0.6652374200405918,3.72
2017-12-20,1565,1579,1369,1379,1.145032632342277,1.1209143982073078,0.06521154556757858,0.3698460744190705,2.11
2017-12-19,1584,1570,1365,1361,1.1535635562086701,1.1201321962451716,0.06526937389383541,0.5122059239893535,2.9
2017-12-18,1562,1581,1342,1358,1.1642120765832107,1.119168509427419,0.06530221799924645,0.6897708613252829,3.87
2017-12-15,1548,1549,1341,1326,1.1681749622926094,1.1180313520447085,0.06525050051392225,0.7684785534664516,4.29
2017-12-14,1546,1547,1347,1345,1.150185873605948,1.1169382521290636,0.06508781801955169,0.5108117384868731,2.89
2017-12-13,1560,1563,1350,1360,1.1492647058823529,1.1158786468037796,0.0651847362191779,0.5121760248644041,2.9
2017-12-12,1574,1563,1308,1334,1.171664167916042,1.1148099050689506,0.06528561208147583,0.8708544047368016,4.85
2017-12-11,1570,1576,1277,1306,1.206738131699847,1.1134814068390035,0.06512873964859363,1.4318828425671386,7.73
2017-12-08,1553,1569,1254,1275,1.2305882352941175,1.1118053773915548,0.06431968767477371,1.8467573801535972,9.65
2017-12-07,1574,1560,1238,1224,1.2745098039215685,1.1097062070168378,0.06296358878993866,2.617442875668259,12.93
2017-12-06,1547,1549,1274,1234,1.2552674230145866,1.106572825269077,0.0604827773453577,2.4584618013895247,11.85
2017-12-05,1537,1555,1241,1282,1.2129485179407176,1.1038943678539908,0.05824524001827553,1.8723272503042143,8.99
2017-12-04,1569,1547,1258,1251,1.2366107114308553,1.1014899521865127,0.05740988467669558,2.3536148871449005,10.93
2017-12-01,1551,1557,1266,1254,1.2416267942583732,1.0984698228354481,0.0561666977195342,2.548787399568562,11.53
2017-11-30,1513,1541,1232,1257,1.2259347653142403,1.0955463218087018,0.05431506547530375,2.400594427430528,10.64
2017-11-29,1500,1508,1214,1232,1.224025974025974,1.0929142069241105,0.05269160977222228,2.4882854721774406,10.71
2017-11-28,1504,1488,1202,1196,1.2441471571906355,1.0903445294106127,0.05090398577483644,3.0214260325377644,12.36
2017-11-27,1500,1504,1218,1204,1.2491694352159468,1.0875019323941026,0.04811199915945165,3.360232491816637,12.94
2017-11-24,1449,1473,1205,1212,1.2153465346534653,1.0848893506772448,0.044442305270670654,2.935427925749718,10.73
2017-11-22,1480,1466,1235,1221,1.2006552006552007,1.08241241473425,0.04222387932210964,2.800377128281422,9.85
2017-11-21,1430,1462,1206,1217,1.201314708299096,1.08049091620532,0.040020855747410294,3.0190207040136667,10.06
2017-11-20,1435,1423,1212,1206,1.1799336650082919,1.078360500712344,0.03771897043057198,2.692893340843174,8.61
2017-11-17,1433,1424,1234,1212,1.174917491749175,1.0762909970874592,0.03632133279068678,2.7153875445618203,8.39
2017-11-16,1403,1418,1220,1241,1.1426269137792102,1.0743452372940887,0.03486538235532426,1.9584376212840893,5.98
2017-11-15,1420,1411,1267,1244,1.1342443729903537,1.073069725947073,0.03408518066570823,1.7947578932690305,5.39
2017-11-14,1441,1442,1275,1281,1.1256830601092895,1.0720647472104274,0.03337034296101109,1.6067654132745395,4.76
2017-11-13,1453,1441,1300,1284,1.1222741433021808,1.0712850594454075,0.0327864951931006,1.5551855590683297,4.54
2017-11-10,1460,1453,1303,1274,1.140502354788069,1.070383569260328,0.03229799694627922,2.170994865234786,6.15
2017-11-09,1487,1490,1307,1319,1.1296436694465504,1.0695721514324754,0.03127444419031483,1.920786110490753,5.32
2017-11-08,1461,1484,1306,1312,1.1310975609756098,1.0688816875835692,0.030502708412691443,2.039683576628037,5.5
2017-11-07,1450,1468,1285,1312,1.1189024390243902,1.0679509244049699,0.02964298263261225,1.7188389998031162,4.55
2017-11-06,1426,1439,1316,1303,1.1043745203376822,1.0669518777695524,0.02916778205757382,1.2830129659588763,3.39
2017-11-02,1360,1411,1308,1324,1.0657099697885197,1.0659952365304657,0.029101227567051864,-0.009802567307123899,-0.03
2017-11-01,1360,1352,1320,1306,1.0352220520673814,1.0653773764005978,0.029588571107232287,-1.0191544641993753,-2.91
2017-10-31,1347,1353,1330,1313,1.0304645849200305,1.0650486704489135,0.030055008433406246,-1.1506929237937829,-3.36
2017-10-30,1350,1355,1335,1348,1.0051928783382789,1.0649380424857762,0.03019703823607612,-1.9785107294436683,-5.94
2017-10-27,1346,1353,1310,1347,1.0044543429844097,1.0651289667095585,0.029862099263692394,-2.031827139457658,-6.04
2017-10-26,1341,1347,1304,1292,1.0425696594427245,1.0655465582762003,0.029222848442687827,-0.786264859790732,-2.2
2017-10-25,1371,1338,1300,1304,1.0260736196319018,1.0656192324041587,0.029172350814927448,-1.3555853973901015,-3.85
2017-10-24,1362,1366,1284,1292,1.0572755417956656,1.0658585165897976,0.028919505264861742,-0.2967884379599182,-0.81
2017-10-23,1358,1375,1290,1284,1.070872274143302,1.065920505181755,0.028906020878862067,0.17130579758101822,0.46
2017-10-20,1340,1353,1283,1274,1.0620094191522762,1.0659230301109859,0.028906461570925704,-0.13538879357845765,-0.37
2017-10-19,1349,1349,1288,1283,1.0514419329696025,1.0660486188080032,0.028909646772143367,-0.5052530026923499,-1.39
2017-10-18,1336,1346,1277,1283,1.049103663289166,1.0664490614170077,0.028912551161526568,-0.5999262407159341,-1.65
2017-10-17,1347,1334,1290,1275,1.0462745098039217,1.0668623906954604,0.028883198121435995,-0.7127978281691459,-1.97
2017-10-16,1336,1337,1257,1280,1.04453125,1.0675658763432982,0.029015419839557095,-0.793875341824106,-2.21
2017-10-13,1328,1333,1250,1253,1.0638467677573822,1.0683457201858086,0.029171413068498495,-0.1542246999781019,-0.42
2017-10-12,1345,1335,1263,1251,1.0671462829736211,1.0688966878218897,0.029469944365555667,-0.05939627257370971,-0.16
2017-10-11,1357,1347,1272,1263,1.0665083135391924,1.0695407764586178,0.02994865108630574,-0.10125540915637435,-0.28
2017-10-10,1348,1357,1256,1275,1.064313725490196,1.0700518484071277,0.030218379905749604,-0.18988850278634498,-0.54
2017-10-06,1351,1341,1250,1268,1.0575709779179812,1.0703521953916393,0.03027175322508227,-0.42221596412420503,-1.21
2017-10-05,1361,1343,1241,1241,1.082191780821918,1.0706384603870727,0.030251041947675045,0.3819147933756769,1.07
2017-10-04,1356,1353,1239,1242,1.0893719806763285,1.0705111798415847,0.030222232512223928,0.6240704033732497,1.73
2017-10-03,1323,1355,1224,1234,1.0980551053484602,1.07017669628971,0.030150375569024723,0.9246454988571162,2.54
2017-10-02,1332,1315,1231,1230,1.0691056910569106,1.0694613611964905,0.03011687992042479,-0.011809660911744162,-0.03
2017-09-29,1326,1332,1231,1231,1.082047116165719,1.0692435579630493,0.030177670863454294,0.42427257758235754,1.18
2017-09-28,1320,1332,1219,1232,1.0811688311688312,1.0685215813022868,0.030508631572911105,0.41454661236835116,1.17
2017-09-27,1309,1322,1203,1202,1.0998336106489184,1.068033507284801,0.030595081542478617,1.039386128779086,2.89
2017-09-26,1313,1317,1199,1213,1.085737840065952,,,,
2017-09-25,1300,1310,1215,1204,1.0880398671096345,,,,
2017-09-22,1305,1296,1194,1199,1.0809007506255213,,,,
2017-09-21,1296,1299,1193,1190,1.091596638655462,,,,
2017-09-20,1284,1290,1155,1169,1.1035072711719418,,,,
2017-09-19,1286,1284,1147,1167,1.1002570694087404,,,,
2017-09-15,1259,1270,1118,1141,1.1130587204206837,,,,
2017-09-14,1266,1259,1126,1125,1.1191111111111112,,,,
2017-09-13,1263,1262,1119,1125,1.1217777777777778,,,,
2017-09-12,1242,1252,1115,1105,1.1330316742081448,,,,
2017-09-11,1240,1228,1112,1094,1.1224862888482632,,,,
2017-09-08,1221,1230,1103,1098,1.1202185792349726,,,,
2017-09-07,1232,1224,1132,1113,1.0997304582210243,,,,
2017-09-06,1221,1235,1123,1120,1.1026785714285714,,,,
2017-09-05,1261,1238,1159,1149,1.0774586597040905,,,,
2017-09-04,1278,1263,1169,1159,1.089732528041415,,,,
2017-09-01,1288,1284,1200,1187,1.0817186183656275,,,,
2017-08-31,1282,1283,1190,1181,1.086367485182049,,,,
2017-08-30,1283,1277,1193,1181,1.0812870448772227,,,,
2017-08-29,1287,1285,1178,1191,1.0789252728799328,,,,
2017-08-28,1294,1298,1207,1195,1.0861924686192468,,,,
2017-08-25,1290,1287,1207,1202,1.0707154742096505,,,,
2017-08-24,1276,1284,1194,1201,1.0691090757701915,,,,
2017-08-23,1302,1280,1213,1194,1.0720268006700167,,,,
2017-08-22,1286,1294,1200,1197,1.0810359231411864,,,,
2017-08-21,1278,1291,1220,1203,1.0731504571903574,,,,
2017-08-18,1272,1263,1213,1215,1.039506172839506,,,,
2017-08-17,1296,1299,1248,1232,1.0543831168831168,,,,
2017-08-16,1300,1298,1274,1257,1.0326173428798726,,,,
2017-08-15,1310,1300,1269,1287,1.0101010101010102,,,,
2017-08-14,1272,1280,1236,1252,1.0223642172523961,,,,
2017-08-10,1288,1298,1238,1262,1.0285261489698891,,,,
2017-08-09,1292,1285,1250,1246,1.0313001605136436,,,,
2017-08-08,1306,1299,1269,1260,1.0309523809523808,,,,
2017-08-07,1299,1306,1265,1240,1.053225806451613,,,,
2017-08-04,1294,1288,1233,1251,1.0295763389288568,,,,
2017-08-03,1300,1308,1248,1238,1.0565428109854604,,,,
2017-08-02,1307,1304,1249,1252,1.0415335463258786,,,,
2017-08-01,1248,1285,1242,1254,1.0247208931419458,,,,
2017-07-31,1294,1278,1223,1242,1.0289855072463767,,,,
2017-07-28,1310,1293,1235,1235,1.0469635627530365,,,,
2017-07-27,1314,1313,1226,1240,1.0588709677419355,,,,
2017-07-26,1339,1318,1248,1235,1.0672064777327934,,,,
2017-07-25,1345,1312,1243,1244,1.0546623794212218,,,,
2017-07-24,1338,1342,1221,1243,1.079646017699115,,,,
2017-07-21,1316,1329,1226,1233,1.0778588807785887,,,,
2017-07-20,1293,1316,1240,1240,1.0612903225806452,,,,
2017-07-19,1269,1282,1225,1228,1.0439739413680782,,,,
2017-07-18,1256,1266,1224,1226,1.032626427406199,,,,
2017-07-14,1254,1263,1230,1239,1.0193704600484261,,,,
2017-07-13,1248,1243,1230,1230,1.0105691056910568,,,,
2017-07-12,1253,1245,1223,1218,1.022167487684729,,,,
2017-07-11,1244,1254,1205,1230,1.0195121951219512,,,,
2017-07-10,1254,1245,1201,1202,1.035773710482529,,,,
2017-07-07,1241,1244,1191,1187,1.0480202190395955,,,,
2017-07-06,1272,1257,1195,1204,1.0440199335548173,,,,
2017-07-05,1250,1269,1180,1195,1.0619246861924687,,,,
2017-07-04,1265,1251,1175,1168,1.0710616438356164,,,,
2017-07-03,1259,1260,1164,1176,1.0714285714285714,,,,
2017-06-30,1252,1261,1161,1166,1.08147512864494,,,,
2017-06-29,1267,1254,1150,1161,1.0801033591731266,,,,
2017-06-28,1248,1254,1122,1141,1.0990359333917616,,,,
2017-06-27,1247,1242,1124,1126,1.103019538188277,,,,
2017-06-26,1244,1240,1126,1122,1.1051693404634582,,,,
2017-06-23,1258,1256,1127,1126,1.1154529307282415,,,,
2017-06-22,1217,1233,1117,1116,1.1048387096774193,,,,
2017-06-21,1212,1214,1118,1117,1.0868397493285586,,,,
2017-06-20,1210,1215,1128,1126,1.0790408525754884,,,,
2017-06-19,1200,1196,1126,1115,1.072645739910314,,,,
2017-06-16,1187,1192,1137,1120,1.0642857142857143,,,,
2017-06-15,1195,1176,1131,1126,1.044404973357016,,,,
2017-06-14,1188,1197,1153,1137,1.0527704485488127,,,,
2017-06-13,1180,1179,1119,1147,1.027898866608544,,,,
2017-06-12,1169,1172,1137,1122,1.0445632798573976,,,,
