DATE,OPEN_4183,CLOSE_4183,OPEN_5706,CLOSE_5706,saya_divide,saya_divide_mean,saya_divide_std,saya_divide_sigma,deviation_rate(%)
2020-05-22,2009,1943,2174,2130,0.9122065727699531,1.016432508059397,0.1039037544410527,-1.0031007623364947,-11.43
2020-05-21,2039,2005,2162,2161,0.927811198519204,1.0166291915068015,0.10372007423074338,-0.8563240399347036,-9.57
2020-05-20,1990,2012,2124,2133,0.943272386310361,1.0164843727582054,0.10385148425709402,-0.7049681280105852,-7.76
2020-05-19,1940,1996,2120,2098,0.9513822688274547,1.0163437436013192,0.10395761505383051,-0.6248842351782181,-6.83
2020-05-18,1879,1889,2062,2030,0.9305418719211823,1.0160575154897182,0.10416542560533931,-0.8209599593298503,-9.19
2020-05-15,1900,1887,2067,2026,0.9313919052319842,1.0160989943027314,0.1041319789169767,-0.8134589388556924,-9.09
2020-05-14,2077,1935,2056,2031,0.9527326440177253,1.0159742530577016,0.10423892476738429,-0.6066985934582878,-6.64
2020-05-13,2073,2086,2042,2083,1.00144023043687,1.0154890773237568,0.10461615215296277,-0.13428946293441965,-1.4
2020-05-12,2136,2113,2110,2112,1.0004734848484849,1.0143140434979114,0.10526028293854955,-0.1314888984053617,-1.38
2020-05-11,2107,2133,2106,2139,0.9971949509116409,1.0133176544763471,0.10573918320932141,-0.1524761500454351,-1.62
2020-05-08,1999,2032,2045,2071,0.9811685176243361,1.012351521561954,0.10621205563754253,-0.29359194444021086,-3.18
2020-05-07,1978,1961,1972,1991,0.9849321948769463,1.011701770828201,0.10654935075970924,-0.2512410987057598,-2.72
2020-05-01,2079,2016,2013,2012,1.0019880715705765,1.0106197424795553,0.10722561794242412,-0.08050008080730983,-0.86
2020-04-30,2128,2126,2038,2050,1.0370731707317074,1.0093772724172998,0.10785647169193187,0.2567847610805845,2.67
2020-04-28,2093,2081,2009,1977,1.052604957005564,1.0074855231421453,0.10859583798835915,0.4154803231801131,4.29
2020-04-27,2015,2062,1905,1983,1.0398386283408976,1.0054512597003864,0.10915912812168681,0.31502055056886613,3.31
2020-04-24,1979,1991,1912,1872,1.063568376068376,1.003622385505738,0.10971530745843422,0.5463776381919055,5.64
2020-04-23,1923,1970,1842,1904,1.0346638655462186,1.0014474241623936,0.1101214877892024,0.30163451339677494,3.21
2020-04-22,1920,1904,1838,1830,1.0404371584699454,0.9998726081894929,0.11047916484020129,0.3671692335756317,3.9
2020-04-21,1873,1912,1899,1862,1.0268528464017186,0.9981890502502392,0.11080976268006143,0.2586757290893199,2.79
2020-04-20,1887,1900,1870,1902,0.9989484752891693,0.9971253484170649,0.11091236269163092,0.016437544272438116,0.18
2020-04-17,1851,1918,1872,1908,1.0052410901467506,0.9964346471115884,0.11106005933425972,0.07929442040596496,0.88
2020-04-16,1883,1873,1845,1813,1.0330943188086046,0.995973731097996,0.11109428222186438,0.3341358976196066,3.59
2020-04-15,1918,1932,1877,1885,1.0249336870026524,0.9949881592315478,0.11108847631260041,0.2695646638166012,2.92
2020-04-14,1896,1932,1868,1893,1.0206022187004755,0.9939885735904223,0.11115179718697851,0.2394351309073666,2.61
2020-04-13,1955,1897,1869,1841,1.0304182509505704,0.9930881422199347,0.11120607882815525,0.3356840662309588,3.62
2020-04-10,1980,1986,1911,1890,1.0507936507936508,0.9919397743064531,0.11125934561274682,0.5289791717097332,5.6
2020-04-09,1946,1955,1838,1866,1.047695605573419,0.9908137631957091,0.11108522144776578,0.5120558939917739,5.43
2020-04-08,1914,1957,1842,1835,1.0664850136239783,0.98952404646578,0.11097879446375192,0.6934745284454812,7.22
2020-04-07,1910,1895,1871,1853,1.0226659471127901,0.9879152627520428,0.11072574864183085,0.3138446548070479,3.4
2020-04-06,1772,1870,1691,1799,1.03946637020567,0.98656282181337,0.11091234402172478,0.47698521619863643,5.09
2020-04-03,1900,1845,1728,1709,1.0795787009947337,0.9849975230841909,0.11098306262900894,0.8522127221043285,8.76
2020-04-02,1959,1909,1687,1692,1.1282505910165486,0.9830902839292729,0.11056962452326542,1.312840734633515,12.87
2020-04-01,2007,1974,1796,1715,1.1510204081632653,0.9806618546854694,0.10934814435323195,1.557946451541779,14.8
2020-03-31,2119,2051,1790,1807,1.1350304371887106,0.9779900520261117,0.1075868903741688,1.4596609737156572,13.84
2020-03-30,2066,2105,1750,1803,1.1674986134220744,0.9757261750419098,0.10603376367569965,1.8085978629099073,16.43
2020-03-27,2194,2154,1868,1888,1.1408898305084745,0.9730232025519862,0.10366820269260398,1.6192682384418773,14.71
2020-03-26,2142,2073,1872,1856,1.1169181034482758,0.9706512062287537,0.10181890456173685,1.4365396863097726,13.1
2020-03-25,2089,2172,1996,1905,1.1401574803149606,0.9685562605152649,0.10039431221729549,1.709272328379306,15.05
2020-03-24,2027,2028,1684,1796,1.1291759465478841,0.9660671136433567,0.09840340291737154,1.6575527681851452,14.44
2020-03-23,2132,2010,1561,1604,1.2531172069825436,0.9636862721354315,0.09657131671203154,2.997069364914777,23.1
2020-03-19,2171,2116,1626,1553,1.3625241468126208,0.9596463838165206,0.09052741866650715,4.450339675322641,29.57
2020-03-18,2033,2121,1711,1604,1.3223192019950125,0.9541832578532965,0.07747163834478868,4.751880197799891,27.84
2020-03-17,1940,2022,1637,1699,1.1901118304885228,0.9494142880219825,0.06460327968148526,3.7257789953274174,20.22
2020-03-16,2032,1983,1794,1671,1.1867145421903051,0.94658918071264,0.05834554044112051,4.115573523909476,20.23
2020-03-13,1992,2031,1711,1754,1.1579247434435576,0.9438463002792632,0.051416562171837966,4.163608652963384,18.49
2020-03-12,2186,2159,1971,1899,1.1369141653501844,0.9412722872345931,0.045076286985521755,4.340239429623614,17.21
2020-03-11,2264,2243,2113,2057,1.0904229460379193,0.9391287222164683,0.03915545848813655,3.8639369748994437,13.87
2020-03-10,2157,2261,2020,2143,1.05506299580028,0.9377511350116197,0.035450545794438244,3.3091693839891483,11.12
2020-03-09,2184,2206,2200,2120,1.040566037735849,0.9368994874317862,0.03332561985752409,3.1107163421795287,9.96
2020-03-06,2250,2253,2383,2325,0.9690322580645161,0.9360925315406151,0.03148770283586242,1.0461139923610052,3.4
2020-03-05,2323,2294,2467,2433,0.9428688861487875,0.9366232550904273,0.032361745951800615,0.19299425524390382,0.66
2020-03-04,2266,2286,2417,2437,0.9380385720147723,0.9375398170148297,0.033479814256150334,0.014897185394358652,0.05
2020-03-03,2366,2308,2604,2452,0.9412724306688418,0.9367953657134253,0.03407589672746383,0.13138509578262153,0.48
2020-03-02,2276,2318,2532,2547,0.9100903023164507,0.9355641288192881,0.035529170551836735,-0.7169834281853352,-2.8
2020-02-28,2350,2339,2572,2589,0.9034376207029742,0.9347785254124271,0.03671535633255982,-0.8536184267305962,-3.47
2020-02-27,2456,2424,2785,2672,0.907185628742515,0.9338067645437947,0.03845528234124358,-0.6922621335880406,-2.93
2020-02-26,2431,2458,2825,2810,0.8747330960854093,0.9327826861183672,0.040136510954481945,-1.4463038428724133,-6.64
2020-02-25,2400,2450,2840,2873,0.8527671423599026,0.9323266072754491,0.04097904924126835,-1.9414668321642128,-9.33
2020-02-21,2542,2546,2957,2990,0.8515050167224081,0.9322799241157619,0.04107154636261389,-1.9666877570229644,-9.49
2020-02-20,2560,2541,2932,2921,0.8699075659020883,0.9323494747124685,0.04093890562444529,-1.5252461651807117,-7.18
2020-02-19,2575,2537,2870,2843,0.8923672177277524,0.9317869276395483,0.04206738643259746,-0.9370610645126761,-4.42
2020-02-18,2587,2583,2863,2850,0.9063157894736842,0.9310256991485936,0.0432730921727601,-0.5710225092364437,-2.73
2020-02-17,2570,2586,2841,2899,0.8920317350810625,0.9303045740217267,0.04412119634469195,-0.8674478960557175,-4.29
2020-02-14,2569,2581,2830,2857,0.9033951697584879,0.9302419316998766,0.04417878842106198,-0.6076844318480596,-2.97
2020-02-13,2597,2601,2849,2846,0.9139142656359803,0.9302224389853463,0.04419095038991799,-0.36903875579663054,-1.78
2020-02-12,2623,2614,2646,2675,0.9771962616822429,0.9302524275808925,0.04418063520716624,1.0625432133609511,4.8
2020-02-10,2580,2590,2639,2644,0.9795763993948563,0.9296695167117044,0.04384454904609604,1.1382688103527356,5.09
2020-02-07,2640,2634,2698,2689,0.9795462997396802,0.9292019127774866,0.04349541960010327,1.1574641059923017,5.14
2020-02-06,2630,2668,2696,2698,0.9888806523350631,0.928699607184018,0.043127091243559956,1.3954348279871926,6.09
2020-02-05,2493,2561,2690,2652,0.9656862745098039,0.9280516985476497,0.04257964884557234,0.8838629951751632,3.9
2020-02-04,2411,2450,2592,2615,0.9369024856596558,0.9275036844702237,0.042355655805476976,0.22190191630126518,1.0
2020-02-03,2394,2426,2535,2592,0.9359567901234568,0.9275815859686177,0.0423782375721197,0.197629836318371,0.89
2020-01-31,2445,2455,2607,2634,0.9320425208807896,0.9276153061591903,0.04238589374393391,0.10445019157424168,0.48
2020-01-30,2412,2427,2649,2605,0.9316698656429943,0.9276429133531646,0.04238944248339437,0.09499894440478074,0.43
2020-01-29,2453,2462,2652,2656,0.9269578313253012,0.9279119868517144,0.042478106912375996,-0.022462289300731755,-0.1
2020-01-28,2442,2429,2586,2649,0.9169497923744809,0.9282013116072928,0.0425444696462468,-0.2644649075747606,-1.23
2020-01-27,2461,2454,2630,2631,0.9327251995438997,0.9287054481285835,0.04263208489770605,0.09428934627432405,0.43
2020-01-24,2534,2521,2702,2711,0.9299151604573958,0.9292437710040605,0.04293328642624259,0.015637970190999495,0.07
2020-01-23,2550,2533,2761,2713,0.9336527828971618,0.9297441270041634,0.04315628927777082,0.09056978619826966,0.42
2020-01-22,2568,2590,2801,2809,0.9220363118547525,0.9299132584587322,0.04319611395438523,-0.1823531304759876,-0.85
2020-01-21,2644,2607,2880,2845,0.9163444639718805,0.930257894467858,0.04323498787217389,-0.32180951541175734,-1.52
2020-01-20,2654,2655,2856,2907,0.913312693498452,0.9308936110926559,0.04337603272038354,-0.40531409839937127,-1.92
2020-01-17,2632,2643,2849,2855,0.9257443082311734,0.9318964277317769,0.04382507034605268,-0.14037899887039634,-0.66
2020-01-16,2649,2617,2832,2830,0.9247349823321555,0.9327972296296425,0.0443801754094444,-0.1816632589462762,-0.87
2020-01-15,2614,2636,2900,2827,0.9324372125928546,0.9334985618177993,0.04466194675916581,-0.023764060950319008,-0.11
2020-01-14,2606,2630,2878,2910,0.9037800687285223,0.934105053514599,0.04495132557030019,-0.6746182543304738,-3.36
2020-01-10,2606,2581,2873,2840,0.9088028169014084,0.9349298134733797,0.04495483232483158,-0.5811832726498585,-2.87
2020-01-09,2599,2588,2900,2891,0.8951919750951228,0.9354569125392636,0.044877094289267096,-0.8972269279424041,-4.5
2020-01-08,2589,2557,2875,2841,0.900035198873636,0.9364410348460702,0.044792534003979874,-0.8127657160275746,-4.04
2020-01-07,2623,2634,2912,2918,0.9026730637422893,0.937549765423507,0.044906676050733486,-0.7766484796562457,-3.86
2020-01-06,2602,2623,2880,2913,0.9004462753175421,0.9387940818727826,0.04521493315540862,-0.848122597537299,-4.26
2019-12-30,2691,2680,2961,2924,0.9165526675786594,0.9398474547301735,0.04522953777114513,-0.5150348267847076,-2.54
2019-12-27,2728,2716,2893,2971,0.9141703130259172,0.9406106916335767,0.04531290618358687,-0.5835065731722286,-2.89
2019-12-26,2682,2720,2820,2872,0.947075208913649,0.9414327804200335,0.04538499980461627,0.1243236425670669,0.6
2019-12-25,2730,2688,2830,2838,0.9471458773784355,0.9417866712515396,0.045530862939481276,0.11770491005231416,0.57
2019-12-24,2721,2714,2816,2796,0.9706723891273248,0.9423377285838933,0.04584143419723569,0.6181015284452008,2.92
2019-12-23,2702,2702,2847,2817,0.9591764288249911,0.9427287633955289,0.046205107673563776,0.35597071963697013,1.71
2019-12-20,2713,2696,2835,2838,0.9499647639182522,0.9433504586302434,0.046732902894696116,0.14153422702871649,0.7
2019-12-19,2709,2701,2857,2834,0.9530698659139026,0.9442688288484352,0.047523939866272985,0.18519165477930802,0.92
2019-12-18,2751,2729,2880,2890,0.9442906574394464,0.9454351045101238,0.04878225549394729,-0.02346031480277495,-0.12
2019-12-17,2795,2785,2894,2882,0.9663428174878557,0.94689195577586,0.05033321595055406,0.38644186238971096,2.01
2019-12-16,2771,2754,2959,2896,0.9509668508287292,0.9478255666942037,0.05132496734848531,0.061203821391582994,0.33
2019-12-13,2790,2776,2970,2935,0.9458262350936968,0.9491115531750143,0.05258050876622521,-0.062481671600480876,-0.35
2019-12-12,2693,2690,2950,2920,0.9212328767123288,0.9505567616066967,0.053942306140410526,-0.543615707085984,-3.18
2019-12-11,2660,2674,2890,2900,0.9220689655172414,0.9523738421126227,0.055204497175119764,-0.5489566637886062,-3.29
2019-12-10,2669,2671,2828,2852,0.9365357643758766,0.9542753392002816,0.05656720238871327,-0.3136017705543197,-1.89
2019-12-09,2672,2669,2801,2821,0.9461183977313009,0.9558947405763354,0.057762059370868535,-0.16925197874723003,-1.03
2019-12-06,2625,2619,2750,2755,0.9506352087114338,0.9574014606312191,0.0589490481099401,-0.114781360119102,-0.71
2019-12-05,2649,2638,2750,2733,0.9652396633735821,0.9585668378056257,0.059663384876482685,0.11184121688319863,0.69
2019-12-04,2609,2602,2707,2697,0.9647756766777902,0.9596742832016749,0.06054135187963777,0.08426295941090554,0.53
2019-12-03,2605,2628,2717,2729,0.9629901062660315,0.9606558348538001,0.06120918786907554,0.03813596444416719,0.24
2019-12-02,2625,2650,2740,2761,0.9597971749366172,0.9616545373186203,0.06184686939690068,-0.03003163135200093,-0.19
2019-11-29,2645,2623,2781,2751,0.9534714649218466,0.9623931367972729,0.06215030748494604,-0.14354992334651356,-0.94
2019-11-28,2634,2637,2792,2774,0.9506128334534968,0.9628047308360995,0.06219206397009007,-0.1960362239861691,-1.28
2019-11-27,2667,2648,2820,2787,0.9501255830642268,0.9633708742977009,0.06227171474994769,-0.21270156581781283,-1.39
2019-11-26,2714,2664,2822,2796,0.9527896995708155,0.9636407211664693,0.06225758218706793,-0.17429237073565196,-1.14
2019-11-25,2690,2674,2746,2772,0.9646464646464646,0.9641389694740032,0.062318248814536584,0.008143604515777452,0.05
2019-11-22,2645,2651,2684,2710,0.9782287822878228,0.9646663018267657,0.06248741672462617,0.21704338524386746,1.39
2019-11-21,2609,2633,2719,2684,0.9809985096870343,0.9648990909363109,0.06256997491897609,0.2573026243269407,1.64
2019-11-20,2635,2637,2706,2733,0.964873765093304,0.9650260618340066,0.06261216395972416,-0.0024323826405452595,-0.02
2019-11-19,2645,2660,2698,2725,0.9761467889908257,0.9654298955037304,0.06270748050626332,0.17090295129980465,1.1
2019-11-18,2687,2679,2729,2714,0.9871039056742815,0.9656233783388486,0.06276261161128018,0.3422503746095277,2.18
2019-11-15,2691,2700,2707,2724,0.9911894273127754,0.9658917892856995,0.06289680374965918,0.4022086420760758,2.55
2019-11-14,2713,2652,2737,2706,0.9800443458980045,0.966014475993721,0.06295497708584862,0.22285561132286028,1.43
2019-11-13,2788,2740,2751,2716,1.0088365243004418,0.9662649263817475,0.06304758831208807,0.675229601296772,4.22
2019-11-12,2776,2788,2765,2756,1.011611030478955,0.9660373451796547,0.06292419326597876,0.7242633227995728,4.51
2019-11-11,2800,2801,3240,3175,0.8822047244094489,0.9659245427304696,0.06284993282877925,-1.3320589943842398,-9.49
2019-11-08,2789,2776,3270,3270,0.8489296636085627,0.9673760525538775,0.06215289981939352,-1.9057258678114974,-13.95
2019-11-07,2665,2728,3200,3205,0.851170046801872,0.9693530648900615,0.060694956687077736,-1.9471637272516777,-13.88
2019-11-06,2636,2691,3180,3240,0.8305555555555556,0.9712446568414426,0.059173901035966425,-2.3775532595083577,-16.94
2019-11-05,2574,2624,3120,3160,0.830379746835443,0.9737868237627845,0.05713557159415784,-2.5099438567969967,-17.27
2019-11-01,2533,2551,2960,3035,0.8405271828665568,0.976621846216554,0.05519160304198585,-2.465858135094682,-16.19
2019-10-31,2620,2603,3080,3065,0.8492659053833606,0.9793641220994018,0.05344324577972547,-2.4343247648591744,-15.32
2019-10-30,2641,2613,3130,3050,0.8567213114754099,0.9819010928941805,0.05169477833546452,-2.4215169394177027,-14.61
2019-10-29,2619,2628,3110,3175,0.8277165354330709,0.9841537671580757,0.049838615774623944,-3.138875935728879,-18.9
2019-10-28,2605,2581,3110,3090,0.8352750809061489,0.9869770573407256,0.04680175010588189,-3.2413740104029,-18.16
2019-10-25,2602,2578,2953,3025,0.8522314049586777,0.989572405011815,0.043605234272945916,-3.149644815424099,-16.12
2019-10-24,2596,2599,2873,2929,0.8873335609423011,0.9923397832765084,0.04132780857043219,-2.5408127352131995,-11.83
2019-10-23,2610,2566,2818,2845,0.901933216168717,0.9947530421209649,0.04039970200654947,-2.297537391171852,-10.29
2019-10-21,2590,2579,2766,2815,0.9161634103019538,0.9967300984018413,0.039425416880918614,-2.0435215268168987,-8.79
2019-10-18,2561,2582,2714,2766,0.9334779464931309,0.9983447510300081,0.038563126130821516,-1.6820940376260762,-6.95
2019-10-17,2569,2553,2697,2703,0.9445061043285239,0.9997027262361865,0.038044747670808766,-1.450834222512514,-5.84
2019-10-16,2599,2544,2728,2701,0.9418733802295446,1.0007132946600252,0.037568807418333676,-1.5661906372297199,-6.25
2019-10-15,2502,2551,2740,2713,0.9402875046074456,1.00174903845746,0.036998834628138445,-1.661174857741915,-6.54
2019-10-11,2442,2452,2606,2652,0.9245852187028658,1.002857461112655,0.036381032264962206,-2.151457436384277,-8.47
2019-10-10,2390,2404,2536,2550,0.9427450980392157,1.0043641661579847,0.035435927961548284,-1.7388868209020019,-6.54
2019-10-09,2373,2380,2525,2536,0.9384858044164038,1.005475436086517,0.03478704211121354,-1.92570645862757,-7.14
2019-10-08,2410,2396,2528,2565,0.9341130604288499,1.0068247674696749,0.034118723856066645,-2.1311379448881733,-7.78
2019-10-07,2423,2392,2572,2513,0.951850378034222,1.0081689847487292,0.03320118579936137,-1.6962829898560572,-5.92
2019-10-04,2426,2402,2531,2532,0.9486571879936809,1.0096553505691999,0.03314190100759585,-1.840514898693912,-6.43
2019-10-03,2430,2427,2518,2542,0.9547600314712824,1.011140359992442,0.03286956998492386,-1.7152742961657033,-5.91
2019-10-02,2458,2496,2530,2565,0.9730994152046784,1.0123376984728651,0.03242659087161619,-1.2100650180445904,-4.03
2019-10-01,2438,2496,2556,2580,0.9674418604651163,1.013590681879892,0.032700635296546605,-1.4112515245124133,-4.77
2019-09-30,2398,2416,2549,2553,0.9463376419898158,1.0148125956140925,0.0326655660635667,-2.096242676187685,-7.24
2019-09-27,2440,2419,2570,2552,0.947884012539185,1.0162724302904742,0.03201277341343085,-2.136285315492131,-7.21
2019-09-26,2541,2492,2567,2585,0.9640232108317215,1.0176934908494657,0.031303131881890996,-1.7145338754041002,-5.57
2019-09-25,2472,2498,2516,2527,0.9885239414325286,1.0187665064644165,0.03082059042773361,-0.9812454794725264,-3.06
2019-09-24,2506,2522,2555,2539,0.993304450571091,1.0195806316897604,0.030817422271809825,-0.8526404605457724,-2.65
2019-09-20,2524,2501,2577,2559,0.9773348964439235,1.0201665944238678,0.030729918023403132,-1.3938110068280953,-4.38
2019-09-19,2538,2525,2589,2582,0.9779240898528273,1.0208773064429133,0.03034508383744054,-1.4154917752143172,-4.39
2019-09-18,2488,2501,2580,2590,0.9656370656370656,1.021741653380618,0.0300309211843082,-1.8682273313969562,-5.81
2019-09-17,2496,2478,2583,2613,0.9483352468427095,1.0227041736648776,0.02936681071745735,-2.5324141439015326,-7.84
2019-09-13,2547,2532,2578,2613,0.9690011481056258,1.0240727756023997,0.028239226804663946,-1.950181847318795,-5.68
2019-09-12,2533,2515,2542,2558,0.9831899921813917,1.0254037724400737,0.027963342030204123,-1.5096114124372388,-4.29
2019-09-11,2420,2488,2488,2498,0.9959967974379503,1.0267714581890905,0.028370757567450614,-1.084731723429464,-3.09
2019-09-10,2335,2383,2415,2433,0.979449239621866,1.0280469546021085,0.029099551328555115,-1.6700503190423412,-4.96
2019-09-09,2290,2304,2360,2366,0.9737954353338969,1.029439593518111,0.029239434714604728,-1.9030517767301651,-5.71
2019-09-06,2294,2301,2352,2358,0.9758269720101781,1.0306345161689436,0.02876845117306385,-1.9051266899652326,-5.62
2019-09-05,2250,2288,2300,2350,0.9736170212765958,1.0311815738760364,0.028103454271690993,-2.048308796596089,-5.91
2019-09-04,2247,2230,2250,2256,0.9884751773049646,1.0320513649436998,0.0273065848427371,-1.595812434608621,-4.41
2019-09-03,2249,2268,2242,2268,1.0,1.032410991305921,0.02690497699318027,-1.204646683553616,-3.24
2019-09-02,2261,2253,2221,2240,1.0058035714285714,1.0320041055469225,0.02761347631398783,-0.9488314263814372,-2.6
2019-08-30,2273,2271,2181,2229,1.018842530282638,1.0312334119571078,0.02910056560664859,-0.42579521793345626,-1.22
2019-08-29,2234,2233,2134,2146,1.0405405405405406,1.0303467734671783,0.030446491455262088,0.3348092534189349,0.98
2019-08-28,2220,2223,2145,2110,1.0535545023696682,1.0289640208515487,0.032253469281209646,0.762413534609919,2.33
2019-08-27,2216,2223,2117,2145,1.0363636363636364,1.0277021572023821,0.0331067485794063,0.26162276674436225,0.84
2019-08-26,2191,2209,2091,2109,1.047415836889521,1.0266907238504581,0.033974072366690165,0.6100273413022688,1.98
2019-08-23,2271,2275,2165,2158,1.0542168674698795,1.0263122238930107,0.03389911633784327,0.8231672855058318,2.65
2019-08-22,2303,2280,2154,2156,1.0575139146567718,1.025808424658514,0.03376115554632354,0.9391115169252684,3.0
2019-08-21,2279,2288,2165,2149,1.0646812470916704,1.0247975509892007,0.03393130098260654,1.1754249011234341,3.75
2019-08-20,2298,2317,2182,2190,1.0579908675799086,1.0232026355203288,0.03481880001872062,0.9991220846461001,3.29
2019-08-19,2293,2293,2195,2165,1.0591224018475751,1.0216572055381576,0.03579890311790558,1.0465459286845706,3.54
2019-08-16,2259,2265,2157,2182,1.038038496791934,1.0198752848260444,0.03718883315278981,0.488404997577266,1.75
2019-08-15,2230,2279,2120,2174,1.0482980680772769,1.0183538972185453,0.038717239554726675,0.7734066581995238,2.86
2019-08-14,2289,2299,2223,2214,1.0383920505871724,1.0164106684514234,0.04076864120079171,0.5391737739672865,2.12
2019-08-13,2235,2246,2192,2164,1.0378927911275415,1.0147847959489706,0.042263700724986114,0.5467574959641319,2.23
2019-08-09,2287,2272,2277,2238,1.0151921358355676,1.0133409622427088,0.04328691166396949,0.04276520365391771,0.18
2019-08-08,2275,2263,2298,2299,0.9843410178338408,1.012367050569309,0.04404929346064932,-0.6362425031971238,-2.85
2019-08-07,2279,2294,2337,2310,0.9930735930735931,1.0118925313964162,0.04453763014677997,-0.4225401814331538,-1.9
2019-08-06,2219,2292,2237,2362,0.9703640982218459,1.0111910238396455,0.04523737509009962,-0.9025043017302478,-4.21
2019-08-05,2353,2314,2345,2337,0.9901583226358579,1.0109932748767056,0.045447341107238484,-0.45844161029542224,-2.1
2019-08-02,2440,2393,2460,2383,1.0041963911036509,1.0105011910084984,0.045868123407991505,-0.13745493463438893,-0.63
2019-08-01,2420,2540,2493,2551,0.9956879655037241,1.0096934425544244,0.046501096648766116,-0.30118595173113943,-1.41
2019-07-31,2477,2508,2485,2532,0.990521327014218,1.0090809638959175,0.046981567971458485,-0.3950408145801891,-1.87
2019-07-30,2447,2468,2463,2480,0.9951612903225806,1.0086293494864669,0.047319383348619466,-0.2846203439436663,-1.35
2019-07-29,2501,2439,2486,2462,0.9906580016246954,1.0080585333626628,0.047734799765372406,-0.36452508072716444,-1.76
2019-07-26,2550,2506,2523,2488,1.007234726688103,1.0073813784428223,0.04833330828851842,-0.003034175807785991,-0.01
2019-07-25,2570,2559,2597,2558,1.0003909304143863,1.0064090346615067,0.04905463649551468,-0.12268166022737963,-0.6
2019-07-24,2558,2557,2551,2560,0.998828125,1.0055119900264011,0.04976646832646837,-0.13430458803214587,-0.67
2019-07-23,2487,2530,2508,2551,0.9917679341434732,1.00490054099047,0.050125257402678446,-0.2619957986748446,-1.32
2019-07-22,2552,2547,2596,2539,1.003150846790075,1.0042212916536928,0.05064113104600505,-0.02113785457606386,-0.11
2019-07-19,2492,2552,2503,2575,0.9910679611650486,1.0031907584610735,0.051432658034219425,-0.23570232920801695,-1.22
2019-07-18,2541,2498,2561,2505,0.9972055888223553,1.0024064471697463,0.0520562683736984,-0.09990839739136344,-0.52
2019-07-17,2577,2568,2535,2586,0.9930394431554525,1.0017162658381185,0.052462215619368965,-0.16539184592620482,-0.87
2019-07-16,2590,2599,2498,2545,1.0212180746561885,1.0012161644520876,0.052720680506988915,0.37939400652177396,1.96
2019-07-12,2570,2595,2458,2488,1.0430064308681672,1.0002788600619887,0.05298099962334012,0.8064696987588623,4.1
2019-07-11,2518,2559,2410,2446,1.0461978740801308,0.9992656261689318,0.05288073232758472,0.8875113079082159,4.49
2019-07-10,2543,2524,2469,2428,1.0395387149917628,0.9988520397693185,0.05263277255815907,0.7730292980003215,3.91
2019-07-09,2621,2557,2521,2493,1.0256718812675492,0.9986796995324858,0.052520307789525524,0.5139379960078334,2.63
2019-07-08,2642,2634,2548,2534,1.0394632991318074,0.9991990857867868,0.05297531369086636,0.7600561570995017,3.87
2019-07-05,2656,2650,2513,2573,1.0299261562378546,0.9993023143059157,0.05306114627757893,0.5771424871173402,2.97
2019-07-04,2660,2659,2497,2509,1.0597847748106815,0.9996921029606578,0.05339103015532717,1.1255199923133121,5.67
2019-07-03,2680,2658,2525,2488,1.0683279742765273,0.9998096604046949,0.0535327324593013,1.2799330563580702,6.41
2019-07-02,2720,2719,2582,2589,1.0502124372344535,0.9999470183083335,0.05372124980676584,0.9356710632556674,4.79
2019-07-01,2720,2728,2650,2630,1.0372623574144486,1.0001358656433645,0.05392213596472164,0.6885204212862402,3.58
2019-06-28,2650,2667,2599,2576,1.0353260869565217,1.0003264236476137,0.05407803030318352,0.6472066958187201,3.38
2019-06-27,2625,2664,2613,2611,1.0202987361164304,0.9999372087458622,0.05392957175966607,0.37755774255557073,2.0
2019-06-26,2591,2607,2553,2557,1.019554165037153,0.999778114648207,0.05388685295593363,0.36699211967560863,1.94
2019-06-25,2661,2622,2580,2562,1.0234192037470726,0.9994233632986754,0.053843054806040104,0.445662686391734,2.34
2019-06-24,2654,2650,2552,2554,1.0375880971025842,0.9991111072487145,0.05377084844367786,0.7155734188232538,3.71
2019-06-21,2654,2635,2585,2568,1.0260903426791277,0.9986741301515444,0.05358924556718435,0.5115991508634293,2.67
2019-06-20,2648,2646,2559,2545,1.0396856581532417,0.9981925435385544,0.05350292681588242,0.7755298090042059,3.99
2019-06-19,2615,2637,2510,2548,1.0349293563579278,0.9976488981666103,0.053285258936241565,0.6996392423639235,3.6
2019-06-18,2564,2569,2411,2416,1.0633278145695364,0.9974379816964404,0.05316845531565718,1.239265509631848,6.2
2019-06-17,2600,2578,2462,2432,1.060032894736842,0.9970644906372481,0.052801408939434816,1.1925515883832007,5.94
2019-06-14,2623,2602,2500,2491,1.0445604175030108,0.9966859308732319,0.05244920335163867,0.9127781466729017,4.58
2019-06-13,2605,2625,2441,2460,1.0670731707317074,0.996866466088648,0.05263664952360878,1.3337988887679861,6.58
2019-06-12,2609,2617,2495,2471,1.0590853905301498,0.996819912349973,0.0525760447395209,1.184293692853096,5.88
2019-06-11,2570,2610,2432,2472,1.0558252427184467,0.9967341254455245,0.0524795383961984,1.1259839373359026,5.6
2019-06-10,2567,2575,2460,2442,1.0544635544635546,0.9969429138759452,0.05274469534061828,1.0905483521356718,5.45
2019-06-07,2557,2535,2402,2427,1.0444993819530284,0.9968552449647469,0.05265440242489188,0.9048462197675268,4.56
2019-06-06,2499,2519,2366,2400,1.0495833333333333,0.9970397394680753,0.05284491542157041,0.9942980028653913,5.01
2019-06-05,2472,2506,2409,2416,1.0372516556291391,0.9975339388466583,0.053503199462228236,0.7423428352265253,3.83
2019-06-04,2400,2422,2308,2350,1.0306382978723405,0.9982076083220545,0.05431103977228281,0.597128865259486,3.15
2019-06-03,2330,2366,2250,2269,1.0427501101806964,0.9987086584072709,0.05477924450534461,0.8039806348393248,4.22
2019-05-31,2400,2387,2275,2300,1.0378260869565217,0.9993555465264458,0.05557617984396898,0.6922127526232026,3.71
2019-05-30,2370,2412,2226,2295,1.0509803921568628,0.9995881910449804,0.055772904027760285,0.9214546383724707,4.89
2019-05-29,2351,2376,2170,2223,1.0688259109311742,0.9997642907085903,0.055955446054145874,1.234225175432534,6.46
2019-05-28,2375,2380,2197,2192,1.0857664233576643,0.9997887276646378,0.05598599329181415,1.5357001035042368,7.92
2019-05-27,2406,2382,2206,2182,1.0916590284142988,0.9995382423332256,0.055641729990757206,1.6556060729307955,8.44
2019-05-24,2360,2403,2212,2217,1.083897158322057,0.9994741436672755,0.055538243730428115,1.5200879427256357,7.79
2019-05-23,2400,2398,2291,2255,1.0634146341463415,0.9994546211988383,0.05550881397367252,1.1522496765619785,6.01
2019-05-22,2462,2413,2407,2373,1.0168563000421407,0.9995137607251449,0.05557924407802465,0.31203265903813965,1.71
2019-05-21,2462,2460,2397,2368,1.0388513513513513,1.000194906192239,0.05609822575871129,0.6890849868475465,3.72
2019-05-20,2490,2498,2560,2460,1.0154471544715447,1.0007341568966879,0.056658807979773344,0.25967714640430095,1.45
2019-05-17,2477,2478,2545,2556,0.9694835680751174,1.001611493975352,0.05738463508797969,-0.559869830155362,-3.31
2019-05-16,2458,2443,2587,2577,0.9480015521924718,1.0029773022932729,0.057821078873130434,-0.9507908045338871,-5.8
2019-05-15,2508,2498,2628,2623,0.9523446435379337,1.0044589476070962,0.05781711015688456,-0.9013647331689927,-5.47
2019-05-14,2374,2462,2451,2628,0.936834094368341,1.0058175343607274,0.057773702582539124,-1.1940283711924535,-7.36
2019-05-13,2499,2474,2573,2580,0.9589147286821705,1.0077653019913717,0.05787758110133241,-0.8440327390958737,-5.09
2019-05-10,2514,2505,2670,2608,0.9605061349693251,1.009702111654212,0.05863597029883198,-0.8390067808917424,-5.12
2019-05-09,2572,2517,2514,2470,1.0190283400809717,1.0115347962850783,0.05921487845891083,0.12654832688870862,0.74
2019-05-08,2632,2598,2582,2556,1.016431924882629,1.0122426504229225,0.05961617864660512,0.07027076466171782,0.41
2019-05-07,2700,2682,2803,2732,0.9816983894582724,1.013033311390064,0.06005808905237438,-0.5217435723681728,-3.19
2019-04-26,2725,2718,2836,2876,0.9450625869262865,1.0138849136889259,0.060060561408473136,-1.1458821754025448,-7.28
2019-04-25,2751,2749,2966,2918,0.9420836189170665,1.0155843336495016,0.05989214516120976,-1.2272179354170003,-7.8
2019-04-24,2825,2757,3055,2979,0.9254783484390735,1.017563923998348,0.05988368733820855,-1.5377405709704806,-9.95
2019-04-23,2840,2818,3125,3050,0.9239344262295082,1.0199236662377396,0.05969522542833559,-1.6079885672509429,-10.39
2019-04-22,2847,2825,3110,3130,0.902555910543131,1.022149995100134,0.05918527420720292,-2.0206729825786343,-13.25
2019-04-19,2839,2841,3080,3100,0.9164516129032259,1.0250639506354138,0.05860253511048889,-1.8533726830658577,-11.85
2019-04-18,2846,2826,3105,3040,0.9296052631578947,1.0279134794071552,0.058447715191108016,-1.6819856161668514,-10.58
2019-04-17,2847,2850,3030,3025,0.9421487603305785,1.030472915261625,0.058289458259954574,-1.5152680702082637,-9.37
2019-04-16,2856,2851,3000,3005,0.9487520798668885,1.03290480433957,0.05835849639013713,-1.4419961047334977,-8.87
2019-04-15,2890,2859,3050,3040,0.9404605263157895,1.03495970670367,0.05807182614410982,-1.6272810183956217,-10.05
2019-04-12,2801,2815,2947,2946,0.9555329260013578,1.0369785769865656,0.057379314842923336,-1.4194252965230838,-8.52
2019-04-11,2817,2814,3005,2952,0.9532520325203252,1.038809931752507,0.05694084360347916,-1.5025751958995235,-8.98
2019-04-10,2842,2845,2962,3015,0.9436152570480929,1.0408154905452962,0.05653958405718298,-1.7191536711500561,-10.3
2019-04-09,2894,2873,3010,3025,0.9497520661157025,1.0428722516569953,0.05576673693854842,-1.6698159270804311,-9.8
2019-04-08,2955,2913,3135,3045,0.9566502463054187,1.0445560616207739,0.05482829141831309,-1.6032929905598678,-9.19
2019-04-05,2927,2938,3105,3085,0.9523500810372771,1.046420951608488,0.0541814587794478,-1.7362188595574302,-9.88
2019-04-04,2900,2923,3125,3110,0.9398713826366559,1.0484901598967424,0.05350856121130434,-2.029932683690614,-11.56
2019-04-03,2841,2873,3005,3075,0.9343089430894309,1.0504639754965301,0.05217930051809499,-2.226074923461621,-12.43
2019-04-02,2811,2818,3035,3020,0.9331125827814569,1.0528856708122132,0.050932074508694476,-2.3516239852022935,-12.84
2019-04-01,2696,2776,2889,2913,0.9529694473051836,1.0551421651949864,0.04929840122786578,-2.0725361339314574,-10.72
2019-03-29,2694,2671,2880,2839,0.9408242338851708,1.0569813604430385,0.04800850452836978,-2.4195114532098514,-12.35
2019-03-28,2653,2635,2831,2846,0.9258608573436402,1.0591153776367128,0.046325501302202074,-2.8764830719001497,-14.39
2019-03-27,2708,2683,2868,2878,0.9322446143154969,1.0612805155318763,0.043771247223479956,-2.947960348435341,-13.84
2019-03-26,2712,2738,2857,2896,0.9454419889502762,1.0636648308170282,0.0414883662529454,-2.8495419931933084,-12.5
2019-03-25,2730,2686,2855,2811,0.9555318392031306,1.0659773525494394,0.039626162476609716,-2.787186708061925,-11.56
2019-03-22,2776,2790,2906,2934,0.950920245398773,1.068096303026731,0.03787389588422051,-3.0938474876247777,-12.32
2019-03-20,2818,2785,2829,2880,0.9670138888888888,1.0708492179766134,0.03674360571853829,-2.82594282888618,-10.74
2019-03-19,2814,2809,2715,2767,1.0151788941091435,1.0734135453637021,0.03611321574036507,-1.6125578977301545,-5.74
2019-03-18,2835,2816,2671,2743,1.0266131972293109,1.0757587200758283,0.03792112835842466,-1.2959931566909482,-4.79
2019-03-15,2809,2817,2649,2646,1.064625850340136,1.0783986800869245,0.04116141787586427,-0.33460532842490953,-1.29
2019-03-14,2809,2773,2669,2648,1.0472054380664653,1.0804135812854991,0.044036209253109936,-0.7541099423013718,-3.17
2019-03-13,2824,2775,2665,2620,1.0591603053435115,1.0828975143474255,0.047231223268125185,-0.5025745123974704,-2.24
2019-03-12,2810,2835,2647,2653,1.0686015831134565,1.0846049051011406,0.04863593964151858,-0.3290431336505455,-1.5
2019-03-11,2733,2771,2534,2569,1.0786298170494355,1.085914256574046,0.04950164010486812,-0.14715551866925278,-0.68
2019-03-08,2745,2695,2617,2532,1.0643759873617693,1.087046775989843,0.050287426375704075,-0.450824197259514,-2.13
2019-03-07,2783,2774,2705,2638,1.0515542077331312,1.0880537716550414,0.05057870559535471,-0.72163894849184,-3.47
2019-03-06,2772,2788,2749,2771,1.0061349693251533,1.0885208726193212,0.050400923222651745,-1.6346109957196389,-8.19
2019-03-05,2794,2772,2795,2749,1.008366678792288,1.086968391570316,0.054538177243018356,-1.4412236849754672,-7.79
2019-03-04,2762,2816,2769,2836,0.9929478138222849,1.085171535646046,0.05912535693970893,-1.5597998320382767,-9.29
2019-03-01,2749,2735,2700,2735,1.0,1.0835440458077408,0.06318227352941705,-1.3222703321817548,-8.35
2019-02-28,2759,2713,2768,2700,1.0048148148148148,1.081725305408355,0.06738447879304117,-1.1413680415894654,-7.65
2019-02-27,2758,2764,2783,2792,0.9899713467048711,1.0798127618215112,0.07145303501740097,-1.257349181805378,-9.08
2019-02-26,2770,2755,2747,2758,0.9989122552574329,1.0781047212008212,0.07502219398590938,-1.0555871767528184,-7.93
2019-02-25,2810,2773,2740,2721,1.0191106210951857,1.0757633189522444,0.0800303229929331,-0.7078904062659015,-5.56
2019-02-22,2767,2785,2679,2690,1.0353159851301115,1.0727542070716014,0.0861153472366824,-0.43474506162755666,-3.62
2019-02-21,2791,2804,2730,2718,1.0316409124356145,1.0695910195775589,0.09161401169933538,-0.4142391151529463,-3.68
2019-02-20,2835,2841,2705,2685,1.0581005586592178,1.06655930467951,0.09645408646895791,-0.08769712440348068,-0.8
2019-02-19,2777,2827,2645,2658,1.063581640331076,1.0635966666494712,0.10001512778092089,-0.0001502404559041477,-0.0
2019-02-18,2810,2799,2659,2659,1.0526513726965026,1.0607578369514077,0.10295374543644686,-0.07873889600169269,-0.77
2019-02-15,2754,2743,2605,2560,1.071484375,1.0578720231077328,0.10612505541538451,0.1282670886624004,1.27
2019-02-14,2805,2779,2655,2652,1.0478883861236803,1.054483932336274,0.10963459942403204,-0.06015934976041857,-0.63
2019-02-13,2792,2812,2565,2657,1.0583364697026723,1.0515028564187276,0.1127683166814147,0.06059869904106542,0.65
2019-02-12,2701,2759,2375,2539,1.086648286727058,1.0485125368226922,0.11548823622744692,0.330213285353668,3.51
2019-02-08,2721,2652,2525,2438,1.0877768662838392,1.045031161950859,0.11819002021289529,0.36166932077668235,3.93
2019-02-07,2743,2756,2537,2580,1.0682170542635658,1.0413640915435542,0.12103919142436723,0.22185345427386616,2.51
2019-02-06,2800,2774,2551,2542,1.0912667191188041,1.037893555210284,0.12391690585111362,0.4307173709828436,4.89
2019-02-05,2722,2711,2556,2569,1.055274425846633,1.0343039622099597,0.12619717449198956,0.16617221202527258,1.99
2019-02-04,2695,2719,2494,2555,1.064187866927593,1.031336361898881,0.1282690732788136,0.25611399684243513,3.09
2019-02-01,2700,2682,2551,2505,1.0706586826347306,1.0287526999817196,0.12952672949487856,0.32353154299837383,3.91
2019-01-31,2753,2724,2575,2553,1.0669800235017626,1.0259573347373656,0.13084773420129728,0.3135147048193231,3.84
2019-01-30,2728,2703,2545,2487,1.0868516284680338,1.0234177069107813,0.1318713135015275,0.4810289658373488,5.84
2019-01-29,2716,2705,2499,2499,1.0824329731892757,1.0201311351231357,0.1333131578472819,0.46733450075130933,5.76
2019-01-28,2735,2707,2587,2535,1.0678500986193293,1.0168793718091145,0.13472078450078084,0.3783434530840298,4.77
2019-01-25,2706,2735,2522,2561,1.0679422100741898,1.014124605208194,0.13575872551226112,0.3964209641989838,5.04
2019-01-24,2681,2695,2420,2497,1.079295154185022,1.011460772565935,0.13663386728470497,0.4964682839411985,6.29
2019-01-23,2620,2635,2433,2437,1.0812474353713581,1.0082607863459119,0.1378130218453309,0.5296063321749087,6.75
2019-01-22,2689,2653,2549,2475,1.071919191919192,1.005357831685844,0.13853621876766264,0.48046179421842844,6.21
2019-01-21,2683,2687,2536,2537,1.0591249507292078,1.0026375922544932,0.13920393754038074,0.40578851053209963,5.33
2019-01-18,2604,2624,2430,2489,1.0542386500602652,0.9999709287585965,0.14000961268399995,0.3875999673261742,5.15
2019-01-17,2668,2599,2400,2400,1.0829166666666667,0.9978874564519348,0.1403487957271549,0.6058421076874292,7.85
2019-01-16,2639,2618,2409,2371,1.104175453395192,0.9949880346319248,0.14080768884218983,0.7754364812111856,9.89
2019-01-15,2552,2634,2363,2399,1.097957482284285,0.9923125536132797,0.14061384784839168,0.7513124083263157,9.62
2019-01-11,2539,2557,2340,2385,1.0721174004192873,0.9899588348018703,0.14030287495571953,0.5855800577382804,7.66
2019-01-10,2480,2500,2354,2324,1.0757314974182444,0.987916544586505,0.1402068603937124,0.6263242225462272,8.16
2019-01-09,2546,2501,2387,2392,1.0455685618729098,0.9856526658750537,0.14014142771367863,0.4275387868908369,5.73
2019-01-08,2524,2529,2350,2358,1.0725190839694656,0.9841716820303371,0.14008731558058415,0.6306595395377345,8.24
2019-01-07,2514,2505,2323,2297,1.0905528950805399,0.9824360776367229,0.13978803804996376,0.7734339715475032,9.91
2019-01-04,2360,2421,2250,2196,1.1024590163934427,0.9803339749286503,0.13933105942766535,0.8765098174552706,11.08
2018-12-28,2474,2484,2196,2277,1.0909090909090908,0.9780991887328219,0.13869705598466558,0.8133546986659996,10.34
2018-12-27,2455,2481,2228,2213,1.1211025756891098,0.9759389602833285,0.1381839732142552,1.0505097807594812,12.95
2018-12-26,2344,2379,2093,2105,1.130166270783848,0.9731258070906137,0.13734518179582733,1.1433998749711172,13.9
2018-12-25,2351,2325,2050,2073,1.1215629522431259,0.9700482088832124,0.13637442303146174,1.111020233793831,13.51
2018-12-21,2485,2447,2233,2176,1.1245404411764706,0.966713983693199,0.13568447579932374,1.1631872884020689,14.03
2018-12-20,2542,2498,2309,2265,1.1028697571743928,0.9635104675383095,0.13475349318792154,1.0341794215437425,12.64
2018-12-19,2583,2567,2351,2351,1.0918757975329647,0.9608369346169053,0.13394878208371905,0.9782758818528043,12.0
2018-12-18,2543,2565,2310,2347,1.0928845334469535,0.9580207860173721,0.13338327360769411,1.0110993963624078,12.34
2018-12-17,2584,2587,2350,2344,1.1036689419795223,0.9554122949903731,0.13263117510840766,1.1178114562279182,13.43
2018-12-14,2618,2580,2414,2350,1.097872340425532,0.9528638982300192,0.13159017904245904,1.101970095722145,13.21
2018-12-13,2613,2618,2417,2433,1.0760378133990958,0.9503418180016303,0.13059569339227353,0.9624819328452836,11.68
2018-12-12,2582,2613,2349,2383,1.0965169953839697,0.9482368730155561,0.12982275429689213,1.1421735979296144,13.52
2018-12-11,2623,2585,2400,2334,1.107540702656384,0.9457972915717269,0.12872792986432055,1.2564748866476365,14.6
2018-12-10,2662,2636,2420,2423,1.087907552620718,0.942734474967833,0.12757069290281722,1.1379814152414867,13.34
2018-12-07,2762,2724,2541,2441,1.1159360917656698,0.9400403816854074,0.12660633601279175,1.3893120646228214,15.76
2018-12-06,2789,2768,2561,2511,1.1023496614894464,0.9372429542253059,0.12499659102869157,1.3208896811133197,14.98
2018-12-05,2846,2832,2596,2596,1.0909090909090908,0.9340541611927676,0.12378863925101727,1.267118942944792,14.38
2018-12-04,2922,2892,2647,2627,1.1008755234107346,0.9308816138010421,0.12277288799168955,1.3846209239714173,15.44
2018-12-03,2953,2935,2638,2697,1.0882461994809047,0.9271761417059531,0.1217761281374395,1.3226735012724666,14.8
2018-11-30,2879,2881,2563,2593,1.1110682607018898,0.9231465576763447,0.12137921251455681,1.5482198239093696,16.91
2018-11-29,2888,2880,2582,2574,1.118881118881119,0.9188840063653635,0.12031372681325492,1.6622967122129066,17.87
2018-11-28,2878,2853,2491,2560,1.114453125,0.9132208682291071,0.12076189048023414,1.6663556356285256,18.06
2018-11-27,2895,2890,2492,2497,1.1573888666399679,0.9075946700679177,0.12108465184221788,2.0629715886498166,21.58
2018-11-26,2877,2874,2410,2479,1.1593384429205325,0.9012552619342756,0.12028431840710557,2.1456095391650907,22.26
2018-11-22,2912,2880,2389,2418,1.1910669975186103,0.8949850129278935,0.11891682517174201,2.4898241620822743,24.86
2018-11-21,2869,2906,2351,2373,1.2246101980615256,0.8881428793175679,0.11642096437429586,2.8900921801524353,27.48
2018-11-20,2913,2919,2370,2401,1.215743440233236,0.8808143588759016,0.11223439480406909,2.9841928754730676,27.55
2018-11-19,2880,2953,2391,2394,1.233500417710944,0.8736852777482345,0.10761992019441544,3.3433879091594143,29.17
2018-11-16,2874,2860,2461,2409,1.187214611872146,0.8663362938044077,0.10143991157566637,3.1632353881577258,27.03
2018-11-15,2817,2854,2411,2446,1.1668029435813574,0.859566788296169,0.09662722046266582,3.179602536574011,26.33
2018-11-14,2763,2817,2404,2421,1.1635687732342008,0.853119521295778,0.09193002401308657,3.3770169786339803,26.68
2018-11-13,2737,2754,2489,2416,1.1399006622516556,0.8467043700850877,0.08667975392403278,3.382523356302198,25.72
2018-11-12,2785,2811,2645,2587,1.0865867800541167,0.840626906709611,0.08174858901127512,3.008735396161783,22.64
2018-11-09,2813,2807,3170,3155,0.8896988906497623,0.835166829079699,0.07875933552507254,0.6923885429772748,6.13
2018-11-08,2807,2813,3230,3220,0.8736024844720497,0.8322741541096806,0.08066440318317088,0.5123490502808484,4.73
2018-11-07,2821,2752,3225,3160,0.8708860759493671,0.8298615080292002,0.08208573806995136,0.499777048787778,4.71
2018-11-06,2855,2811,3260,3255,0.8635944700460829,0.8276373835313301,0.08319638757366217,0.4321952859181101,4.16
2018-11-05,2797,2821,3250,3275,0.8613740458015268,0.825379170652349,0.08447843673798318,0.4260835846290436,4.18
2018-11-02,2645,2814,3245,3265,0.8618683001531393,0.8232117189200191,0.08560498024990013,0.451569302630209,4.49
2018-11-01,2550,2614,3195,3175,0.8233070866141732,0.8209562200160164,0.08677725083810292,0.027090816722722382,0.29
2018-10-31,2481,2535,3155,3195,0.7934272300469484,0.8191027591366429,0.08818044147993169,-0.2911703395762404,-3.24
2018-10-30,2353,2490,2991,3120,0.7980769230769231,0.8177046359409907,0.08939931069059671,-0.21955105372117947,-2.46
2018-10-29,2461,2453,2958,3050,0.8042622950819672,0.8161239653295509,0.09076991296018859,-0.1306784358467564,-1.47
2018-10-26,2486,2440,2952,2919,0.8359027064063035,0.8144912366983306,0.09206074234988634,0.23257980721680932,2.56
2018-10-25,2483,2478,2955,2913,0.850669412976313,0.8124744331256135,0.09321914812404285,0.40973319987729406,4.49
2018-10-24,2606,2563,3110,3065,0.8362153344208809,0.8104929159223663,0.09396273691868043,0.27375126930131866,3.08
2018-10-23,2644,2587,3230,3165,0.8173775671406003,0.8086603715941401,0.09477989855395151,0.09197304153578659,1.07
2018-10-22,2647,2679,3150,3250,0.8243076923076923,0.8068035726597164,0.09594783468128175,0.18243371209075107,2.12
2018-10-19,2624,2669,3165,3200,0.8340625,0.8046662582505113,0.09730983361993438,0.3020891173681627,3.52
2018-10-18,2651,2650,3295,3210,0.8255451713395638,0.8019432627550158,0.09928645517929809,0.23771529099237282,2.86
2018-10-17,2693,2678,3350,3295,0.8127465857359636,0.7992781641820472,0.10127981480119355,0.13298228852762126,1.66
2018-10-16,2606,2650,3205,3280,0.8079268292682927,0.7968028333614816,0.10317141428652797,0.10782052357950166,1.38
2018-10-15,2623,2610,3140,3175,0.8220472440944881,0.7944652582466001,0.10486510107167964,0.2630234993912287,3.36
2018-10-12,2600,2648,3050,3180,0.8327044025157233,0.7919605423038348,0.10640848597735357,0.3829004786381398,4.89
2018-10-11,2638,2633,2986,3025,0.8704132231404959,0.7891518709910126,0.10806318809616872,0.7519799626600533,9.34
2018-10-10,2763,2738,3220,3180,0.8610062893081761,0.7856515496931336,0.10961495052319221,0.687449469760962,8.75
2018-10-09,2756,2761,3255,3150,0.8765079365079365,0.7823429556534832,0.11102640986685966,0.8481313677292973,10.74
2018-10-05,2837,2811,3385,3345,0.8403587443946189,0.7789797656874764,0.11193967888875377,0.5483219115550727,7.3
2018-10-04,2890,2893,3480,3450,0.8385507246376812,0.7761198100150883,0.11306936380042722,0.5521470407562069,7.45
2018-10-03,2910,2911,3400,3380,0.8612426035502958,0.7732024739499261,0.11423755946132319,0.770675861910171,10.22
2018-10-02,2900,2917,3450,3360,0.8681547619047619,0.7696027343815532,0.11565153765719326,0.8521462794150665,11.35
2018-10-01,2861,2862,3330,3410,0.8392961876832845,0.7661740042228231,0.11648785190581065,0.6277236833209551,8.71
2018-09-28,2829,2841,3295,3290,0.8635258358662614,0.7632638116674693,0.11734795569688422,0.8543994107385569,11.61
2018-09-27,2846,2812,3305,3240,0.8679012345679012,0.7601368005225857,0.11775860255581411,0.9151300347185963,12.42
2018-09-26,2855,2848,3235,3315,0.8591251885369532,0.7567839621438721,0.11822152037417956,0.8656734075924906,11.91
2018-09-25,2850,2887,3285,3215,0.8979782270606532,0.7534113277124141,0.11886014409553608,1.2162773354207,16.1
2018-09-21,2850,2869,3200,3315,0.8654600301659126,0.7498463418649257,0.11847974990222904,0.9758096923431446,13.36
2018-09-20,2847,2828,3135,3130,0.9035143769968051,0.7466434954403599,0.11855789314387968,1.3231584789219357,17.36
2018-09-19,2839,2838,3125,3080,0.9214285714285714,0.74320577413624,0.11769428167190386,1.5142859513698612,19.34
2018-09-18,2733,2789,2990,3035,0.9189456342668864,0.7394457663537604,0.11643836334900666,1.5415870057800611,19.53
2018-09-14,2706,2745,2920,3030,0.905940594059406,0.7357576347825133,0.11506704772284075,1.4789895338829608,18.79
2018-09-13,2643,2682,2827,2870,0.9344947735191638,0.732483458308262,0.11366311858180196,1.7772811245321998,21.62
2018-09-12,2688,2648,2868,2810,0.9423487544483986,0.728841645475211,0.11148711574903969,1.915083259071815,22.66
2018-09-11,2716,2697,2900,2891,0.9328951919750951,0.7252216140156901,0.10887292836255186,1.9074859203551726,22.26
2018-09-10,2687,2712,2902,2901,0.9348500517063082,0.7215991151748895,0.10639447720821868,2.0043421625548965,22.81
2018-09-07,2714,2691,2987,2897,0.9288919571971005,0.7177374628941823,0.10380894646665051,2.0340683678044393,22.73
2018-09-06,2728,2744,3050,3015,0.9101160862354892,0.7140027091329038,0.10114968028394826,1.9388432721888422,21.55
2018-09-05,2753,2752,3100,3060,0.8993464052287582,0.7102950124491167,0.09896605010512108,1.910265111912947,21.02
2018-09-04,2817,2767,3180,3175,0.871496062992126,0.7064365591262671,0.09714460414964132,1.699111394922168,18.94
2018-09-03,2855,2812,3170,3180,0.8842767295597485,0.7028854923085123,0.09590591770788728,1.8913456185646675,20.51
2018-08-31,2874,2874,3230,3185,0.9023547880690738,0.6990758471862328,0.09428607462306193,2.1559805272996257,22.53
2018-08-30,2951,2915,3320,3310,0.8806646525679759,0.6951636306451255,0.0918255075098327,2.020146982612504,21.06
2018-08-29,2913,2934,3135,3270,0.8972477064220183,0.6918693724091832,0.08951427513533068,2.2943640408452985,22.89
2018-08-28,2900,2911,3250,3190,0.912539184952978,0.6885412402605642,0.08640261157621051,2.5924904421996415,24.55
2018-08-27,2839,2867,3090,3155,0.908716323296355,0.684946434945979,0.08253016146597315,2.7113710233395754,24.62
2018-08-24,2825,2805,3080,3055,0.9181669394435352,0.6813295532914033,0.07848939277631721,3.017444495042563,25.79
2018-08-23,2830,2832,3190,3100,0.9135483870967742,0.6777925615919358,0.07355925503553723,3.204978427132553,25.81
2018-08-22,2798,2831,3085,3225,0.877829457364341,0.6745292043255692,0.0682665077240106,2.978037984024007,23.16
2018-08-21,2781,2786,3050,3145,0.8858505564387917,0.6717800354413083,0.06404521374942253,3.342490538559779,24.17
2018-08-20,2817,2809,3240,3100,0.9061290322580645,0.6686775905004907,0.05904038935944709,4.021847490061972,26.21
2018-08-17,2818,2814,3285,3260,0.8631901840490798,0.6654193994821479,0.05219207900390327,3.789287346689931,22.91
2018-08-16,2781,2802,3280,3285,0.8529680365296803,0.6628752220103157,0.04686870222217974,4.055858291493439,22.29
2018-08-15,2869,2831,3600,3440,0.8229651162790698,0.6604962282114022,0.041364565085615146,3.9277310841149737,19.74
2018-08-14,2845,2869,3650,3650,0.7860273972602739,0.6590694592851281,0.03739058264943465,3.3954522497141535,16.15
2018-08-13,2910,2845,3555,3595,0.7913769123783032,0.6578145435042303,0.03458249324127065,3.862138219539358,16.88
2018-08-10,2931,2905,4300,4185,0.6941457586618877,0.6563728344187124,0.03105871107856937,1.2161781004891317,5.44
2018-08-09,2949,2950,4290,4260,0.6924882629107981,0.6562909993709712,0.030967027818268125,1.168896923277646,5.23
2018-08-08,2965,2963,4290,4345,0.6819332566168009,0.6559554603274361,0.030708256524987015,0.8459547766323667,3.81
2018-08-07,2903,2963,4275,4300,0.6890697674418604,0.6558312708741328,0.030621658767432485,1.085457088401698,4.82
2018-08-06,2932,2915,4330,4300,0.6779069767441861,0.6559202402608201,0.030727612237333803,0.7155367723839053,3.24
2018-08-03,2955,2926,4310,4335,0.6749711649365628,0.6560749731288761,0.0308668434193113,0.6121841339909959,2.8
2018-08-02,3030,2949,4400,4330,0.6810623556581986,0.6563135513226899,0.031080387840772654,0.7962836391327829,3.63
2018-08-01,3005,3050,4460,4470,0.6823266219239373,0.6563942741061429,0.031152340032394126,0.832436593553754,3.8
2018-07-31,3040,3000,4460,4415,0.6795016987542469,0.6565933509333738,0.03136440794433569,0.7303931214493183,3.37
2018-07-30,3025,3020,4465,4420,0.6832579185520362,0.6567306644207165,0.03148670521819404,0.8424906304897034,3.88
2018-07-27,3035,3030,4400,4440,0.6824324324324325,0.6570829244314205,0.031926227989951955,0.7940025990226645,3.71
2018-07-26,3005,3010,4450,4400,0.6840909090909091,0.6578553294895398,0.033205320635853616,0.7901016794592021,3.84
2018-07-25,2924,2969,4415,4385,0.6770809578107183,0.6584256818425008,0.03400871507903244,0.5485439812961092,2.76
2018-07-24,2931,2913,4260,4330,0.6727482678983834,0.6591380990642673,0.034938964139228326,0.3895412806138399,2.02
2018-07-23,2905,2923,4140,4220,0.692654028436019,0.6597317451879251,0.03553827832568137,0.9263893694113743,4.75
2018-07-20,2948,2936,4175,4170,0.7040767386091127,0.6598183920404166,0.035626254629073914,1.2422958020565456,6.29
2018-07-19,2990,2947,4210,4245,0.694228504122497,0.6597278490259765,0.0355221354290955,0.9712438365476681,4.97
2018-07-18,2982,2949,4275,4220,0.6988151658767773,0.6597330286673521,0.035527193708579444,1.1000626035933507,5.59
2018-07-17,2911,2944,4260,4250,0.6927058823529412,0.6599844586395697,0.03586798564794583,0.9122738041255313,4.72
2018-07-13,2876,2898,4225,4235,0.684297520661157,0.6603397780576595,0.0363195284755125,0.6596380407209957,3.5
2018-07-12,2855,2861,4155,4155,0.6885679903730445,0.6605742490513546,0.03652959364656097,0.7663304878926648,4.07
2018-07-11,2892,2871,4245,4225,0.6795266272189349,0.660950605593911,0.0369589521180485,0.5026122376438407,2.73
2018-07-10,2936,2942,4335,4315,0.6818076477404403,0.6612279270029788,0.0371747001168628,0.5535948016464656,3.02
2018-07-09,2909,2920,4190,4265,0.6846424384525205,0.6612076384481557,0.03716387659377892,0.6305800727012345,3.42
2018-07-06,2827,2903,4090,4135,0.702055622732769,0.661116109639159,0.03711446808865152,1.1030607523681055,5.83
2018-07-05,2874,2851,4155,4080,0.6987745098039215,0.6607933083821259,0.036861415289429274,1.0303782728789435,5.44
2018-07-04,2887,2882,4320,4250,0.6781176470588235,0.6605002933037541,0.03664504451617688,0.48075678410739,2.6
2018-07-03,2936,2915,4565,4390,0.664009111617312,0.6605620785435173,0.03667858723038798,0.09397943961535235,0.52
2018-07-02,2950,2913,4715,4625,0.6298378378378379,0.6608812979409714,0.03681114174558335,-0.8433169586992818,-4.93
2018-06-29,2939,2950,4645,4715,0.6256627783669141,0.6617890156586891,0.03687377342743775,-0.979727159273954,-5.77
2018-06-28,2917,2916,4630,4650,0.6270967741935484,0.6629706548042731,0.03711634240671671,-0.9665252092359414,-5.72
2018-06-27,2958,2910,4650,4600,0.6326086956521739,0.6641600891193736,0.03737613435977114,-0.8441588197296094,-4.99
2018-06-26,2853,2949,4525,4650,0.6341935483870967,0.6651490847747188,0.03750929692258911,-0.8252763695226661,-4.88
2018-06-25,2865,2877,4690,4625,0.622054054054054,0.6660731853841163,0.037588940911287505,-1.1710660173679937,-7.08
2018-06-22,2825,2851,4590,4690,0.6078891257995735,0.666937099318928,0.03731086565792788,-1.5825945734070046,-9.71
2018-06-21,2880,2859,4585,4665,0.6128617363344051,0.6678968645795018,0.036700427259931785,-1.4995773170516218,-8.98
2018-06-20,2886,2881,4595,4615,0.6242686890574215,0.6680719356082706,0.03646805914823834,-1.2011400544458397,-7.02
2018-06-19,2960,2904,4720,4640,0.6258620689655172,0.6679896229287748,0.03657364954637514,-1.1518553517564654,-6.73
2018-06-18,3010,2981,5060,4810,0.6197505197505198,0.6677709548972989,0.0368726741927457,-1.3023312303241248,-7.75
2018-06-15,3090,3045,5050,5150,0.5912621359223301,0.6678502589542566,0.036775577049879785,-2.082581136063421,-12.95
2018-06-14,3110,3055,5010,5000,0.611,0.6685773313233028,0.03577976780600814,-1.609214784049951,-9.42
2018-06-13,3145,3130,4960,5040,0.621031746031746,0.6688887580667449,0.03537663851039187,-1.3527857379931911,-7.71
2018-06-12,3155,3145,5090,5000,0.629,0.668925549486515,0.035328250232520376,-1.1301309638529071,-6.35
2018-06-11,3145,3150,5110,5110,0.6164383561643836,0.6691716953198483,0.03511287148989758,-1.5018236025110279,-8.55
2018-06-08,3195,3140,5180,5180,0.6061776061776062,0.6694703165904075,0.03475655443029779,-1.8210294849488329,-10.44
2018-06-07,3230,3235,5170,5130,0.6306042884990254,0.669855381458231,0.0342088705456293,-1.1473951736246524,-6.22
2018-06-06,3180,3170,5020,5070,0.6252465483234714,0.6697870926180123,0.03429216727330462,-1.2988547483615691,-7.12
2018-06-05,3190,3180,4940,4925,0.6456852791878173,0.6694758687990962,0.03479719173336117,-0.6836928046831463,-3.68
2018-06-04,3120,3130,4840,4895,0.6394279877425945,0.6688973244774843,0.03554069744611446,-0.8291715934829412,-4.61
2018-06-01,3100,3080,4785,4795,0.6423357664233577,0.6681433241066116,0.03673759902331188,-0.7024835146923379,-4.02
2018-05-31,3110,3150,4775,4770,0.660377358490566,0.6673831285665326,0.03783719280915903,-0.1851556512477517,-1.06
2018-05-30,3085,3115,4680,4710,0.6613588110403397,0.6661749963447979,0.03945364532252349,-0.12207199778593786,-0.73
2018-05-29,3210,3210,4825,4785,0.670846394984326,0.6647172551135252,0.041567804077568056,0.14744920995497915,0.91
2018-05-28,3200,3230,4985,4885,0.661207778915046,0.6631198106775174,0.04355612173732454,-0.04389811778932713,-0.29
2018-05-25,3200,3210,4925,4975,0.6452261306532663,0.6616435549499639,0.0454318338666822,-0.36136389177847866,-2.54
2018-05-24,3220,3205,5130,4940,0.6487854251012146,0.6602022039082889,0.047593198471925696,-0.2398825709057733,-1.76
2018-05-23,3235,3255,5320,5150,0.6320388349514563,0.6589839484795071,0.049017919904376865,-0.5496992442889215,-4.26
2018-05-22,3250,3245,5400,5320,0.6099624060150376,0.6580431028113018,0.05018927137066637,-0.9579875436160546,-7.88
2018-05-21,3310,3280,5440,5420,0.6051660516605166,0.6575544222961756,0.05082939110267215,-1.0306708284157435,-8.66
2018-05-18,3280,3310,5380,5530,0.5985533453887885,0.6570954022718918,0.051452049293594426,-1.1377983518023174,-9.78
2018-05-17,3200,3270,5160,5370,0.6089385474860335,0.6564786635304163,0.052418229838949414,-0.90693860114021,-7.81
2018-05-16,3290,3225,5070,5090,0.6335952848722987,0.6556094828972693,0.05372353175081128,-0.40976825810857426,-3.47
2018-05-15,3195,3290,5010,5080,0.6476377952755905,0.6543615457656385,0.055284773837924635,-0.12162029476252692,-1.04
2018-05-14,3195,3205,5090,4985,0.6429287863590772,0.6527922434254371,0.05709421985503944,-0.1727575416811519,-1.53
2018-05-11,3155,3200,4910,5020,0.6374501992031872,0.6512987937450737,0.058772953801873654,-0.23562869731834007,-2.17
2018-05-10,3155,3160,4795,4840,0.6528925619834711,0.649632302330478,0.06087634643601653,0.053555442201509415,0.5
2018-05-09,3135,3140,4650,4695,0.6687965921192758,0.6480586210886013,0.06228103493564716,0.33297409158505886,3.1
2018-05-08,3140,3150,4760,4690,0.6716417910447762,0.6462993293401131,0.06352162609530791,0.39895801260879526,3.77
2018-05-07,3165,3145,4800,4815,0.6531671858774662,0.6445418294993455,0.06461029219909921,0.1334981793851265,1.32
2018-05-02,3165,3150,4645,4760,0.6617647058823529,0.6430314142194598,0.06570581661792001,0.2851085737481577,2.83
2018-05-01,3140,3140,4635,4670,0.6723768736616702,0.6412871159375592,0.06691077716800004,0.4646449950215145,4.62
2018-04-27,3265,3140,4700,4655,0.6745435016111708,0.6394927994670536,0.06785079712617381,0.5165849721549728,5.2
2018-04-26,3360,3365,4850,4700,0.7159574468085106,0.6378159592829697,0.06851462983337868,1.1405080596009027,10.91
2018-04-25,3345,3335,4800,4820,0.691908713692946,0.6355642014092129,0.06868445007590442,0.820338697062666,8.14
2018-04-24,3415,3365,4870,4925,0.683248730964467,0.6337418526685008,0.06897786344358721,0.71772124888233,7.25
2018-04-23,3385,3385,5050,4920,0.6880081300813008,0.6319898942803326,0.06936577088293246,0.807577499506339,8.14
2018-04-20,3385,3390,5000,5080,0.6673228346456693,0.6301507975130372,0.06968394900895351,0.5334375801212993,5.57
2018-04-19,3395,3390,4885,5040,0.6726190476190477,0.6285773883469978,0.07015749935304302,0.627754120061002,6.55
2018-04-18,3325,3350,4810,4815,0.6957424714434061,0.627012059240065,0.07046640489540194,0.9753642506008684,9.88
2018-04-17,3330,3320,4800,4815,0.6895119418483905,0.6252793526032758,0.07035270489137989,0.9130080974752243,9.32
2018-04-16,3355,3350,4935,4835,0.6928645294725957,0.6235782147853585,0.07032149374770814,0.985279336298162,10.0
2018-04-13,3330,3360,4880,4890,0.6871165644171779,0.6217766978574362,0.07025408048805312,0.9300508398348901,9.51
2018-04-12,3300,3305,4775,4740,0.6972573839662447,0.6200805814532254,0.07019167891973248,1.0995149809890519,11.07
2018-04-11,3300,3280,4825,4755,0.6898002103049422,0.6184400663336755,0.0698054998995171,1.0222710828514576,10.35
2018-04-10,3245,3300,4410,4650,0.7096774193548387,0.6168314954321003,0.06953205835822694,1.3352966403554352,13.08
2018-04-09,3260,3265,4425,4410,0.7403628117913832,0.6149516644519911,0.06889946607353227,1.8202049230040225,16.94
2018-04-06,3280,3260,4500,4485,0.7268673355629878,0.6127307960051098,0.06749133350223169,1.6911288255121508,15.7
2018-04-05,3295,3280,4545,4490,0.7305122494432071,0.6108856422154108,0.0662255313792058,1.8063517911667226,16.38
2018-04-04,3290,3260,4735,4545,0.7172717271727173,0.6089565900006124,0.06480479152288005,1.6714063054097317,15.1
2018-04-03,3275,3300,4700,4720,0.6991525423728814,0.607433167976668,0.06357186451882417,1.4427667819787553,13.12
2018-04-02,3315,3340,4860,4790,0.697286012526096,0.6060890955108698,0.06267782913991843,1.4550107791966347,13.08
2018-03-30,3380,3355,4680,4830,0.6946169772256728,0.6047808375660774,0.061778199699810306,1.454172185271228,12.93
2018-03-29,3380,3330,4530,4640,0.7176724137931034,0.6036225326396566,0.06089100322923905,1.8730169500423273,15.89
2018-03-28,3295,3345,4640,4650,0.7193548387096774,0.6019251887440369,0.05944529233941997,1.9754238787344542,16.32
2018-03-27,3295,3355,4675,4780,0.7018828451882845,0.6001151761759598,0.05788850717942099,1.7579943579630342,14.5
2018-03-26,3195,3265,4540,4555,0.716794731064764,0.5985147069057021,0.05669989725770947,2.0860712255167164,16.5
2018-03-23,3240,3225,4705,4605,0.7003257328990228,0.5967138540812488,0.0550350412385016,1.882652878713369,14.79
2018-03-22,3310,3330,4995,4895,0.6802860061287027,0.5949997317961178,0.053768734675201504,1.586168520568135,12.54
2018-03-20,3305,3355,4870,4950,0.6777777777777778,0.5932473178721626,0.053098152102981716,1.5919661336174533,12.47
2018-03-19,3330,3335,4900,4920,0.6778455284552846,0.5913960314712577,0.052536186709784514,1.645522874767882,12.75
2018-03-16,3350,3340,4900,4935,0.6767983789260384,0.5892407616858648,0.05226041367153935,1.675409953516248,12.94
2018-03-15,3340,3325,4865,4870,0.6827515400410678,0.5870672912827678,0.0519626510460952,1.8414042938921658,14.01
2018-03-14,3305,3340,4720,4855,0.6879505664263645,0.5846974617708544,0.0515964843029303,2.0011655067290346,15.01
2018-03-13,3355,3350,4775,4800,0.6979166666666666,0.5823159752912997,0.05089297405413212,2.2714469634336685,16.56
2018-03-12,3385,3400,4735,4760,0.7142857142857143,0.5797645499592622,0.049818920240903404,2.7002023262640815,18.83
2018-03-09,3270,3295,4620,4600,0.716304347826087,0.5770825895838712,0.047881514145877616,2.907630652991833,19.44
2018-03-08,3255,3230,4600,4570,0.7067833698030634,0.5742954308376628,0.045732088313055856,2.8970454630994245,18.75
2018-03-07,3260,3215,4725,4570,0.7035010940919038,0.5713837298683079,0.04412783212930453,2.993969063253824,18.78
2018-03-06,3245,3290,4795,4790,0.6868475991649269,0.5687671405344071,0.04198232648698682,2.8126230371516194,17.19
2018-03-05,3130,3175,4940,4670,0.6798715203426124,0.5663431792795482,0.04030960615190246,2.8164090870857117,16.7
2018-03-02,3170,3155,5100,5040,0.6259920634920635,0.5652377534996006,0.0382661146924781,1.5876790858102263,9.71
2018-03-01,3260,3245,5300,5250,0.6180952380952381,0.5648756887770707,0.03781537085316376,1.4073523045646632,8.61
2018-02-28,3315,3285,5300,5390,0.6094619666048238,0.5644341989137988,0.03738226951125464,1.2045220442666957,7.39
2018-02-27,3335,3360,5180,5370,0.6256983240223464,0.5638080393590678,0.03701430194109812,1.672064078413969,9.89
2018-02-26,3340,3300,5290,5110,0.6457925636007827,0.5629325003019278,0.03630991468771439,2.2820230785860542,12.83
2018-02-23,3240,3305,5130,5210,0.6343570057581573,0.5617414636110367,0.03501435726900778,2.0738790545041574,11.45
2018-02-22,3270,3225,5140,5170,0.6237911025145068,0.5607597983761914,0.03398158676924403,1.8548664182851986,10.1
2018-02-21,3290,3315,5150,5120,0.6474609375,0.5603471833352824,0.033396579133368576,2.608463394314445,13.45
2018-02-20,3280,3290,5220,5150,0.6388349514563106,0.5597833363525239,0.03225864498089976,2.450555971913668,12.37
2018-02-19,3280,3315,5160,5220,0.6350574712643678,0.5595167107086932,0.03168164143112054,2.3843701633928513,11.9
2018-02-16,3155,3240,5300,5180,0.6254826254826255,0.5593915237478065,0.03140020188882618,2.104798624187749,10.57
2018-02-15,3185,3160,5290,5250,0.6019047619047619,0.5592496352666954,0.03112406367777427,1.3704870636325892,7.09
2018-02-14,3200,3150,5400,5230,0.6022944550669216,0.5593018398522334,0.03119875958784501,1.37802322216163,7.14
2018-02-13,3250,3200,5460,5490,0.5828779599271403,0.5593302441681551,0.031238832485416975,0.7537962812783675,4.04
2018-02-09,3100,3190,5290,5450,0.5853211009174312,0.5595874711280175,0.031509921170670016,0.8166834074268309,4.4
2018-02-08,3135,3185,5620,5590,0.5697674418604651,0.559519815296855,0.031460003067508756,0.32573507833486676,1.8
2018-02-07,3310,3130,5980,5670,0.5520282186948854,0.5597065727445945,0.03156169247124819,-0.24328080810950908,-1.39
2018-02-06,3185,3185,5740,5780,0.551038062283737,0.5598789600280928,0.03155459104860643,-0.2801778584529068,-1.6
2018-02-05,3330,3380,6100,6140,0.5504885993485342,0.5600034411931079,0.03153787940264246,-0.3016956759551947,-1.73
2018-02-02,3490,3400,6200,6330,0.5371248025276462,0.5601963567345576,0.03152333626913467,-0.7318880847488657,-4.3
2018-02-01,3465,3495,6130,6270,0.5574162679425837,0.560744837628392,0.03147496833543329,-0.1057529161057528,-0.6
2018-01-31,3455,3425,6090,6100,0.5614754098360656,0.5606856891551619,0.03148533441851875,0.02508217541558555,0.14
2018-01-30,3545,3480,6120,6070,0.5733113673805601,0.5607593726912394,0.03149356168756884,0.39855748339430275,2.19
2018-01-29,3515,3550,6240,6220,0.5707395498392283,0.5605596655706097,0.031460806083948516,0.3235735359562969,1.78
2018-01-26,3495,3485,6380,6310,0.5522979397781299,0.5606262248716632,0.03148754169217503,-0.2644946110735282,-1.51
2018-01-25,3490,3480,6420,6400,0.54375,0.5609773520563879,0.031539502047568925,-0.5462150933900306,-3.17
2018-01-24,3540,3510,6610,6500,0.54,0.5614824540972042,0.03156289792377504,-0.6806236280675076,-3.98
2018-01-23,3525,3540,6640,6680,0.5299401197604791,0.5622289346091297,0.03170771691764496,-1.0183267036385808,-6.09
2018-01-22,3515,3520,6730,6630,0.530920060331825,0.5629846786955709,0.03160443300487298,-1.014560785153207,-6.04
2018-01-19,3545,3495,6790,6820,0.5124633431085044,0.5638296199903392,0.03158298994435491,-1.626390565691705,-10.02
2018-01-18,3755,3605,7020,6740,0.5348664688427299,0.5650488772509646,0.03134063454283882,-0.9630439475301321,-5.64
2018-01-17,3755,3715,6920,6920,0.536849710982659,0.5660312033366203,0.031533233503504614,-0.925420234836305,-5.44
2018-01-16,3770,3795,7030,7030,0.5398293029871978,0.5670213553383331,0.03176643294505612,-0.8559995514185444,-5.04
2018-01-15,3810,3790,7180,7020,0.5398860398860399,0.5679797874546598,0.032014974722578006,-0.8775189676725655,-5.2
2018-01-12,3775,3775,7040,7110,0.5309423347398031,0.5688324994766564,0.032106908455031266,-1.1801249811990455,-7.14
2018-01-11,3780,3770,6900,7010,0.5378031383737518,0.569608390021948,0.031884240364390366,-0.9975226408002356,-5.91
2018-01-10,3835,3825,6990,6970,0.5487804878048781,0.5702117307273001,0.03170431292720201,-0.6759724764145334,-3.91
2018-01-09,3850,3835,6960,7010,0.5470756062767475,0.5708527727398145,0.03175052729912414,-0.7488746954990871,-4.35
2018-01-05,3775,3820,6770,6880,0.5552325581395349,0.571565612651337,0.03180880022913227,-0.5134759687302948,-2.94
2018-01-04,3695,3725,6690,6750,0.5518518518518518,0.5717233494539586,0.031756704976178926,-0.6257417958510704,-3.6
2017-12-29,3635,3625,6630,6590,0.5500758725341427,0.5719064945524928,0.03168109362976623,-0.6890741296202895,-3.97
2017-12-28,3680,3620,6560,6590,0.5493171471927162,0.5723243619747513,0.03159696912033002,-0.7281462565101514,-4.19
2017-12-27,3660,3670,6390,6610,0.5552193645990923,0.5725501922383301,0.03149207766442797,-0.5503234122534252,-3.12
2017-12-26,3680,3655,6520,6460,0.5657894736842105,0.5725585530081899,0.031487558341074966,-0.2149763170156406,-1.2
2017-12-25,3695,3675,6580,6540,0.5619266055045872,0.5726049834715596,0.03148010920581641,-0.3392103215766315,-1.9
2017-12-22,3660,3670,6510,6580,0.5577507598784195,0.5726737497809916,0.031462335925933164,-0.47431283988903356,-2.68
2017-12-21,3655,3645,6420,6510,0.5599078341013825,0.5727809326317356,0.03142498574090417,-0.4096453260628507,-2.3
2017-12-20,3585,3675,6290,6400,0.57421875,0.5728865093364708,0.03139484618172258,0.04243501165184299,0.23
2017-12-19,3580,3580,6290,6290,0.5691573926868044,0.572741674861585,0.03141341684501572,-0.11410036012523998,-0.63
2017-12-18,3495,3560,6110,6260,0.5686900958466453,0.5726846281955418,0.031423757261203944,-0.12711822827845443,-0.7
2017-12-15,3515,3460,5990,6030,0.5737976782752903,0.572767598810734,0.03142131582062087,0.032782823941454216,0.18
2017-12-14,3505,3525,5970,5990,0.5884808013355592,0.5727111659989476,0.03142321581799539,0.5018466419207407,2.68
2017-12-13,3560,3515,6070,6000,0.5858333333333333,0.572457347907066,0.03137165285733946,0.42637171484376984,2.28
2017-12-12,3610,3600,6050,5970,0.6030150753768844,0.5722404396945057,0.03133463769695381,0.9821283392522023,5.1
2017-12-11,3635,3620,6050,6050,0.5983471074380166,0.571952451078861,0.031149179779055416,0.8473628052608715,4.41
2017-12-08,3630,3595,5980,6000,0.5991666666666666,0.5716887753606398,0.03100801480918428,0.8861544821595014,4.59
2017-12-07,3520,3610,5980,5940,0.6077441077441077,0.5714877104621066,0.030877806082445777,1.174189551718609,5.97
2017-12-06,3570,3495,6090,5920,0.5903716216216216,0.5708544796730005,0.030613627448102202,0.6375311773068236,3.31
2017-12-05,3575,3595,6150,6160,0.5836038961038961,0.570503617244736,0.030538635377525502,0.4289739438979998,2.24
2017-12-04,3665,3590,6340,6170,0.5818476499189628,0.5703241504285785,0.03050064814173169,0.377811626718106,1.98
2017-12-01,3640,3630,6340,6240,0.5817307692307693,0.5703275593767685,0.030501950151422038,0.3738518290598266,1.96
2017-11-30,3640,3625,6450,6340,0.5717665615141956,0.5701380590960273,0.030474653508713437,0.053437930564251564,0.28
2017-11-29,3580,3595,6710,6550,0.5488549618320611,0.5700902625182623,0.03047487303897765,-0.6968134259014345,-3.87
2017-11-28,3535,3530,6740,6550,0.5389312977099237,0.5712607253753463,0.031311122456781505,-1.032522155986159,-6.0
2017-11-27,3570,3505,6880,6790,0.5162002945508101,0.572605586984112,0.03205104492150806,-1.7598581441396568,-10.93
2017-11-24,3480,3540,6940,6890,0.5137880986937591,0.5742578626266602,0.032293906454418556,-1.8724821668215208,-11.77
2017-11-22,3570,3525,7020,6980,0.5050143266475645,0.5761895397519404,0.03294544182090516,-2.1603963756592415,-14.09
2017-11-21,3520,3545,6940,6960,0.5093390804597702,0.5782401684021041,0.03323657678119839,-2.0730500735957453,-13.53
2017-11-20,3510,3475,6850,6860,0.5065597667638484,0.580440577301296,0.0340549857133641,-2.1694565124558167,-14.58
2017-11-17,3540,3515,7000,6850,0.5131386861313869,0.582660261656688,0.03458837655181983,-2.009969315013813,-13.55
2017-11-16,3365,3490,6830,6880,0.5072674418604651,0.5845140646821827,0.03453844983552679,-2.2365399486534128,-15.23
2017-11-15,3450,3370,6910,6900,0.48840579710144927,0.58644372031412,0.03421008621695158,-2.86576077566538,-20.07
2017-11-14,3480,3495,6930,6890,0.5072568940493469,0.5884066767576257,0.032719692919528406,-2.4801511098487534,-16.0
2017-11-13,3520,3500,6530,6930,0.5050505050505051,0.590030348277828,0.03165665812824132,-2.6844224328123647,-16.83
2017-11-10,3550,3540,5860,5930,0.596964586846543,0.591789865742867,0.03053184720422853,0.16948601468696362,0.87
2017-11-09,3575,3605,6060,6020,0.5988372093023255,0.5924642176996671,0.031190133085128934,0.20432716927703767,1.06
2017-11-08,3415,3545,6050,6060,0.584983498349835,0.5930897080803594,0.0317765403995543,-0.2551004492181329,-1.39
2017-11-07,3390,3420,6050,6080,0.5625,0.5939826043515061,0.03246952461089489,-0.969604721004826,-5.6
2017-11-06,3415,3405,6180,6080,0.5600328947368421,0.5951548035216305,0.03289592724423074,-1.0676673900702414,-6.27
2017-11-02,3450,3400,6000,6110,0.5564648117839607,0.5963502069209813,0.03322525452427638,-1.2004541638011508,-7.17
2017-11-01,3505,3370,5910,6010,0.5607321131447587,0.5976539335161047,0.033551397317939644,-1.1004555196753096,-6.58
2017-10-31,3500,3480,5830,5870,0.5928449744463373,0.5990616560160368,0.03418171181436295,-0.18187156931933537,-1.05
2017-10-30,3500,3510,5680,5800,0.6051724137931035,0.5999847399725715,0.034928020267980864,0.14852470253768182,0.86
2017-10-27,3520,3515,5660,5680,0.6188380281690141,0.6006832814581312,0.03554325907843036,0.510778898210272,2.93
2017-10-26,3485,3510,5650,5610,0.6256684491978609,0.6009233358193864,0.035725395019478134,0.6926477192199842,3.95
2017-10-25,3505,3480,5660,5660,0.6148409893992933,0.6011545665325905,0.03594028540912462,0.380810077352032,2.23
2017-10-24,3415,3435,5620,5670,0.6058201058201058,0.601619014945806,0.03633703485931743,0.11561457588833866,0.69
2017-10-23,3375,3415,5560,5650,0.6044247787610619,0.602285059141262,0.03686195636631774,0.05804682742653132,0.35
2017-10-20,3300,3330,5620,5530,0.6021699819168174,0.6032207710858234,0.03778358580073187,-0.027810731743350678,-0.17
2017-10-19,3335,3290,5670,5670,0.5802469135802469,0.6042416117492553,0.03876300476207982,-0.6190102732304521,-4.14
2017-10-18,3315,3310,5690,5670,0.5837742504409171,0.6055406734026576,0.03956145701188933,-0.5501926522877822,-3.73
2017-10-17,3320,3305,5900,5850,0.564957264957265,0.6064623738729692,0.0398478354036686,-1.0415900511344482,-7.35
2017-10-16,3310,3295,5890,5880,0.560374149659864,0.6076975619653001,0.03997771611641899,-1.1837447684011202,-8.44
2017-10-13,3295,3305,5740,5850,0.564957264957265,0.6090741141117118,0.040101792807658035,-1.1001216171567778,-7.81
2017-10-12,3350,3325,6070,5750,0.5782608695652174,0.6105507845412124,0.0404873165874804,-0.7975316147768549,-5.58
2017-10-11,3375,3340,5980,6040,0.5529801324503312,0.6120013110765059,0.04124616421504507,-1.4309495137161385,-10.67
2017-10-10,3340,3385,6000,5970,0.567001675041876,0.6135328919740161,0.041158709969645914,-1.1305314711383392,-8.21
2017-10-06,3405,3350,5800,6000,0.5583333333333333,0.6148991516914065,0.04129195087800122,-1.369899390929705,-10.13
2017-10-05,3380,3345,5870,5810,0.5757314974182444,0.6165034682381691,0.04140035975265457,-0.984821655258938,-7.08
2017-10-04,3435,3385,5880,5850,0.5786324786324787,0.6179507173962616,0.041844600799359616,-0.9396251371188765,-6.8
2017-10-03,3450,3420,5760,5880,0.5816326530612245,0.619329468813848,0.04222820344371013,-0.8926928611318519,-6.48
2017-10-02,3450,3415,5860,5730,0.5959860383944153,0.6207450984803488,0.04271754029385842,-0.5795993850678963,-4.15
2017-09-29,3430,3420,5800,5830,0.5866209262435678,0.6218722521726987,0.043162355123239696,-0.8167146076361977,-6.01
2017-09-28,3425,3435,5640,5780,0.5942906574394463,0.622980872380924,0.04331024248248261,-0.6624348721455866,-4.83
2017-09-27,3375,3400,5720,5630,0.6039076376554174,0.6239458858372869,0.043466271852709584,-0.46100682961196643,-3.32
2017-09-26,3410,3420,5550,5620,0.608540925266904,0.6246315013110273,0.043550255998018615,-0.3694714456983997,-2.64
2017-09-25,3415,3410,5550,5580,0.6111111111111112,0.6252879239315986,0.043673633578043505,-0.32460804515277825,-2.32
2017-09-22,3460,3395,5700,5550,0.6117117117117117,0.6259874169280754,0.04386069539810678,-0.3254783146228885,-2.33
2017-09-21,3485,3460,5920,5730,0.6038394415357766,0.6268922936357689,0.04425512887662272,-0.5209080322477542,-3.82
2017-09-20,3490,3470,5930,5890,0.5891341256366723,0.6278066183233378,0.044477231042823986,-0.8694896642605852,-6.56
2017-09-19,3455,3475,5820,5960,0.5830536912751678,0.628739375436061,0.0443898935289908,-1.0291911182678566,-7.84
2017-09-15,3330,3420,5570,5730,0.5968586387434555,0.6294804777342102,0.04408390103058778,-0.7399943795382352,-5.47
2017-09-14,3370,3345,5810,5570,0.6005385996409336,0.6298367994368296,0.043926506953970254,-0.6669822352730439,-4.88
2017-09-13,3335,3340,5910,5890,0.567062818336163,0.6304256965396564,0.043825722449865274,-1.445791983828168,-11.17
2017-09-12,3335,3320,5690,5870,0.565587734241908,0.6315234934999936,0.043252242743768717,-1.5244471748828528,-11.66
2017-09-11,3240,3285,5650,5650,0.5814159292035398,0.6326060309495605,0.04259953412233262,-1.2016587223470243,-8.8
2017-09-08,3175,3205,5700,5660,0.5662544169611308,0.6335348737160552,0.04223113322507805,-1.5931482680405884,-11.88
2017-09-07,3220,3185,5760,5730,0.555846422338569,0.6347187891822146,0.04156780482927003,-1.897438827178758,-14.19
2017-09-06,3125,3205,5560,5630,0.5692717584369449,0.6363397616155498,0.040824274079353816,-1.64284619117143,-11.78
2017-09-05,3220,3170,5710,5590,0.5670840787119857,0.6379764041713863,0.04056235906779334,-1.7477367463000784,-12.5
2017-09-04,3235,3225,5750,5700,0.5657894736842105,,,,
2017-09-01,3305,3265,5840,5750,0.5678260869565217,,,,
2017-08-31,3245,3290,5790,5840,0.5633561643835616,,,,
2017-08-30,3330,3265,5750,5780,0.5648788927335641,,,,
2017-08-29,3240,3300,5710,5740,0.5749128919860628,,,,
2017-08-28,3290,3275,5760,5750,0.5695652173913044,,,,
2017-08-25,3290,3280,5790,5760,0.5694444444444444,,,,
2017-08-24,3275,3275,5730,5750,0.5695652173913044,,,,
2017-08-23,3270,3285,5660,5650,0.5814159292035398,,,,
2017-08-22,3220,3240,5550,5600,0.5785714285714286,,,,
2017-08-21,3165,3230,5540,5530,0.5840867992766727,,,,
2017-08-18,3125,3115,5560,5560,0.560251798561151,,,,
2017-08-17,3170,3170,5640,5620,0.5640569395017794,,,,
2017-08-16,3165,3170,5410,5560,0.5701438848920863,,,,
2017-08-15,3150,3155,5480,5420,0.5821033210332104,,,,
2017-08-14,3095,3110,5570,5480,0.5675182481751825,,,,
2017-08-10,3140,3125,5220,5500,0.5681818181818182,,,,
2017-08-09,3120,3145,4920,4940,0.6366396761133604,,,,
2017-08-08,3190,3135,4970,4900,0.639795918367347,,,,
2017-08-07,3170,3175,4790,4960,0.6401209677419355,,,,
2017-08-04,3190,3155,4810,4790,0.6586638830897703,,,,
2017-08-03,3175,3215,4760,4880,0.6588114754098361,,,,
2017-08-02,3180,3210,4680,4760,0.6743697478991597,,,,
2017-08-01,3160,3170,4840,4710,0.673036093418259,,,,
2017-07-31,3090,3150,4800,4830,0.6521739130434783,,,,
2017-07-28,3125,3110,4930,4770,0.6519916142557652,,,,
2017-07-27,3095,3140,4950,4940,0.6356275303643725,,,,
2017-07-26,3150,3120,4950,4960,0.6290322580645161,,,,
2017-07-25,3160,3115,4910,4890,0.6370143149284253,,,,
2017-07-24,3170,3160,4920,4880,0.6475409836065574,,,,
2017-07-21,3165,3190,4870,4940,0.645748987854251,,,,
2017-07-20,3140,3175,4800,4870,0.6519507186858317,,,,
2017-07-19,3115,3135,4810,4820,0.6504149377593361,,,,
2017-07-18,3145,3125,4840,4810,0.6496881496881497,,,,
2017-07-14,3125,3160,4760,4830,0.6542443064182195,,,,
2017-07-13,3145,3125,4740,4690,0.6663113006396588,,,,
2017-07-12,3125,3125,4760,4720,0.6620762711864406,,,,
2017-07-11,3045,3130,4760,4760,0.657563025210084,,,,
2017-07-10,3005,3025,4730,4750,0.6368421052631579,,,,
2017-07-07,2975,2990,4560,4650,0.6430107526881721,,,,
2017-07-06,3000,2995,4570,4610,0.6496746203904555,,,,
2017-07-05,3005,3010,4380,4590,0.6557734204793029,,,,
2017-07-04,3025,2975,4490,4410,0.6746031746031746,,,,
2017-07-03,2990,3000,4370,4420,0.6787330316742082,,,,
2017-06-30,2910,2975,4410,4390,0.6776765375854215,,,,
2017-06-29,2920,2925,4470,4480,0.6529017857142857,,,,
2017-06-28,2905,2900,4380,4410,0.6575963718820862,,,,
2017-06-27,2905,2900,4270,4370,0.6636155606407322,,,,
2017-06-26,2870,2865,4170,4240,0.6757075471698113,,,,
2017-06-23,2850,2865,4260,4170,0.6870503597122302,,,,
2017-06-22,2785,2825,4160,4230,0.6678486997635934,,,,
2017-06-21,2820,2785,4190,4160,0.6694711538461539,,,,
2017-06-20,2820,2830,4130,4170,0.6786570743405276,,,,
2017-06-19,2820,2785,4100,4070,0.6842751842751843,,,,
2017-06-16,2840,2810,4120,4120,0.6820388349514563,,,,
2017-06-15,2845,2820,4170,4100,0.6878048780487804,,,,
2017-06-14,2905,2865,4320,4210,0.6805225653206651,,,,
2017-06-13,2890,2880,4340,4300,0.6697674418604651,,,,
2017-06-12,2905,2880,4440,4320,0.6666666666666666,,,,
2017-06-09,2840,2890,4320,4410,0.655328798185941,,,,
2017-06-08,2850,2835,4350,4310,0.6577726218097448,,,,
2017-06-07,2875,2860,4200,4310,0.6635730858468677,,,,
2017-06-06,2890,2895,4340,4260,0.6795774647887324,,,,
2017-06-05,2880,2925,4350,4350,0.6724137931034483,,,,
2017-06-02,2850,2900,4500,4400,0.6590909090909091,,,,
2017-06-01,2770,2810,4390,4400,0.6386363636363637,,,,
2017-05-31,2725,2750,4330,4410,0.6235827664399093,,,,
2017-05-30,2695,2740,4140,4250,0.6447058823529411,,,,
2017-05-29,2735,2695,4190,4150,0.6493975903614457,,,,
2017-05-26,2720,2710,4190,4190,0.6467780429594272,,,,
2017-05-25,2700,2715,4120,4170,0.6510791366906474,,,,
2017-05-24,2765,2725,4090,4160,0.6550480769230769,,,,
2017-05-23,2755,2730,4070,4030,0.6774193548387096,,,,
2017-05-22,2800,2775,3930,4010,0.6920199501246883,,,,
