DATE,OPEN_4188,CLOSE_4188,OPEN_5713,CLOSE_5713,saya_divide,saya_divide_mean,saya_divide_std,saya_divide_sigma,deviation_rate(%)
2020-03-03,734.7,714.9,2739.0,2636.5,0.2711549402617106,0.2457799537566224,0.011019947457066786,2.302641333268421,9.36
2020-03-02,713.7,723.3,2638.0,2682.0,0.2696868008948546,0.24541003258930866,0.010620359517522337,2.2858706680778678,9.0
2020-02-28,720.0,726.3,2700.0,2685.5,0.27045242971513683,0.2450560386427367,0.010240968952591833,2.479881658656205,9.39
2020-02-27,760.0,745.4,2854.0,2771.5,0.26895183113837273,0.24468120093680037,0.009809976543256759,2.474076272716029,9.02
2020-02-26,764.9,768.4,2872.0,2877.0,0.2670837678136948,0.24426721953237476,0.009424575601188577,2.4209629427178174,8.54
2020-02-25,761.0,773.5,2930.0,2922.5,0.26467065868263473,0.24377440255395308,0.009181837233953908,2.2758251530977365,7.9
2020-02-21,790.6,789.3,3067.0,3050.0,0.2587868852459016,0.2432746362222838,0.00904999210125113,1.7140621616093226,5.99
2020-02-20,790.8,787.3,3131.0,3063.0,0.2570355860267711,0.24288387466948683,0.00900436426105151,1.5716502517004673,5.51
2020-02-19,795.1,785.9,3099.0,3061.0,0.25674616138516826,0.2424676021113431,0.00906198476743282,1.575654742340749,5.56
2020-02-18,794.4,795.1,3124.0,3083.0,0.25789815115147585,0.2420907241007869,0.00904808037530317,1.7470475940770238,6.13
2020-02-17,794.9,798.5,3143.0,3140.0,0.25429936305732487,0.24173567226008597,0.00894267411041344,1.4049143066288092,4.94
2020-02-14,789.8,796.2,3190.0,3172.0,0.25100882723833545,0.24150272837170259,0.008839321328673959,1.0754331145080045,3.79
2020-02-13,788.4,794.6,3207.0,3214.0,0.24723086496577473,0.24132357184397266,0.008780810029082358,0.6727503615539921,2.39
2020-02-12,789.9,783.2,3194.0,3214.0,0.24368388301182328,0.24130575093516252,0.00877015275678123,0.27116199028824833,0.98
2020-02-10,781.0,794.2,3130.0,3180.0,0.249748427672956,0.24141109115842152,0.008845210621582143,0.9425820222066315,3.34
2020-02-07,795.2,793.2,3234.0,3215.0,0.2467185069984448,0.2413758010453921,0.008817111707241202,0.6059474043710831,2.17
2020-02-06,815.0,799.6,3263.0,3264.0,0.24497549019607845,0.24130167531833224,0.008795225810858693,0.4177055776340012,1.5
2020-02-05,809.0,806.6,3179.0,3193.0,0.25261509552145317,0.2412248550997062,0.008787960522387226,1.296118751641005,4.51
2020-02-04,793.6,799.0,3084.0,3109.0,0.25699581859118686,0.2410401193956823,0.008691679971194273,1.8357439814149294,6.21
2020-02-03,785.1,791.7,3064.0,3087.0,0.25646258503401365,0.24071823045377963,0.008540532699250376,1.8434862478327536,6.14
2020-01-31,798.3,800.0,3172.0,3164.0,0.2528445006321112,0.24035431832260162,0.008442839950544128,1.4793816278259104,4.94
2020-01-30,801.0,793.1,3191.0,3177.0,0.24963802329241425,0.24004820162946713,0.008400535079766645,1.1415727179147146,3.84
2020-01-29,801.4,802.2,3168.0,3218.0,0.24928527035425732,0.239775116338982,0.00841723848850738,1.129842528313791,3.81
2020-01-28,790.4,797.4,3130.0,3166.0,0.2518635502210992,0.23952600278566463,0.008408563900854978,1.4672597581354028,4.9
2020-01-27,799.9,797.1,3141.0,3194.0,0.24956167814652475,0.23923758022103844,0.008351225858389972,1.2362374219725245,4.14
2020-01-24,808.8,807.9,3300.0,3307.0,0.2442999697611128,0.23906036686830784,0.00827089932714803,0.633498569569903,2.14
2020-01-23,811.3,807.6,3376.0,3305.0,0.244357034795764,0.23894709156120886,0.00825652810029605,0.655232219746357,2.21
2020-01-22,816.0,819.0,3446.0,3415.0,0.2398243045387994,0.23875681969401863,0.008294009081534333,0.12870553121980707,0.45
2020-01-21,829.0,822.3,3515.0,3490.0,0.23561604584527218,0.23870181978244806,0.008300422445913641,-0.3717610708711612,-1.31
2020-01-20,828.2,830.6,3501.0,3533.0,0.23509765072176622,0.23873891404357664,0.008292762302372489,-0.4390893153622265,-1.55
2020-01-17,815.0,823.4,3471.0,3475.0,0.23694964028776977,0.23881891236201752,0.008286187109202215,-0.2255889288538795,-0.79
2020-01-16,818.8,809.0,3447.0,3479.0,0.23253808565679793,0.23881950226353066,0.008286055586746917,-0.7580707781854018,-2.7
2020-01-15,819.3,815.9,3512.0,3429.0,0.2379410906969962,0.23885952871725882,0.008262834149503562,-0.11115290512248742,-0.39
2020-01-14,812.0,817.5,3540.0,3563.0,0.2294414818972776,0.2388376817758783,0.00826739848320567,-1.136536468840601,-4.1
2020-01-10,812.8,811.2,3491.0,3502.0,0.23163906339234724,0.23889255597697945,0.008218362788579094,-0.8825958127222429,-3.13
2020-01-09,810.6,806.6,3495.0,3504.0,0.23019406392694064,0.23887483410814847,0.008235400330037612,-1.0540799273042971,-3.77
2020-01-08,804.4,802.0,3412.0,3413.0,0.23498388514503368,0.23895949979978004,0.00817816265701103,-0.48612565211552927,-1.69
2020-01-07,807.8,809.9,3429.0,3433.0,0.23591610836003496,0.2389486035534018,0.008183994677649522,-0.3705397318559587,-1.29
2020-01-06,805.0,805.2,3451.0,3467.0,0.23224689933660225,0.23896773278303124,0.008178559098002995,-0.8217625337047513,-2.89
2019-12-30,821.7,817.5,3515.0,3544.0,0.23067155756207675,0.2390868643071735,0.008144797992513919,-1.033212456936496,-3.65
2019-12-27,824.8,826.7,3483.0,3531.0,0.23412630982724442,0.2391999839204001,0.008085837576950541,-0.627476627482436,-2.17
2019-12-26,816.4,821.8,3470.0,3499.0,0.2348671048871106,0.2393031445098671,0.008069788029100753,-0.5497095595026197,-1.89
2019-12-25,831.2,818.0,3496.0,3469.0,0.23580282502162006,0.23924152176167904,0.008120911624247794,-0.42343728132584985,-1.46
2019-12-24,828.0,826.0,3494.0,3467.0,0.23824632246899335,0.23918571015437876,0.00815864873742605,-0.11514010660566396,-0.39
2019-12-23,826.5,825.0,3513.0,3469.0,0.23782069760737964,0.23916286459208488,0.008163644588019232,-0.16440781690508327,-0.56
2019-12-20,830.0,826.5,3568.0,3546.0,0.23307952622673433,0.23919558328455096,0.008163117236190433,-0.749230579551356,-2.62
2019-12-19,833.4,828.5,3652.0,3545.0,0.23370944992947815,0.2393379537666624,0.008148307998411456,-0.690757374203521,-2.41
2019-12-18,833.4,837.0,3652.0,3637.0,0.230134726422876,0.2395353909859935,0.008188833778779043,-1.147985759276108,-4.08
2019-12-17,833.2,834.8,3667.0,3662.0,0.2279628618241398,0.23974560149475196,0.008147067422511978,-1.4462553283963375,-5.17
2019-12-16,835.0,824.7,3660.0,3663.0,0.22514332514332516,0.23996449149910123,0.008047484664648991,-1.8417141471399785,-6.58
2019-12-13,841.4,836.5,3632.0,3660.0,0.228551912568306,0.24011854792207088,0.0078709394553414,-1.4695368220518437,-5.06
2019-12-12,827.0,823.2,3490.0,3492.0,0.2357388316151203,0.2402175548362503,0.007770888589608971,-0.5763463430834441,-1.9
2019-12-11,823.1,822.2,3398.0,3412.0,0.24097303634232123,0.24027775552690286,0.007753428281946055,0.08967398551132968,0.29
2019-12-10,834.0,823.8,3405.0,3412.0,0.2414419695193435,0.24024888119823462,0.007754817494761929,0.15385124432841318,0.49
2019-12-09,829.6,827.1,3391.0,3377.0,0.24492152798341724,0.2401891694589997,0.007762638598635078,0.6096327253016302,1.93
2019-12-06,823.4,819.2,3318.0,3329.0,0.24607990387503756,0.2400796234481875,0.007753048453655696,0.7739253098593517,2.44
2019-12-05,826.5,821.7,3315.0,3309.0,0.24832275611967364,0.2399312821711069,0.007743252659830237,1.0837143403700726,3.38
2019-12-04,806.0,815.8,3264.0,3249.0,0.2510926438904278,0.23972536456165236,0.007722681517631513,1.4719342371976631,4.53
2019-12-03,811.0,818.5,3280.0,3334.0,0.245500899820036,0.23950705645355821,0.007629114965596973,0.7856538266242756,2.44
2019-12-02,812.4,818.5,3317.0,3301.0,0.2479551651014844,0.23933909599213213,0.00763397215031459,1.128648223978289,3.47
2019-11-29,821.0,811.7,3355.0,3316.0,0.24478287092882994,0.23922607901505344,0.0075680378281091365,0.7342447329131362,2.27
2019-11-28,820.5,824.4,3399.0,3385.0,0.2435450516986706,0.23932823745313014,0.0076930379286565724,0.548133817179404,1.73
2019-11-27,827.3,820.9,3412.0,3429.0,0.23939924176144647,0.23943398619069886,0.007803986481575315,-0.004452138574870178,-0.01
2019-11-26,839.7,821.6,3438.0,3364.0,0.24423305588585018,0.23961811776362424,0.00796230734063581,0.5795980894474518,1.89
2019-11-25,834.8,833.8,3372.0,3399.0,0.2453074433656958,0.2397470198080777,0.00811280793852915,0.6853882896956887,2.27
2019-11-22,820.0,820.8,3288.0,3311.0,0.24790093627302928,0.23985433222845956,0.00823791468638408,0.976776811960609,3.25
2019-11-21,820.0,815.7,3333.0,3294.0,0.247632058287796,0.23994366943807072,0.008360117512575982,0.9196508109078334,3.1
2019-11-20,828.0,823.2,3332.0,3358.0,0.24514592019058964,0.23996603921199694,0.008382873610347352,0.6179123316614185,2.11
2019-11-19,824.0,835.1,3360.0,3301.0,0.25298394425931536,0.2398806484907503,0.00836226757476355,1.5669548542203358,5.18
2019-11-18,862.6,864.3,3387.0,3370.0,0.25646884272997034,0.2396370093760324,0.008242281818670132,2.0421327157014986,6.56
2019-11-15,861.2,865.1,3387.0,3377.0,0.2561741190405686,0.23937568045828703,0.00801196526644789,2.0966689224963595,6.56
2019-11-14,869.1,861.4,3393.0,3364.0,0.256064209274673,0.23904534976982802,0.00782101443442738,2.176042461950911,6.65
2019-11-13,875.0,876.9,3450.0,3393.0,0.25844385499557915,0.23868269405516368,0.007652235742352833,2.582403575342479,7.65
2019-11-12,874.5,875.0,3470.0,3441.0,0.25428654460912525,0.23826522505554892,0.007413104257718927,2.1612160029847227,6.3
2019-11-11,884.0,877.1,3564.0,3529.0,0.24854066307735903,0.2378996255949915,0.00728906047545427,1.4598640686547952,4.28
2019-11-08,887.0,879.2,3642.0,3612.0,0.2434108527131783,0.23761868574549666,0.007279562652098504,0.7956751311168284,2.38
2019-11-07,872.6,880.4,3592.0,3621.0,0.24313725490196078,0.23747865530409637,0.00726779910467525,0.7785850319148655,2.33
2019-11-06,875.5,876.3,3625.0,3616.0,0.24233960176991148,0.23740049600505667,0.007237984270198395,0.6823869160908573,2.04
2019-11-05,845.9,855.5,3662.0,3596.0,0.23790322580645162,0.23738476025198926,0.007228505974866483,0.07172513327997036,0.22
2019-11-01,816.2,826.6,3541.0,3592.0,0.23012249443207128,0.23746675731880604,0.00726869068963791,-1.0103969477205275,-3.19
2019-10-31,831.0,830.6,3613.0,3656.0,0.22718818380743983,0.2376454349405408,0.007250645125455105,-1.4422511310598172,-4.6
2019-10-30,837.0,833.7,3703.0,3633.0,0.2294797687861272,0.2377779816444799,0.007148411356450674,-1.1608471371564921,-3.62
2019-10-29,831.1,838.0,3640.0,3711.0,0.225815144165993,0.23789848579374478,0.007083390378799381,-1.705869785733861,-5.35
2019-10-28,829.6,823.9,3590.0,3606.0,0.22848031059345533,0.23813998145946058,0.00697523917747207,-1.3848515613920578,-4.23
2019-10-25,830.1,825.4,3493.0,3569.0,0.23126926309890725,0.23835990471431293,0.006927069415089724,-1.0236134778669368,-3.07
2019-10-24,832.0,828.9,3497.0,3500.0,0.23682857142857142,0.23851060870078428,0.006894039450071878,-0.2439842830019378,-0.71
2019-10-23,830.0,823.9,3370.0,3468.0,0.23757208765859283,0.23858820101383937,0.00690740729762646,-0.14710488486696,-0.43
2019-10-21,825.7,823.5,3329.0,3349.0,0.24589429680501643,0.2386234582891591,0.0069088792421722976,1.0523904472777015,2.96
2019-10-18,820.0,825.7,3280.0,3282.0,0.2515843997562462,0.2385421549647223,0.006858533572063761,1.9016083619751705,5.18
2019-10-17,818.7,814.2,3345.0,3295.0,0.24710166919575116,0.2383050205220782,0.006709334908015485,1.3111059135181669,3.56
2019-10-16,832.0,815.6,3458.0,3382.0,0.2411590774689533,0.23814611866538626,0.006639883470253008,0.45376681941260366,1.25
2019-10-15,823.5,821.7,3456.0,3435.0,0.23921397379912665,0.2380462803903594,0.006650116065532531,0.17558992914715882,0.49
2019-10-11,790.0,812.5,3398.0,3403.0,0.23875991771965913,0.2380081212839221,0.006651517127604368,0.11302630983494111,0.31
2019-10-10,768.5,777.5,3319.0,3339.0,0.23285414794848758,0.23803833092800186,0.006660002791017726,-0.7784055265721714,-2.23
2019-10-09,757.5,761.3,3292.0,3322.0,0.22916917519566524,0.23806893703934487,0.006641356799118002,-1.3400517564214522,-3.88
2019-10-08,765.0,764.6,3326.0,3326.0,0.22988574864702346,0.23818766585375045,0.006560293218309554,-1.2654795952651356,-3.61
2019-10-07,765.0,760.8,3318.0,3320.0,0.22915662650602409,0.2383461512304399,0.0065011295665367685,-1.4135273924883769,-4.01
2019-10-04,761.8,762.6,3301.0,3307.0,0.2306017538554581,0.2386084844119632,0.006521950228811613,-1.2276589479530597,-3.47
2019-10-03,768.0,764.6,3255.0,3321.0,0.2302318578741343,0.2388979322915916,0.006640820579868485,-1.3049704194280325,-3.76
2019-10-02,778.4,785.6,3293.0,3325.0,0.23627067669172933,0.23917213980135257,0.006701636719896615,-0.4329484319866279,-1.23
2019-10-01,773.0,785.7,3344.0,3332.0,0.23580432172869148,0.23939884959950244,0.00688474815111859,-0.5221001250753012,-1.52
2019-09-30,781.0,770.1,3352.0,3347.0,0.23008664475649837,0.23966212360475675,0.007115914736813014,-1.3456427181063897,-4.16
2019-09-27,790.2,787.0,3352.0,3339.0,0.23569931117100928,0.24000203623103725,0.007257864295682729,-0.5928362510976399,-1.83
2019-09-26,816.0,809.6,3402.0,3396.0,0.23839811542991757,0.24026189879457618,0.007445634469183203,-0.25031894492976314,-0.78
2019-09-25,804.4,808.4,3379.0,3353.0,0.2410975246048315,0.2404499007900931,0.007573123146279354,0.08551608130874998,0.27
2019-09-24,816.0,813.6,3445.0,3433.0,0.23699388290125256,0.24059653763237587,0.00768981795045617,-0.4684967517221389,-1.52
2019-09-20,816.2,811.2,3421.0,3444.0,0.23554006968641117,0.24078244894433737,0.0077686172999879375,-0.6748149709903125,-2.23
2019-09-19,809.7,809.1,3415.0,3424.0,0.23630257009345795,0.24100358193393012,0.007851845253842185,-0.5987142752427269,-1.99
2019-09-18,810.0,800.4,3487.0,3427.0,0.23355704697986576,0.24121163047730548,0.007930852860337772,-0.9651652391283572,-3.28
2019-09-17,815.3,810.0,3445.0,3517.0,0.23030992323002558,0.2414113031143594,0.007924135494454814,-1.4009578574347188,-4.82
2019-09-13,815.0,822.7,3494.0,3478.0,0.23654399079930996,0.24162652859230713,0.007838440675414225,-0.6484118466238922,-2.15
2019-09-12,820.0,814.9,3450.0,3480.0,0.23416666666666666,0.24172238040448074,0.007819634996504912,-0.9662489030742745,-3.23
2019-09-11,806.2,815.3,3390.0,3435.0,0.23735080058224162,0.2418544495994242,0.007774423809140768,-0.5792903921558056,-1.9
2019-09-10,787.3,804.1,3324.0,3334.0,0.24118176364727056,0.24200898031668122,0.007798516672352434,-0.10607359119245512,-0.34
2019-09-09,778.8,787.3,3199.0,3292.0,0.23915552855407046,0.2421563519596711,0.007885442753280035,-0.3805523037184469,-1.25
2019-09-06,760.0,778.8,3266.0,3220.0,0.24186335403726705,0.24229919390545457,0.007926714533525543,-0.05498367152546719,-0.18
2019-09-05,737.7,750.6,3224.0,3260.0,0.23024539877300615,0.2424211928840026,0.007989233806522845,-1.5240252577231463,-5.29
2019-09-04,736.0,737.7,3134.0,3185.0,0.23161695447409736,0.24273440879673436,0.007966195031193335,-1.3955789783082433,-4.8
2019-09-03,732.7,736.8,3057.0,3115.0,0.23653290529695023,0.24303952313006708,0.007972771533222917,-0.8161048897492498,-2.75
2019-09-02,729.4,735.0,3042.0,3059.0,0.2402745995423341,0.24328362302874165,0.008049709851469841,-0.37380521061366184,-1.25
2019-08-30,728.0,729.2,2943.0,2991.5,0.2437573123850911,0.24352444547732172,0.008224366924812859,0.028314265389452385,0.1
2019-08-29,716.5,720.7,2910.0,2900.0,0.24851724137931036,0.24368227176182117,0.008340083478087457,0.57972676534863,1.95
2019-08-28,712.0,716.8,2924.0,2915.0,0.24590051457975984,0.24376756595278096,0.008421409584623887,0.25327691350784026,0.87
2019-08-27,709.9,712.0,2963.0,2913.5,0.24437961215033466,0.24378773305491758,0.0084283015410138,0.07022519217387732,0.24
2019-08-26,702.4,702.4,2911.5,2967.5,0.23669755686604885,0.24382450917359128,0.008436817209879027,-0.8447441885071515,-3.01
2019-08-23,714.0,711.0,2991.5,3013.0,0.23597743113176237,0.24379515345870853,0.008465346318047597,-0.9234970470468835,-3.31
2019-08-22,722.0,719.2,2990.0,2993.5,0.2402538834140638,0.24376499945552904,0.008497108041060894,-0.41321306313846207,-1.46
2019-08-21,721.5,716.9,3043.0,3002.0,0.23880746169220518,0.24363204524973084,0.008628010494493875,-0.5591768300009087,-2.02
2019-08-20,727.0,728.9,3093.0,3076.0,0.23696358907672302,0.24347218644268984,0.008824745178360845,-0.7375394115545167,-2.75
2019-08-19,726.4,730.0,3080.0,3084.0,0.23670557717250323,0.2433502601681847,0.008975708926645471,-0.7402961760442037,-2.81
2019-08-16,706.1,719.9,3032.0,3064.0,0.23495430809399476,0.24312298929609166,0.009349111625316419,-0.8737387603734422,-3.48
2019-08-15,705.0,717.5,3001.0,3081.0,0.23287893541058097,0.24291977006577162,0.009684111239973765,-1.0368359477062195,-4.31
2019-08-14,713.6,728.1,3060.0,3102.0,0.23471953578336557,0.2427434138858377,0.009981234801232005,-0.8038963377038002,-3.42
2019-08-13,716.1,705.0,2988.0,3027.0,0.23290386521308226,0.24255450973056522,0.010261442866298041,-0.9404763680143711,-4.14
2019-08-09,730.0,726.1,2991.5,3032.0,0.2394788918205805,0.24238002254534569,0.01053176266589553,-0.2754648786531981,-1.21
2019-08-08,725.0,725.4,2904.5,2873.5,0.25244475378458325,0.24217823019990098,0.010728567842347849,0.9569332771666138,4.07
2019-08-07,728.2,724.0,2864.5,2879.0,0.2514762070163251,0.2417839391917971,0.010886257925076978,0.8903213474486432,3.85
2019-08-06,710.9,733.8,2790.5,2898.0,0.25320910973084887,0.24142823567354033,0.010999014208363222,1.0710845384989889,4.65
2019-08-05,740.4,733.9,2925.0,2890.5,0.25390070921985813,0.24108991489774756,0.01102166025411997,1.1623289075093577,5.05
2019-08-02,762.5,749.3,2975.0,2957.5,0.2533558748943364,0.24076483846821461,0.010998542944164294,1.1447913137260122,4.97
2019-08-01,771.0,788.5,3056.0,3097.0,0.254601226993865,0.24043605524462583,0.010985799288445584,1.2894074775367073,5.56
2019-07-31,747.1,776.6,3101.0,3115.0,0.24930979133226325,0.24008866824216005,0.010944237976256203,0.8425550604901553,3.7
2019-07-30,726.0,747.5,3113.0,3131.0,0.23874161609709357,0.2398381625147586,0.010945327195965802,-0.10018397787771749,-0.46
2019-07-29,735.0,726.9,3124.0,3097.0,0.23471101065547303,0.23971315666935292,0.01101048114267561,-0.45430766821733387,-2.13
2019-07-26,744.0,736.9,3163.0,3111.0,0.2368691738990678,0.23960431894142417,0.01109937464826661,-0.24642334627235155,-1.15
2019-07-25,751.9,745.8,3259.0,3223.0,0.23139931740614333,0.23949395008542576,0.011166972834430943,-0.7248726041783122,-3.5
2019-07-24,749.3,746.1,3279.0,3260.0,0.22886503067484662,0.2395594010471423,0.011133673365001703,-0.960542852452726,-4.67
2019-07-23,730.1,742.5,3276.0,3269.0,0.22713368002447232,0.23973111802641947,0.011066521133548628,-1.1383376808234238,-5.55
2019-07-22,745.9,741.4,3291.0,3268.0,0.22686658506731947,0.23988065061080263,0.010970646043776715,-1.1862624581590266,-5.74
2019-07-19,728.8,743.6,3169.0,3269.0,0.22747017436524933,0.24011332449050787,0.010876817379837627,-1.1623942632975683,-5.56
2019-07-18,747.7,731.1,3141.0,3139.0,0.23290856960815548,0.24035944918062374,0.010796494726033319,-0.690120243795622,-3.2
2019-07-17,743.1,752.4,3089.0,3171.0,0.23727530747398295,0.24061002995464265,0.010838667705362596,-0.30766903934233414,-1.41
2019-07-16,755.1,748.8,3104.0,3105.0,0.24115942028985507,0.24083268936708208,0.010938940385751647,0.029868608041650237,0.14
2019-07-12,753.0,755.1,3110.0,3094.0,0.24405300581771172,0.24091301632962442,0.010963137621851355,0.2864133970031336,1.29
2019-07-11,740.6,752.0,3110.0,3088.0,0.24352331606217617,0.2409982273488818,0.011011939785639059,0.22930462411240268,1.04
2019-07-10,750.0,743.4,3140.0,3135.0,0.2371291866028708,0.2411238477031208,0.011093465551908238,-0.36009136022988536,-1.68
2019-07-09,766.0,753.0,3138.0,3157.0,0.23851757998099463,0.24136120969281866,0.011195437882676766,-0.2539989718690784,-1.19
2019-07-08,769.8,765.2,3153.0,3137.0,0.24392731909467646,0.241592999215011,0.011313502311519032,0.20633043732962567,0.96
2019-07-05,768.1,770.2,3141.0,3144.0,0.24497455470737914,0.24165639723431714,0.011339697787921224,0.2926142773043226,1.35
2019-07-04,769.6,765.8,3153.0,3157.0,0.2425720620842572,0.24180808561239892,0.011458537895880907,0.06667311997396343,0.31
2019-07-03,771.6,762.4,3183.0,3142.0,0.24264799490770209,0.2419860178040223,0.011572069509110645,0.05720472929743665,0.27
2019-07-02,779.8,777.1,3214.0,3235.0,0.24021638330757342,0.24216766604125836,0.0116873862238898,-0.16695629769609155,-0.81
2019-07-01,770.4,777.9,3263.0,3244.0,0.23979654747225645,0.24238291614356347,0.011797609165182566,-0.2192282042144589,-1.08
2019-06-28,754.3,752.6,3200.0,3219.0,0.23379931655793726,0.24255803117144795,0.011855251501834167,-0.7388046227577371,-3.75
2019-06-27,742.0,754.0,3209.0,3206.0,0.23518402994385526,0.24277949648285688,0.0118447015445957,-0.6412543625860415,-3.23
2019-06-26,739.2,737.7,3169.0,3157.0,0.23367120684193857,0.24294592762430606,0.011824485628861812,-0.7843656860412833,-3.97
2019-06-25,749.9,741.2,3150.0,3136.0,0.23635204081632655,0.24315780221505864,0.011798738380446842,-0.5768211125022291,-2.88
2019-06-24,750.4,752.0,3150.0,3120.0,0.24102564102564103,0.24332992885032814,0.011792360347459226,-0.19540514000520623,-0.96
2019-06-21,740.0,746.6,3164.0,3175.0,0.2351496062992126,0.24347368827717578,0.011829056494841455,-0.7036978800120891,-3.54
2019-06-20,742.6,741.6,3081.0,3115.0,0.23807383627608347,0.24370544112680254,0.011833968585612377,-0.47588472201674703,-2.37
2019-06-19,738.9,744.9,2957.0,3081.0,0.24177215189873416,0.2438876678652427,0.011851060785768865,-0.17850857444330484,-0.88
2019-06-18,729.7,724.1,2890.0,2910.0,0.24883161512027493,0.2439529280621485,0.011852707786625748,0.41160949429896604,1.96
2019-06-17,739.0,731.7,2897.0,2900.0,0.25231034482758624,0.24399187338690875,0.011873454620060406,0.7005940315486016,3.3
2019-06-14,735.0,739.1,2936.0,2947.0,0.25079742110620973,0.24399196851656293,0.01187352129534163,0.5731621159694887,2.71
2019-06-13,747.3,738.8,2909.0,2917.0,0.25327391155296536,0.2441216651962128,0.01199960699708194,0.76271217540526,3.61
2019-06-12,748.1,749.4,2918.5,2932.5,0.25554987212276215,0.24430827690862453,0.012246769848576271,0.9179232853342542,4.4
2019-06-11,742.8,752.3,2901.0,2943.5,0.2555800917275352,0.24450775472568073,0.012546427102322944,0.8825091726555727,4.33
2019-06-10,738.6,742.6,2923.5,2910.0,0.25518900343642614,0.24482036110458197,0.013098354199965462,0.7915988660523102,4.06
2019-06-07,723.0,727.7,2865.0,2882.0,0.25249826509368495,0.245057438635329,0.013440329345053924,0.5536193546547422,2.95
2019-06-06,722.5,724.9,2871.5,2875.5,0.25209528777603896,0.24533921521645638,0.013809822926729675,0.4892222438642443,2.68
2019-06-05,729.1,729.6,2897.0,2907.5,0.2509372312983663,0.24564568282815397,0.014205720731123183,0.37249419233049846,2.11
2019-06-04,709.2,717.8,2835.0,2847.0,0.2521250439058658,0.24581644807144448,0.01434460259016786,0.43978881915804363,2.5
2019-06-03,703.0,703.7,2785.0,2793.5,0.2519062108466082,0.2460096364624109,0.014524700625237662,0.4059687381061472,2.34
2019-05-31,714.6,711.3,2872.0,2862.0,0.24853249475890984,0.24637579404765314,0.015006877124947417,0.1437141580689967,0.87
2019-05-30,703.8,718.9,2876.0,2917.0,0.24645183407610557,0.24693478506455147,0.01583478337416507,-0.030499374512052986,-0.2
2019-05-29,707.7,711.7,2931.5,2920.0,0.2437328767123288,0.24763041981259198,0.016907915883598114,-0.230515879490747,-1.6
2019-05-28,712.2,713.3,2892.0,2922.5,0.24407185628742514,0.24835216915869296,0.017854964517886696,-0.23972676433940243,-1.75
2019-05-27,718.5,716.7,2874.5,2879.0,0.24894060437651963,0.24906513964628918,0.01871663634905501,-0.006653720649748943,-0.05
2019-05-24,710.0,722.4,2805.5,2864.0,0.2522346368715084,0.24981398119829673,0.019789453591101076,0.1223204906627724,0.96
2019-05-23,719.2,713.5,2847.0,2855.5,0.2498686744878305,0.2505135513803585,0.020765952783992292,-0.031054529461567698,-0.26
2019-05-22,728.4,718.4,2852.0,2862.0,0.25101327742837176,0.2512296193270781,0.021638969203776455,-0.009997791330493883,-0.09
2019-05-21,714.0,721.5,2830.0,2843.5,0.2537365922278882,0.25191238618484035,0.022415311488300907,0.08138214113151786,0.72
2019-05-20,717.4,721.0,2885.0,2833.0,0.25450052947405577,0.25255163334501135,0.023130446583127993,0.08425674454837374,0.77
2019-05-17,725.6,730.5,2855.0,2866.5,0.2548403976975406,0.2530958064189492,0.02364427697086792,0.07378492819809623,0.68
2019-05-16,726.0,729.8,2872.0,2825.0,0.2583362831858407,0.2535277933673155,0.02396598540314255,0.2006381017779744,1.86
2019-05-15,731.5,733.3,2865.0,2869.0,0.2555942837225514,0.25389396047907825,0.024244827823223174,0.0701313804276416,0.67
2019-05-14,700.0,728.8,2840.0,2859.0,0.25491430570129414,0.2542545933427164,0.024467574658543382,0.026962719753974664,0.26
2019-05-13,715.0,714.9,2964.5,2889.5,0.2474130472400069,0.25468738795636175,0.024760740633602323,-0.2937852636961508,-2.94
2019-05-10,732.8,736.1,2933.0,2978.5,0.24713782105086454,0.2552969442730599,0.025134068411149773,-0.32462405563342267,-3.3
2019-05-09,750.1,739.6,3226.0,3154.0,0.23449587824984147,0.25583981598025657,0.025390376083976325,-0.8406310193997124,-9.1
2019-05-08,767.6,753.5,3250.0,3224.0,0.23371588089330025,0.2565297620044635,0.025503818457974458,-0.8945280546423373,-9.76
2019-05-07,780.1,774.9,3446.0,3365.0,0.23028231797919763,0.2571886189028219,0.02554418580747003,-1.053323880683483,-11.68
2019-04-26,782.6,789.1,3452.0,3479.0,0.22681805116412762,0.2578403204681612,0.02547282034929354,-1.2178576568532167,-13.68
2019-04-25,788.0,796.0,3555.0,3494.0,0.227819118488838,0.2586161019564639,0.025402116131276492,-1.2123786580798648,-13.52
2019-04-24,801.0,788.8,3615.0,3591.0,0.21966026176552492,0.25936084491585804,0.0253069030962432,-1.5687649729147086,-18.07
2019-04-23,793.2,795.8,3619.0,3622.0,0.21971286581998895,0.2602803027533644,0.025099663754058373,-1.6162541988960344,-18.46
2019-04-22,798.9,795.8,3630.0,3623.0,0.2196522219155396,0.2611171535444103,0.024777388107487842,-1.6734988954037409,-18.88
2019-04-19,804.1,799.5,3660.0,3625.0,0.22055172413793103,0.2620761692392379,0.0245447864649807,-1.6917826993749525,-18.83
2019-04-18,808.4,794.2,3630.0,3613.0,0.2198173263216164,0.2629029630396191,0.02417369947279997,-1.7823352510228003,-19.6
2019-04-17,810.5,812.8,3620.0,3623.0,0.22434446591222743,0.26361266159026164,0.023674540096118486,-1.658667729916002,-17.5
2019-04-16,804.0,806.8,3578.0,3620.0,0.22287292817679558,0.26420352520135654,0.023236058587366003,-1.778726666106505,-18.54
2019-04-15,807.6,808.6,3614.0,3597.0,0.224798443147067,0.26470309778360324,0.022739558859349186,-1.7548561466543027,-17.75
2019-04-12,798.0,795.6,3511.0,3492.0,0.22783505154639175,0.26515413384184283,0.022274306762816356,-1.6754318189488953,-16.38
2019-04-11,799.2,798.5,3485.0,3479.0,0.22951997700488647,0.2655984477477833,0.021853847853440578,-1.6508978640673013,-15.72
2019-04-10,802.0,805.7,3504.0,3523.0,0.22869713312517742,0.26603589258205856,0.021451957380057226,-1.7405758735840606,-16.33
2019-04-09,811.0,808.6,3533.0,3538.0,0.2285472018089316,0.26649043485186025,0.02101264924844727,-1.8057329465837093,-16.6
2019-04-08,825.2,817.2,3607.0,3545.0,0.23052186177715092,0.26691306249186325,0.020559113682336396,-1.770076340692559,-15.79
2019-04-05,815.0,828.7,3583.0,3613.0,0.22936617769166898,0.26738067424412454,0.02012024216305925,-1.8893657563550676,-16.57
2019-04-04,813.6,815.8,3600.0,3601.0,0.22654818106081642,0.26787957854156896,0.019629364741691604,-2.105590171900322,-18.24
2019-04-03,809.8,813.1,3466.0,3557.0,0.2285915096991847,0.2684719349630339,0.019034487026826724,-2.0951667994857295,-17.45
2019-04-02,815.0,812.9,3421.0,3440.0,0.23630813953488372,0.26908302171536386,0.01847172154020855,-1.7743274285039974,-13.87
2019-04-01,791.7,809.6,3340.0,3349.0,0.24174380412063304,0.2696015263375997,0.01808621911992919,-1.540273399998249,-11.52
2019-03-29,790.5,779.4,3268.0,3270.0,0.238348623853211,0.27005160280115365,0.017805201620966802,-1.780545911404355,-13.3
2019-03-28,804.0,788.9,3226.0,3229.0,0.24431712604521522,0.27063402184486085,0.017469918464125878,-1.506412056455034,-10.77
2019-03-27,810.0,809.6,3287.0,3292.0,0.24592952612393681,0.2710398943889617,0.017205395865053225,-1.459447283978386,-10.21
2019-03-26,812.4,828.1,3203.0,3290.0,0.25170212765957445,0.271507077106704,0.01699160392323479,-1.1655726873463508,-7.87
2019-03-25,812.5,805.1,3234.0,3170.0,0.2539747634069401,0.27193355177557677,0.016890267995657886,-1.0632624877979133,-7.07
2019-03-22,820.0,825.1,3277.0,3338.0,0.24718394248052727,0.27241030026472146,0.01688125876653284,-1.494341040148353,-10.21
2019-03-20,815.3,818.2,3220.0,3267.0,0.2504438322620141,0.2729888143027533,0.016749791095780776,-1.3459858640516535,-9.0
2019-03-19,815.0,811.7,3200.0,3209.0,0.25294484263010286,0.2735327657177004,0.01667105588992976,-1.2349501569383974,-8.14
2019-03-18,820.9,816.8,3220.0,3204.0,0.2549313358302122,0.2740771785071904,0.016656528999943992,-1.1494497249122277,-7.51
2019-03-15,806.0,813.0,3212.0,3177.0,0.2559017941454202,0.27458372857395136,0.016644253733453126,-1.1224254765464508,-7.3
2019-03-14,809.4,802.0,3272.0,3225.0,0.24868217054263567,0.2750140753960225,0.01657276201417216,-1.5888664080778556,-10.59
2019-03-13,827.7,823.4,3222.0,3212.0,0.25635118306351184,0.2756025325314034,0.016410085295130758,-1.1731413409291567,-7.51
2019-03-12,823.7,826.1,3229.0,3228.0,0.2559169764560099,0.275965917351912,0.01628100715886523,-1.2314312437965589,-7.83
2019-03-11,806.0,815.2,3127.0,3181.0,0.2562716127004087,0.27629897780221374,0.016122187849184167,-1.2422237781343353,-7.81
2019-03-08,807.4,800.1,3200.0,3121.0,0.256360140980455,0.2765989288673247,0.015955196944105885,-1.2684762186120313,-7.89
2019-03-07,820.0,811.4,3240.0,3208.0,0.252930174563591,0.27683251710513856,0.015784515207245674,-1.5142905707091652,-9.45
2019-03-06,817.9,826.1,3321.0,3299.0,0.2504092149136102,0.27715121476781146,0.01553807342437499,-1.721062780682346,-10.68
2019-03-05,822.0,822.5,3308.0,3321.0,0.24766636555254443,0.27737468222946593,0.015270074733355335,-1.9455252967444787,-12.0
2019-03-04,820.0,825.8,3281.0,3309.0,0.2495618011483832,0.277408116506266,0.015207608331364818,-1.8310778888519499,-11.16
2019-03-01,818.5,810.1,3241.0,3250.0,0.24926153846153848,0.2774018249677565,0.015219220501288632,-1.8489965700828994,-11.29
2019-02-28,830.6,821.9,3283.0,3264.0,0.25180759803921565,0.277401656815451,0.015219531479888441,-1.6816587823387408,-10.16
2019-02-27,830.0,833.1,3325.0,3299.0,0.25253107002121855,0.27732996221458917,0.015352016763043498,-1.6153507761317933,-9.82
2019-02-26,825.1,831.5,3345.0,3303.0,0.25174084165909777,0.2773062720855706,0.015391586242089545,-1.6610003689263753,-10.16
2019-02-25,832.7,825.1,3400.0,3345.0,0.24666666666666667,0.27733941207565566,0.015339091302542844,-1.9996455333637786,-12.43
2019-02-22,824.0,826.0,3253.0,3281.0,0.2517525144772935,0.27735052318676673,0.015317155128337978,-1.671198632839777,-10.17
2019-02-21,836.3,832.9,3244.0,3301.0,0.252317479551651,0.27725241284594365,0.015503238281971428,-1.6083693510206343,-9.88
2019-02-20,830.0,834.2,3184.0,3202.0,0.26052467207995006,0.2771493945150494,0.015693095714564467,-1.0593653882879357,-6.38
2019-02-19,821.0,827.2,3053.0,3095.0,0.26726978998384493,0.2769701460070766,0.01595652808519327,-0.6079239776623478,-3.63
2019-02-18,822.5,821.0,2987.0,3035.0,0.27051070840197694,0.27677166531309294,0.01616714738844658,-0.3872641697811344,-2.31
2019-02-15,814.9,807.5,2941.0,2894.0,0.27902557014512785,0.276483101187655,0.016466692279353438,0.15440070867545677,0.91
2019-02-14,826.0,818.5,3022.0,2998.5,0.2729698182424546,0.276033559301573,0.01684697501586994,-0.1818570429547337,-1.12
2019-02-13,825.0,819.8,2956.0,2996.0,0.27363150867823766,0.2756986346222032,0.017151493468270086,-0.12052162966389258,-0.76
2019-02-12,799.7,813.0,2853.0,2955.5,0.27508035865335817,0.27537204739059035,0.017418860592474654,-0.016745569303091647,-0.11
2019-02-08,831.5,797.3,3139.0,3023.0,0.2637446245451538,0.2750298536193439,0.017671487746707154,-0.6386122796193523,-4.28
2019-02-07,880.0,846.5,3199.0,3175.0,0.26661417322834646,0.2749270001579149,0.017759103656538724,-0.4680882036806918,-3.12
2019-02-06,926.3,901.8,3222.0,3228.0,0.2793680297397769,0.27474919657351304,0.017907576832592396,0.2579261956792193,1.65
2019-02-05,934.0,928.3,3166.0,3196.0,0.29045682102628284,0.2744753548768743,0.017991688529158324,0.8882693874734489,5.5
2019-02-04,925.3,933.5,3090.0,3126.0,0.2986244401791427,0.2740817694809719,0.017960623961695274,1.3664709394569523,8.22
2019-02-01,916.7,920.4,3130.0,3090.0,0.2978640776699029,0.27368049921312176,0.017742684246344315,1.3630168987403308,8.12
2019-01-31,938.5,933.1,3117.0,3136.0,0.2975446428571429,0.27325301962830023,0.017539941361691215,1.3849318380218596,8.16
2019-01-30,926.0,926.6,3073.0,3037.0,0.30510372077708264,0.27293893891302656,0.01731156658584439,1.8579937121552659,10.54
2019-01-29,921.9,926.6,3042.0,3041.0,0.3047024005261427,0.27249226749962363,0.0169032628955742,1.9055571238232774,10.57
2019-01-28,938.0,925.9,3119.0,3050.0,0.3035737704918033,0.2720693870828603,0.01648367338397739,1.9112477343530805,10.38
2019-01-25,927.1,939.0,3089.0,3107.0,0.30222079176054073,0.2717423138787327,0.016094076492980367,1.893769915602277,10.08
2019-01-24,922.5,933.7,3096.0,3095.0,0.30168012924071086,0.27142896513029263,0.01572209854910212,1.9241174462772879,10.03
2019-01-23,909.4,913.7,3105.0,3094.0,0.2953135100193924,0.2711431087684363,0.01536021591547624,1.5735717117493853,8.18
2019-01-22,912.4,909.4,3237.0,3166.0,0.2872394188250158,0.2708433273637288,0.015102809579557046,1.0856318736535309,5.71
2019-01-21,913.0,917.7,3222.0,3211.0,0.28579881656804734,0.27054387100627747,0.014997030162229485,1.0171977649408186,5.34
2019-01-18,895.1,892.3,3079.0,3157.0,0.282641748495407,0.27014242348337447,0.014986281789722302,0.8340511133725427,4.42
2019-01-17,890.9,883.1,3083.0,3073.0,0.287373901724699,0.2697992902868595,0.01499078263768736,1.172361167698897,6.12
2019-01-16,884.0,883.2,3082.0,3013.0,0.2931297709923664,0.26931417291732884,0.01500290443054934,1.5873991722925052,8.12
2019-01-15,873.6,886.3,3037.0,3079.0,0.2878531990906138,0.26882132924243235,0.014818455699073496,1.284335576842288,6.61
2019-01-11,860.5,875.9,3062.0,3060.0,0.28624183006535947,0.26854201171555414,0.014653604077170233,1.207881573474541,6.18
2019-01-10,853.0,859.3,3043.0,3035.0,0.2831301482701812,0.2683080502468725,0.014508499962114278,1.0216147818184724,5.24
2019-01-09,865.8,864.0,3076.0,3095.0,0.27915993537964456,0.2681259259723338,0.014406670956651962,0.765895843703992,3.95
2019-01-08,848.4,857.0,3019.0,3007.0,0.2850016627868307,0.2679436197466043,0.014352298152886814,1.188523458648701,5.99
2019-01-07,849.9,844.5,2975.5,2977.0,0.2836748404433994,0.26770065844731467,0.014215055678647897,1.123750926989276,5.63
2019-01-04,812.0,821.7,2874.0,2847.0,0.2886195995785037,0.26752218649225395,0.014096914081861403,1.4965979762475765,7.31
2018-12-28,825.4,832.6,2863.5,2947.5,0.2824766751484309,0.2673254359833377,0.0139027238177438,1.0898036502570771,5.36
2018-12-27,831.8,839.6,2902.5,2879.5,0.29157839902760896,0.267182699362311,0.013801018555438287,1.7676738544551016,8.37
2018-12-26,775.0,789.9,2820.0,2795.5,0.2825612591665176,0.266916122844641,0.013517401258561572,1.1574071097406657,5.54
2018-12-25,780.0,766.3,2815.0,2806.5,0.27304471761981114,0.26679679275813173,0.013417898545968763,0.4656410868121014,2.29
2018-12-21,796.3,795.5,3018.0,2961.0,0.2686592367443431,0.26678237170704155,0.013411755576340901,0.13994178663772047,0.7
2018-12-20,808.8,794.3,3142.0,3051.0,0.2603408718452966,0.2668668217679066,0.013443211837894658,-0.48544574029654275,-2.51
2018-12-19,820.0,817.0,3166.0,3159.0,0.25862614751503643,0.26709477448870655,0.013475531500214463,-0.6284447462079953,-3.27
2018-12-18,830.6,825.0,3110.0,3159.0,0.2611585944919278,0.26732760909264186,0.013478058276514887,-0.45770796313170614,-2.36
2018-12-17,835.0,840.5,3221.0,3204.0,0.2623283395755306,0.2675548635242727,0.013515764194710223,-0.3866983674358325,-1.99
2018-12-14,848.0,844.6,3236.0,3214.0,0.2627878033602987,0.26777606125272474,0.013564084764997594,-0.3677548451553711,-1.9
2018-12-13,859.0,852.3,3250.0,3275.0,0.2602442748091603,0.2679625608280823,0.013590351516191526,-0.5679239429330756,-2.97
2018-12-12,841.3,849.1,3159.0,3197.0,0.26559274319674697,0.26816854736958173,0.013588884499384255,-0.18955228981094638,-0.97
2018-12-11,852.6,833.7,3147.0,3125.0,0.266784,0.2682797452505539,0.013601468365297518,-0.1099693952433926,-0.56
2018-12-10,850.0,853.3,3093.0,3149.0,0.27097491267068907,0.2683446490600777,0.01360578949913694,0.19331944028519676,0.97
2018-12-07,884.5,868.0,3193.0,3163.0,0.274423016123933,0.26830132504407306,0.013602518021901126,0.45004101961148163,2.23
2018-12-06,887.5,877.6,3253.0,3189.0,0.27519598620257135,0.2681359571632487,0.01360248058402903,0.5190251142583518,2.57
2018-12-05,902.1,896.2,3220.0,3253.0,0.2754995388871811,0.26789919461024014,0.013632041612358904,0.55753529024225,2.76
2018-12-04,933.0,919.7,3368.0,3261.0,0.2820300521312481,0.26771366561537113,0.013622024248976801,1.0509735010163648,5.08
2018-12-03,945.0,935.0,3349.0,3403.0,0.27475756685277697,0.2673406619843766,0.01360790809712582,0.5450437213025349,2.7
2018-11-30,927.0,928.6,3273.0,3305.0,0.28096822995461423,0.26705900764382245,0.013669949315173745,1.0175035759168791,4.95
2018-11-29,942.0,933.9,3286.0,3292.0,0.2836877278250304,0.2666754812136367,0.013677837994235732,1.2437818475816982,6.0
2018-11-28,931.0,936.7,3217.0,3233.0,0.28973090009279306,0.26628563208181544,0.01360387910215495,1.7234251962194909,8.09
2018-11-27,935.0,933.9,3224.0,3214.0,0.29057249533291846,0.2658724972681052,0.013353792025488469,1.849661730366043,8.5
2018-11-26,929.2,927.6,3121.0,3185.0,0.29124018838304555,0.2653526330524567,0.013139315911405257,1.9702361603253478,8.89
2018-11-22,935.6,925.1,3164.0,3149.0,0.2937758018418546,0.26483537899864645,0.012870880572101168,2.2485192587319314,9.85
2018-11-21,909.3,927.1,3077.0,3165.0,0.2929225908372828,0.26424315248309854,0.012543332146068361,2.2864289983083683,9.79
2018-11-20,912.5,914.1,3120.0,3172.0,0.28817780580075664,0.26367708180152977,0.012189268563683964,2.0100241348544063,8.5
2018-11-19,922.1,925.3,3205.0,3160.0,0.2928164556962025,0.263149044390853,0.011972326838196087,2.477998780546121,10.13
2018-11-16,937.4,922.0,3305.0,3251.0,0.283605044601661,0.26252316882759974,0.01162702415619439,1.8131789777722056,7.43
2018-11-15,927.5,933.7,3350.0,3324.0,0.2808965102286402,0.2619786300012796,0.011583201561608497,1.6332168724458942,6.73
2018-11-14,918.9,932.2,3348.0,3344.0,0.27876794258373205,0.261482871693516,0.01155857309618698,1.4954329350495865,6.2
2018-11-13,916.1,916.4,3327.0,3346.0,0.27387925881649733,0.26102216819967056,0.011549041406228682,1.113260413967572,4.69
2018-11-12,930.0,940.4,3453.0,3397.0,0.2768324992640565,0.2605688107618558,0.011701798220718684,1.3898452353592083,5.87
2018-11-09,933.0,939.1,3569.0,3515.0,0.2671692745376956,0.2600595960780922,0.011813417522941148,0.6018307950088727,2.66
2018-11-08,950.0,934.9,3803.0,3737.0,0.2501739363125502,0.25974876522303875,0.011928394251338594,-0.8026921904776977,-3.83
2018-11-07,933.0,930.6,3740.0,3736.0,0.2490899357601713,0.25974923255774984,0.011928019796986013,-0.893635069273774,-4.28
2018-11-06,917.0,929.2,3694.0,3728.0,0.2492489270386266,0.2597582270301888,0.011920230426225456,-0.8816356409051369,-4.22
2018-11-05,919.0,911.3,3695.0,3698.0,0.24643050297458083,0.2596915721309584,0.011992566817488072,-1.1057740480578109,-5.38
2018-11-02,919.9,930.8,3595.0,3712.0,0.2507543103448276,0.25962508162856807,0.012079415640005023,-0.7343708957544229,-3.54
2018-11-01,883.0,905.3,3553.0,3561.0,0.2542263409154732,0.25948969822577034,0.012233990104352405,-0.4302240941346385,-2.07
2018-10-31,872.0,881.1,3564.0,3560.0,0.2475,0.2591816716598783,0.012646508160751335,-0.9237072804122012,-4.72
2018-10-30,844.9,865.4,3445.0,3541.0,0.24439423891556056,0.25891911367445747,0.013083184493734282,-1.1101941401080964,-5.94
2018-10-29,859.3,852.4,3495.0,3485.0,0.24459110473457676,0.25870077049540807,0.013455124979031627,-1.0486462060233341,-5.77
2018-10-26,873.2,850.7,3440.0,3443.0,0.24708103398199247,0.25846652241632373,0.013845983259862735,-0.8222954065917408,-4.61
2018-10-25,869.5,862.9,3443.0,3419.0,0.25238373793506874,0.25823052787388345,0.014184723898617033,-0.4121891959691056,-2.32
2018-10-24,912.0,890.7,3627.0,3579.0,0.24886839899413246,0.25796168518362794,0.01448097298418506,-0.6279471827912688,-3.65
2018-10-23,916.8,894.4,3718.0,3646.0,0.24530992868897422,0.2577508664612882,0.0147248614259815,-0.8448933685964867,-5.07
2018-10-22,915.0,928.2,3673.0,3745.0,0.24785046728971963,0.25750713932706615,0.015075866410116183,-0.640538445662182,-3.9
2018-10-19,920.9,924.3,3686.0,3710.0,0.24913746630727762,0.25726091824661557,0.015379315237511909,-0.5282063481944838,-3.26
2018-10-18,958.3,939.3,3808.0,3766.0,0.24941582580987784,0.25688592894916906,0.015906646669322382,-0.4696214918571173,-3.0
2018-10-17,976.2,970.1,3863.0,3789.0,0.25603061493797835,0.256478113093318,0.016474874215657555,-0.027162462637461502,-0.17
2018-10-16,962.0,961.7,3703.0,3797.0,0.2532789043982091,0.2559400831357642,0.01712671178759835,-0.15538176683057775,-1.05
2018-10-15,965.7,955.6,3706.0,3692.0,0.2588299024918743,0.2554220360047959,0.017774731449120777,0.19172534318356657,1.32
2018-10-12,972.0,979.3,3608.0,3753.0,0.26093791633359975,0.2548597024796196,0.01831689298052752,0.33183651072492715,2.33
2018-10-11,984.3,980.4,3720.0,3651.0,0.2685291700903862,0.25422526834584014,0.01890982838010638,0.7564268409539936,5.33
2018-10-10,1055.0,1026.0,3899.0,3860.0,0.26580310880829017,0.2534523911483909,0.019485235138231947,0.6338500701829323,4.65
2018-10-09,1061.0,1056.5,3909.0,3856.0,0.2739885892116183,0.25273937852348666,0.01999206321013679,1.06288232809095,7.76
2018-10-05,1086.0,1065.5,3980.0,3923.0,0.27160336477185826,0.25193480941704016,0.020332048631841734,0.9673671212853313,7.24
2018-10-04,1120.5,1101.5,4000.0,4035.0,0.27298636926889713,0.25115398421547375,0.020683174462068805,1.0555625826906858,8.0
2018-10-03,1106.0,1102.5,3981.0,3951.0,0.27904328018223234,0.25034347064372375,0.021000376271599588,1.3666331101562945,10.29
2018-10-02,1105.0,1101.5,3966.0,3952.0,0.2787196356275304,0.2494289673273388,0.021222890210898404,1.3801451173295052,10.51
2018-10-01,1093.5,1093.5,3946.0,3902.0,0.28024090210148644,0.2485744301344685,0.021316389004863517,1.4855457910715066,11.3
2018-09-28,1065.0,1087.5,4000.0,3986.0,0.27282990466633217,0.24772899395353817,0.021301100695173672,1.1783856182831562,9.2
2018-09-27,1041.0,1048.0,4000.0,3958.0,0.26478019201616976,0.24692318279527523,0.021478692768459283,0.8313824967558981,6.74
2018-09-26,1035.5,1033.5,4005.0,4042.0,0.2556902523503216,0.2462130762181463,0.021755185212171735,0.43562838191204867,3.71
2018-09-25,1017.0,1041.5,4060.0,4054.0,0.2569067587567834,0.24563926555337592,0.022063023736312946,0.5106957839537939,4.39
2018-09-21,1005.0,1014.0,3957.0,4040.0,0.250990099009901,0.2450899921386712,0.02228732919123814,0.2647292019875275,2.35
2018-09-20,1016.0,997.0,3832.0,3892.0,0.2561664953751285,0.24465995862549866,0.022479663875782735,0.511864270445154,4.49
2018-09-19,1020.0,1010.5,3814.0,3786.0,0.2669043845747491,0.2442170977483236,0.0225755842457107,1.0049479375372536,8.5
2018-09-18,993.0,1002.5,3665.0,3731.0,0.2686947199142321,0.24369169074024039,0.02249988381827257,1.1112514791603634,9.31
2018-09-14,976.2,993.0,3669.0,3685.0,0.2694708276797829,0.24325562075692195,0.022327343125686416,1.1741301584917097,9.73
2018-09-13,950.0,967.7,3586.0,3645.0,0.2654869684499314,0.24288879256644677,0.022118656229379422,1.0216794207176245,8.51
2018-09-12,953.3,945.2,3524.0,3543.0,0.26677956534010727,0.24255213553380367,0.021963749511087118,1.1030643831588862,9.08
2018-09-11,958.0,952.5,3497.0,3524.0,0.2702894438138479,0.2421759954554633,0.02178646594623896,1.290408845003054,10.4
2018-09-10,951.9,957.7,3468.0,3497.0,0.2738633114097798,0.24170622344209178,0.021553816855648743,1.4919440108010584,11.74
2018-09-07,961.3,951.2,3504.0,3500.0,0.2717714285714286,0.24115598326165733,0.021250490164507935,1.4406936062540558,11.27
2018-09-06,961.0,966.3,3528.0,3558.0,0.27158516020236084,0.24063229623307295,0.020971692081348192,1.475935458580224,11.4
2018-09-05,969.0,970.5,3531.0,3547.0,0.2736115026783197,0.24010962708955835,0.020680212751315406,1.6199966601712248,12.24
2018-09-04,986.9,973.9,3596.0,3581.0,0.271963138788048,0.23951860411737408,0.02034500544706975,1.5947174236489012,11.93
2018-09-03,991.2,980.9,3563.0,3567.0,0.27499299130922344,0.23894465527187875,0.02002631066182,1.8000487781341852,13.11
2018-08-31,996.5,996.0,3595.0,3590.0,0.27743732590529246,0.23833809651573845,0.019609891682831435,1.993852389495124,14.09
2018-08-30,1018.0,1008.0,3709.0,3651.0,0.27608874281018897,0.23769418200524542,0.01910175504688666,2.0100017360028586,13.91
2018-08-29,1014.5,1018.5,3597.0,3661.0,0.27820267686424477,0.2370386970917986,0.018610153412831343,2.2119097494416358,14.8
2018-08-28,1004.5,1005.5,3658.0,3605.0,0.27891816920943135,0.2362688805226235,0.018077999928038078,2.359181815277084,15.29
2018-08-27,985.0,993.9,3596.0,3591.0,0.2767752715121136,0.2353894146234173,0.017579333069527192,2.3542336176812313,14.95
2018-08-24,981.0,974.3,3524.0,3534.0,0.27569326542161854,0.23462489199048492,0.017000138881304083,2.415766936839475,14.9
2018-08-23,979.9,975.2,3577.0,3560.0,0.27393258426966294,0.2338958725173316,0.01638457106808376,2.4435617866323422,14.62
2018-08-22,954.5,973.6,3526.0,3584.0,0.2716517857142857,0.2331682711424618,0.01579140634475861,2.4369909640503384,14.17
2018-08-21,944.6,952.3,3599.0,3557.0,0.2677256114703402,0.23245255708437204,0.015237728798474874,2.3148498606628687,13.18
2018-08-20,954.8,949.3,3684.0,3623.0,0.2620204250621032,0.23176035707629433,0.01479232182118855,2.0456604684238484,11.55
2018-08-17,958.6,956.9,3680.0,3717.0,0.2574387947269303,0.23124141693683833,0.01439911710201915,1.8193738966410933,10.18
2018-08-16,927.0,954.0,3621.0,3647.0,0.2615848642720044,0.2307720199399696,0.014108342014786316,2.1840159743605057,11.78
2018-08-15,968.5,946.1,3763.0,3724.0,0.2540547798066595,0.23023441332055744,0.013685849669275002,1.7405106048752874,9.38
2018-08-14,953.4,963.3,3812.0,3798.0,0.25363349131121643,0.22986593848108916,0.013408777874126986,1.7725368451354646,9.37
2018-08-13,970.6,955.6,3784.0,3789.0,0.25220374769068354,0.22950873055768176,0.013124695148313275,1.729184325924587,9.0
2018-08-10,999.8,983.7,3859.0,3866.0,0.2544490429384377,0.22921805087864158,0.012857537406276669,1.9623502745929458,9.92
2018-08-09,992.5,998.5,3787.0,3859.0,0.2587457890645245,0.22869738111605326,0.01261362029658339,2.382219160078123,11.61
2018-08-08,994.4,993.5,3958.0,3949.0,0.25158267915928084,0.22813150117009395,0.012198037646850061,1.9225369414434266,9.32
2018-08-07,985.0,995.9,3946.0,3945.0,0.25244613434727503,0.22772003333279855,0.011917295803117558,2.0748080288489725,9.79
2018-08-06,999.6,991.7,4003.0,3977.0,0.24935881317576064,0.22744260554956247,0.011575751440723097,1.8932859554238268,8.79
2018-08-03,992.1,991.6,3965.0,3959.0,0.2504672897196262,0.22729901086212909,0.011367926705646786,2.0380390776084716,9.25
2018-08-02,1006.0,994.3,4003.0,4000.0,0.248575,0.22709785739509072,0.011086173344769513,1.9372908881171556,8.64
2018-08-01,990.0,1013.5,4081.0,4122.0,0.24587578845220767,0.22689323911672712,0.010826462344205572,1.753347375344652,7.72
2018-07-31,992.5,974.7,4054.0,4015.0,0.24276463262764633,0.22669170227235758,0.010609740151456167,1.5149221494442329,6.62
2018-07-30,986.0,990.7,4109.0,4065.0,0.24371463714637148,0.22647078381665503,0.0104439714437177,1.6510820067484047,7.08
2018-07-27,985.7,994.2,4092.0,4071.0,0.24421518054532057,0.22633216330430733,0.010281915861705172,1.739268972975965,7.32
2018-07-26,978.0,978.7,4115.0,4080.0,0.23987745098039218,0.22612046672883504,0.010072864008515687,1.3657470447259947,5.74
2018-07-25,963.0,969.6,4078.0,4063.0,0.23864139798178685,0.2259950077284292,0.009958688239240229,1.2698851444638124,5.3
2018-07-24,962.9,954.7,3852.0,3915.0,0.24385696040868457,0.22589181019443022,0.009866782604570148,1.820770856543769,7.37
2018-07-23,947.5,957.8,3785.0,3828.0,0.25020898641588296,0.2256191712530093,0.009646655758766274,2.5490507568416128,9.83
2018-07-20,966.8,954.6,3877.0,3822.0,0.24976452119309261,0.2252777275654529,0.009213744818920844,2.6576374871328086,9.8
2018-07-19,956.8,962.1,3901.0,3939.0,0.24424980959634426,0.22499878722302047,0.008774403414030279,2.1939978668568387,7.88
2018-07-18,968.5,956.6,4001.0,3962.0,0.2414437152953054,0.2248090873807835,0.00850583856469286,1.9556717174919194,6.89
2018-07-17,939.7,953.5,3986.0,3963.0,0.24060055513499873,0.22473434651403298,0.008383083875391132,1.8926458158842492,6.59
2018-07-13,915.0,931.2,4072.0,4029.0,0.23112434847356667,0.22459789234085428,0.008205116413927153,0.7954129842246411,2.82
2018-07-12,924.8,916.7,4080.0,4024.0,0.22780815109343938,0.22449907642015962,0.008170476069383249,0.4050039000395172,1.45
2018-07-11,942.4,936.7,4094.0,4108.0,0.22801850048685493,0.22446890240343834,0.008162374527453043,0.43487321875245993,1.56
2018-07-10,939.9,948.5,4190.0,4178.0,0.22702249880325515,0.2244474828907741,0.008155136263294324,0.31575387943804306,1.13
2018-07-09,919.3,934.5,4024.0,4074.0,0.22938144329896906,0.2244275709137854,0.008150646611340146,0.607788881227073,2.16
2018-07-06,898.1,918.2,3845.0,3954.0,0.23222053616590796,0.2244299767224941,0.008152134973573063,0.9556465231094278,3.35
2018-07-05,910.6,899.6,3969.0,3860.0,0.23305699481865286,0.2243904452800841,0.008121391685473755,1.0671261618953936,3.72
2018-07-04,910.0,911.3,4026.0,4014.0,0.22703039362232186,0.2243210677496388,0.00806911737354327,0.3357648361351502,1.19
2018-07-03,920.1,919.6,4106.0,4009.0,0.22938388625592418,0.22439198280921563,0.008115852461651899,0.6150806055550818,2.18
2018-07-02,923.8,916.1,4238.0,4145.0,0.22101326899879373,0.22447692019172513,0.008200544016492287,-0.4223684655512589,-1.57
2018-06-29,918.6,927.4,4219.0,4238.0,0.21882963662104765,0.22469031730041664,0.00831507618666824,-0.7048258546043816,-2.68
2018-06-28,901.4,909.3,4191.0,4216.0,0.21567836812144212,0.2248851619115512,0.008346616988835164,-1.103056939407251,-4.27
2018-06-27,914.0,899.3,4245.0,4194.0,0.21442536957558417,0.2251608000484579,0.008379306683146273,-1.2811836204141387,-5.01
2018-06-26,897.9,919.7,4150.0,4245.0,0.21665488810365136,0.22539843314279462,0.008324021590696869,-1.0503991302611786,-4.04
2018-06-25,915.3,904.2,4288.0,4238.0,0.21335535630014157,0.22556630787460052,0.008272796224872743,-1.4760367888363872,-5.72
2018-06-22,883.0,897.0,4214.0,4260.0,0.21056338028169014,0.22580709078478936,0.008176125903740061,-1.8644172903607303,-7.24
2018-06-21,900.9,906.0,4280.0,4267.0,0.2123271619404734,0.22603135667801794,0.0079833320245167,-1.7166008748551531,-6.45
2018-06-20,914.0,915.9,4320.0,4287.0,0.21364590622813157,0.22623102113396512,0.007823757746021062,-1.6085767625197729,-5.89
2018-06-19,939.8,924.6,4437.0,4340.0,0.2130414746543779,0.22636661520221182,0.007691475606734349,-1.7324556728967546,-6.25
2018-06-18,960.0,948.1,4513.0,4468.0,0.2121978513876455,0.22642484334089535,0.007606437992868427,-1.8703882114846229,-6.7
2018-06-15,983.2,970.2,4600.0,4610.0,0.21045553145336227,0.2265203206086417,0.007470995083657071,-2.150287742849868,-7.63
2018-06-14,991.0,981.5,4591.0,4573.0,0.21462934616225673,0.2266313284465828,0.007291160078071003,-1.6461005046951842,-5.59
2018-06-13,1000.0,998.3,4696.0,4604.0,0.21683318853171155,0.22664343560678693,0.007271949023870822,-1.3490533339648523,-4.52
2018-06-12,1008.5,1002.5,4730.0,4720.0,0.21239406779661016,0.2266087122239264,0.0073247358533631395,-1.9406357733418615,-6.69
2018-06-11,1000.0,1000.5,4694.0,4730.0,0.21152219873150105,0.22670906223630624,0.007179419550485525,-2.115333056943043,-7.18
2018-06-08,1008.0,998.2,4664.0,4694.0,0.2126544524925437,0.22671992327264395,0.007157017823457925,-1.9652697711607072,-6.61
2018-06-07,1003.0,1016.0,4671.0,4710.0,0.21571125265392782,0.22668227412348177,0.007237879666323662,-1.5157783736858481,-5.09
2018-06-06,985.0,991.1,4477.0,4531.0,0.21873758552195985,0.2266033359961151,0.0073878330187446516,-1.0646898020296356,-3.6
2018-06-05,1002.0,987.9,4417.0,4431.0,0.22295192958700066,0.22643023824742842,0.0077149474123222985,-0.4508531911536047,-1.56
2018-06-04,995.1,996.9,4278.0,4382.0,0.22749885896850752,0.2263000607003649,0.007853663303948495,0.15264192285145636,0.53
2018-06-01,985.0,986.2,4143.0,4179.0,0.23598947116535057,0.2262017530629651,0.00788412900814863,1.241445705958056,4.15
2018-05-31,1005.5,1008.0,4143.0,4166.0,0.24195871339414307,0.22607570459646012,0.007801779571326284,2.0358187068060007,6.56
2018-05-30,988.0,990.5,4102.0,4123.0,0.24023769100169778,0.22589653384467964,0.007586289141580062,1.8904047669914126,5.97
2018-05-29,1010.0,1007.0,4250.0,4221.0,0.23856905946458185,0.22571747692372862,0.0074019293594595175,1.7362476614869553,5.39
2018-05-28,1011.0,1018.5,4381.0,4333.0,0.23505654281098545,0.22561326405339044,0.007274174969434879,1.2981924131979807,4.02
2018-05-25,1026.0,1019.0,4353.0,4381.0,0.232595297877197,0.22558619330566296,0.00724269130436507,0.9677486278215033,3.01
2018-05-24,1046.5,1026.0,4478.0,4413.0,0.23249490142760026,0.22554708690367795,0.007212596245354801,0.9632889860425763,2.99
2018-05-23,1052.0,1045.5,4572.0,4499.0,0.23238497443876416,0.225528591017543,0.007196516369977437,0.9527364447921988,2.95
2018-05-22,1050.0,1051.5,4574.0,4586.0,0.22928477976450065,0.22552200670683245,0.007190463606658394,0.5233004801225696,1.64
2018-05-21,1058.0,1050.5,4644.0,4589.0,0.2289169753758989,0.22555632631643988,0.007214443881416445,0.4658223301335324,1.47
2018-05-18,1045.0,1058.0,4570.0,4610.0,0.22950108459869847,0.22559513559522618,0.007240200625637668,0.5394807693092466,1.7
2018-05-17,1021.0,1041.0,4475.0,4543.0,0.2291437376183139,0.2256137098487236,0.00725197459230533,0.4867678071205347,1.54
2018-05-16,1009.0,1015.5,4499.0,4475.0,0.22692737430167598,0.22559957323329405,0.007246110587457454,0.18324327959888795,0.59
2018-05-15,1002.0,1011.5,4655.0,4588.0,0.2204664341761116,0.2257041297275358,0.007320707040396161,-0.7154630724221396,-2.38
2018-05-14,1006.0,999.2,4676.0,4692.0,0.21295822676896847,0.22586965250776353,0.007340726955097095,-1.7588756287726928,-6.06
2018-05-11,1041.0,1019.5,4568.0,4646.0,0.21943607404218682,0.22615741683022497,0.0072514268568787685,-0.9268993428048202,-3.06
2018-05-10,1032.0,1039.0,4625.0,4701.0,0.2210168049351202,0.2262661285611377,0.007210850410040899,-0.7279756654926561,-2.38
2018-05-09,1017.5,1018.5,4700.0,4643.0,0.21936248115442603,0.2265131737186932,0.007342958572808959,-0.973816274920337,-3.26
2018-05-08,1021.0,1026.0,4709.0,4707.0,0.2179732313575526,0.22683039288718498,0.007538490509828439,-1.1749250752633722,-4.06
2018-05-07,1043.5,1021.0,4741.0,4731.0,0.21581061086451067,0.22712046412354298,0.007610314146980712,-1.4861217343464506,-5.24
2018-05-02,1049.0,1045.0,4718.0,4684.0,0.2230999146029035,0.2273895383964671,0.0075622861419351395,-0.5672390217789269,-1.92
2018-05-01,1039.5,1046.5,4671.0,4709.0,0.22223401996177533,0.22757482402837956,0.0076248958695241615,-0.7004428857777338,-2.4
2018-04-27,1058.5,1039.5,4632.0,4698.0,0.22126436781609196,0.227740459908644,0.0076419884567300155,-0.8474354716996182,-2.93
2018-04-26,1055.0,1049.0,4668.0,4633.0,0.22641916684653574,0.22794784075493463,0.00767440271261451,-0.19919125509092608,-0.68
2018-04-25,1052.0,1055.5,4620.0,4653.0,0.22684289705566302,0.22816556164423507,0.007857390473115507,-0.16833382445452125,-0.58
2018-04-24,1064.0,1064.0,4678.0,4618.0,0.23040277176266782,0.22829460231251542,0.007913876456159966,0.2663889766072177,0.91
2018-04-23,1053.5,1050.5,4850.0,4877.0,0.21539881074431003,0.22839782052122626,0.007990809684197955,-1.6267450096605516,-6.03
2018-04-20,1070.0,1056.0,4849.0,4882.0,0.21630479311757475,0.22870981989798936,0.007933794850677939,-1.5635678781579037,-5.73
2018-04-19,1056.5,1063.0,4640.0,4816.0,0.22072259136212624,0.22904116935401816,0.007927732662621872,-1.0493010228653183,-3.77
2018-04-18,1030.0,1034.5,4392.0,4466.0,0.23163905060456785,0.229408382060577,0.008168115621688185,0.27309463373264653,0.96
2018-04-17,1043.0,1035.0,4401.0,4338.0,0.23858921161825727,0.22972061044951986,0.008679001950025968,1.0218457398446468,3.72
2018-04-16,1042.0,1038.5,4428.0,4412.0,0.23538077969174978,0.22995415437600983,0.009138033452653942,0.5938504541328755,2.31
2018-04-13,1025.0,1039.5,4439.0,4457.0,0.2332286291227283,0.2302274525605056,0.009591508197425736,0.31289933766914413,1.29
2018-04-12,1026.0,1019.5,4506.0,4418.0,0.23076052512449072,0.23070439844728488,0.010568498151333717,0.005310752426895547,0.02
2018-04-11,1029.0,1021.5,4438.0,4516.0,0.2261957484499557,0.2312888416286143,0.011706204443170082,-0.43507639076217547,-2.25
2018-04-10,992.8,1021.0,4338.0,4376.0,0.2333180987202925,0.23201787595221537,0.012997672111319074,0.1000350491181275,0.56
2018-04-09,994.2,991.9,4300.0,4344.0,0.22833793738489871,0.23262824857191466,0.014074649958299691,-0.3048254272559008,-1.88
2018-04-06,1007.0,994.7,4360.0,4316.0,0.23046802594995366,0.23332656886079226,0.015105957085440986,-0.18923282349276857,-1.24
2018-04-05,1000.0,1006.5,4470.0,4359.0,0.2309015829318651,0.2340242044837851,0.01613124176748199,-0.19357601832084056,-1.35
2018-04-04,1011.5,993.5,4500.0,4447.0,0.2234090398021138,0.23471390481777657,0.017061958253927405,-0.6625772286754109,-5.06
2018-04-03,1003.0,1012.5,4401.0,4508.0,0.22460070984915706,0.23551844713374687,0.017911428528225276,-0.6095402869394456,-4.86
2018-04-02,1028.0,1019.5,4492.0,4455.0,0.22884399551066217,0.2363756569976618,0.018880612683290807,-0.3989098030523708,-3.29
2018-03-30,1032.5,1030.5,4385.0,4480.0,0.23002232142857143,0.23719652848052158,0.01984882622200968,-0.3614423831266618,-3.12
2018-03-29,1026.0,1020.0,4420.0,4325.0,0.23583815028901733,0.23795807234225233,0.020638924042989414,-0.10271475629346515,-0.9
2018-03-28,994.5,1012.0,4430.0,4393.0,0.23036649214659685,0.23862467478284322,0.021354658682463563,-0.3867157400660297,-3.58
2018-03-27,1001.5,1017.0,4450.0,4546.0,0.2237131544214694,0.23922655988641395,0.021745991662522494,-0.713391493278307,-6.93
2018-03-26,967.7,982.7,4268.0,4357.0,0.225545099839339,0.2399020321782583,0.022038462985442615,-0.6514488940722722,-6.37
2018-03-23,994.4,978.1,4380.0,4320.0,0.22641203703703705,0.24061003398522252,0.02241557735203506,-0.6333986729499279,-6.27
2018-03-22,1022.5,1023.0,4500.0,4536.0,0.22552910052910052,0.24131413066705554,0.022784868687585905,-0.6927856532504539,-7.0
2018-03-20,1010.0,1016.5,4392.0,4428.0,0.22956187895212285,0.24201262902707601,0.02309119318581138,-0.539199077967251,-5.42
2018-03-19,1027.0,1019.5,4487.0,4447.0,0.22925567798515853,0.2425512854050224,0.0232650167029266,-0.5714849720349169,-5.8
2018-03-16,1046.5,1034.0,4540.0,4538.0,0.22785368003525783,0.24299969767106225,0.023328450843320202,-0.6492508970067888,-6.65
2018-03-15,1043.5,1046.5,4428.0,4504.0,0.23234902309058614,0.24342925444441268,0.023342212350439897,-0.4746864259255929,-4.77
2018-03-14,1051.5,1055.0,4435.0,4475.0,0.23575418994413408,0.24378020348341992,0.02337083462763683,-0.3434200646730346,-3.4
2018-03-13,1062.0,1063.5,4542.0,4487.0,0.23701805215065747,0.24412586966832814,0.023441185261732028,-0.30321920322323703,-3.0
2018-03-12,1067.5,1064.5,4471.0,4560.0,0.23344298245614034,0.24445215829152805,0.023510191878158844,-0.4682724791206543,-4.72
2018-03-09,1032.5,1039.0,4422.0,4396.0,0.23635122838944495,0.24486581802255647,0.02358566260094332,-0.36100701418373465,-3.6
2018-03-08,1035.5,1027.0,4528.0,4422.0,0.23224785165083672,0.24521691100141496,0.02365219566456611,-0.548323696222735,-5.58
2018-03-07,1038.5,1030.0,4513.0,4493.0,0.22924549298909414,0.24552708660665834,0.023632614056393192,-0.6889459447318161,-7.1
2018-03-06,1050.0,1049.0,4596.0,4533.0,0.2314140745643062,0.24586035906861464,0.02357683721511265,-0.6127320799012188,-6.24
2018-03-05,1042.0,1028.0,4598.0,4521.0,0.22738332227383323,0.24619209652073332,0.02354625631364923,-0.7988010491500963,-8.27
2018-03-02,1052.0,1059.0,4700.0,4659.0,0.22730199613650998,0.2465775543852961,0.023471705543306888,-0.8212252924365218,-8.48
2018-03-01,1085.0,1077.0,4950.0,4812.0,0.2238154613466334,0.246842176785757,0.023364531307534703,-0.9855415088809352,-10.29
2018-02-28,1109.0,1094.0,5043.0,5032.0,0.21740858505564387,0.24714002191651985,0.023210971554434696,-1.2809216878815002,-13.68
2018-02-27,1112.5,1115.0,5072.0,5083.0,0.21935864646862088,0.24755003423847735,0.022952316599495405,-1.228258927487792,-12.85
2018-02-26,1117.0,1098.5,5151.0,5021.0,0.21878111929894442,0.24801505915999594,0.022728656068012176,-1.286215065843455,-13.36
2018-02-23,1081.5,1107.0,5058.0,5136.0,0.2155373831775701,0.24841751970146306,0.022473248634699156,-1.4630789281228063,-15.25
2018-02-22,1090.0,1078.0,5003.0,5032.0,0.21422893481717012,0.24899819427121278,0.02217686011767577,-1.5678170520780932,-16.23
2018-02-21,1099.0,1104.0,5084.0,5020.0,0.2199203187250996,0.2496651477914243,0.021871245107766134,-1.3599970609703778,-13.53
2018-02-20,1100.0,1089.5,5197.0,5131.0,0.21233677645683102,0.25028534116347495,0.021677629424616235,-1.7505864669663131,-17.87
2018-02-19,1082.0,1103.5,5176.0,5259.0,0.20983076630538125,0.2510246478991158,0.021313255681215646,-1.9327822182530585,-19.63
2018-02-16,1056.0,1073.5,5120.0,5117.0,0.20979089310142662,0.25166473088965224,0.0207807151768535,-2.015033526606755,-19.96
2018-02-15,1055.0,1047.5,4999.0,5091.0,0.20575525437045766,0.25243954292646914,0.020282359562111357,-2.3017188120074787,-22.69
2018-02-14,1052.0,1041.0,4807.0,4883.0,0.2131886135572394,0.253301362269118,0.019643560637749552,-2.042030436925618,-18.82
2018-02-13,1083.0,1050.0,4800.0,4770.0,0.22012578616352202,0.25400867085175105,0.019134952666626272,-1.7707326105553938,-15.39
2018-02-09,1051.0,1062.0,4667.0,4688.0,0.22653583617747441,0.2545719485737413,0.018747114923780662,-1.4954894398552592,-12.38
2018-02-08,1100.0,1098.5,4792.0,4807.0,0.22852090701060954,0.2550593282957499,0.01848523027032974,-1.435655433935093,-11.61
2018-02-07,1155.0,1088.0,4977.0,4797.0,0.22680842193037315,0.2556094471483192,0.01830026890673494,-1.5738033886128613,-12.7
2018-02-06,1102.0,1100.0,4650.0,4767.0,0.23075309418921755,0.2562360517884098,0.018106932366519033,-1.407359186159661,-11.04
2018-02-05,1167.0,1163.5,5056.0,4993.0,0.233026236731424,0.2569506540487421,0.018144674547093897,-1.3185365907348237,-10.27
2018-02-02,1199.0,1197.0,5241.0,5212.0,0.22966231772831927,0.2576565566660266,0.018229829571171124,-1.5356281213938372,-12.19
2018-02-01,1194.5,1208.0,5155.0,5227.0,0.23110770996747657,0.25837721170061506,0.018177176347580374,-1.5002055991368777,-11.8
2018-01-31,1191.5,1184.5,5080.0,5108.0,0.23189115113547376,0.2590067195944489,0.018038895218630138,-1.5031723467727007,-11.69
2018-01-30,1223.0,1195.0,5250.0,5154.0,0.23185875048506016,0.25977766905551203,0.018099037052312666,-1.5425637557266856,-12.04
2018-01-29,1210.5,1221.5,5250.0,5269.0,0.23182767128487378,0.2605075890067193,0.018062224194771496,-1.5878397595212845,-12.37
2018-01-26,1207.0,1208.5,5248.0,5234.0,0.23089415361100496,0.2613097720584043,0.018106619811665774,-1.6798065438919236,-13.17
2018-01-25,1200.0,1202.0,5202.0,5270.0,0.22808349146110057,0.2621447336978192,0.018128646977275478,-1.878862900216155,-14.93
2018-01-24,1217.5,1210.0,5180.0,5154.0,0.23476911136980985,0.2631021584900338,0.018200513479235837,-1.5567169109018761,-12.07
2018-01-23,1220.0,1217.5,5223.0,5228.0,0.2328806426931905,0.2640222533221193,0.01848694197115885,-1.6845193043561388,-13.37
2018-01-22,1215.5,1217.5,5255.0,5191.0,0.23454055095357348,0.2648721679404806,0.01850096923808641,-1.639460970750976,-12.93
2018-01-19,1207.5,1208.5,5178.0,5310.0,0.2275894538606403,0.2656548310560275,0.018442791055800323,-2.063970528116757,-16.73
2018-01-18,1295.0,1243.0,5366.0,5189.0,0.23954519175178263,0.2664572486111696,0.018074693888023595,-1.4889356924168473,-11.23
2018-01-17,1282.5,1287.5,5261.0,5295.0,0.24315391879131257,0.2670310384436373,0.01789341228130469,-1.3344083999714187,-9.82
2018-01-16,1281.5,1289.5,5410.0,5379.0,0.23972857408440232,0.2675556889738738,0.017762010621927077,-1.5666646913902347,-11.61
2018-01-15,1306.5,1284.5,5512.0,5443.0,0.23599118133382327,0.2681636558121687,0.01757854508415062,-1.8302125872381318,-13.63
2018-01-12,1291.0,1294.0,5470.0,5460.0,0.236996336996337,0.2687887791737033,0.01725396703816331,-1.8426163737907912,-13.41
2018-01-11,1273.5,1288.5,5424.0,5491.0,0.23465671098160626,0.2693613942620088,0.01689832622766599,-2.053734956517996,-14.79
2018-01-10,1300.0,1289.0,5289.0,5443.0,0.23681793128789272,0.26991873218511697,0.016427271488988305,-2.014990798649229,-13.98
2018-01-09,1319.0,1305.5,5519.0,5378.0,0.24274823354406844,0.2704958984592056,0.01600927430942707,-1.7332244034820434,-11.43
2018-01-05,1288.0,1298.5,5399.0,5490.0,0.23652094717668487,0.2709627636544379,0.015700869278394064,-2.1936248157385996,-14.56
2018-01-04,1258.0,1275.5,5222.0,5356.0,0.2381441374159821,0.2714775813605124,0.015187743091357777,-2.1947595336596084,-14.0
2017-12-29,1249.0,1236.5,5202.0,5178.0,0.238798764001545,0.2718679354860043,0.014694206167440214,-2.2504905067777514,-13.85
2017-12-28,1250.5,1247.5,5040.0,5173.0,0.2411560023197371,0.27241655769586093,0.014209423611544718,-2.199987573790508,-12.96
2017-12-27,1238.5,1251.0,4891.0,5039.0,0.2482635443540385,0.2727915675138577,0.013742943058680065,-1.784772232198638,-9.88
2017-12-26,1256.0,1248.5,4905.0,4895.0,0.2550561797752809,0.272996666534976,0.013487771938327814,-1.330129753211066,-7.03
2017-12-25,1256.0,1258.5,4884.0,4914.0,0.2561050061050061,0.2731801851345909,0.013335194693036442,-1.2804596725161714,-6.67
2017-12-22,1251.0,1251.5,4682.0,4891.0,0.2558781435289307,0.2732731170724637,0.013239820545739333,-1.3138375617281954,-6.8
2017-12-21,1250.0,1253.0,4576.0,4658.0,0.2689995706311722,0.27349550708613385,0.013084943745406044,-0.34359616230983975,-1.67
2017-12-20,1239.0,1250.5,4430.0,4554.0,0.2745937637241985,0.27346694733331134,0.013097057581372007,0.08603584308049936,0.41
2017-12-19,1245.0,1235.0,4458.0,4397.0,0.2808733227200364,0.2734046417413511,0.013102662721281844,0.5700124575865323,2.66
2017-12-18,1222.5,1235.0,4357.0,4425.0,0.2790960451977401,0.2732782071514415,0.01307570699286093,0.44493487422706984,2.08
2017-12-15,1210.5,1206.5,4289.0,4298.0,0.28071195905072127,0.2731237500372176,0.013074491134334424,0.580382741900872,2.7
2017-12-14,1208.0,1216.0,4260.0,4300.0,0.2827906976744186,0.27291512305074045,0.013076581139781947,0.755210747986292,3.49
2017-12-13,1236.0,1204.0,4378.0,4260.0,0.28262910798122065,0.27269659458064155,0.013046633017894691,0.7613085603738313,3.51
2017-12-12,1253.5,1238.0,4343.0,4363.0,0.2837497134998854,0.2723991455040428,0.013071075692518374,0.8683729069321701,4.0
2017-12-11,1255.0,1253.5,4330.0,4339.0,0.28889144964277486,0.2720435273674264,0.01312015393399809,1.2841253509755455,5.83
2017-12-08,1220.0,1241.5,4214.0,4275.0,0.2904093567251462,0.2716217402762257,0.013080171593510407,1.4363432707749604,6.47
2017-12-07,1210.0,1210.0,4226.0,4214.0,0.28713811105837683,0.27127917663704676,0.012919089327846302,1.2275582294447889,5.52
2017-12-06,1213.5,1200.5,4273.0,4200.0,0.28583333333333333,0.27091432072744753,0.012852287148468004,1.1608060443672974,5.22
2017-12-05,1200.0,1207.0,4370.0,4381.0,0.2755078749144031,0.270586939449533,0.01278061356922826,0.3850312379930008,1.79
2017-12-04,1221.0,1204.5,4372.0,4390.0,0.274373576309795,0.2704549237114832,0.012780238058355186,0.30661812248089576,1.43
2017-12-01,1224.5,1213.5,4356.0,4355.0,0.27864523536165325,0.27030178304878644,0.012801161171820756,0.6517730853380153,2.99
2017-11-30,1230.0,1216.0,4390.0,4355.0,0.2792192881745121,0.27002472373167985,0.012842384629467189,0.7159546071946064,3.29
2017-11-29,1200.5,1224.5,4434.0,4406.0,0.27791647753064,0.269666913648833,0.0129545784701681,0.6368068170496005,2.97
2017-11-28,1183.0,1180.0,4419.0,4371.0,0.26996110729810113,0.26939098207778867,0.012996257240282407,0.04386841609639289,0.21
2017-11-27,1190.5,1173.0,4564.0,4462.0,0.26288659793814434,0.26948111558296994,0.01302331204542664,-0.5063625613686636,-2.51
2017-11-24,1161.0,1181.5,4480.0,4543.0,0.26007043803653973,0.26964580221363593,0.013016973674270689,-0.7356060184728527,-3.68
2017-11-22,1197.0,1171.0,4630.0,4527.0,0.2586702010161255,0.26979691320865284,0.012970638898992824,-0.8578384055847365,-4.3
2017-11-21,1170.0,1187.5,4472.0,4538.0,0.2616791538122521,0.27001907290086224,0.012920755561128294,-0.6454668265453876,-3.19
2017-11-20,1161.0,1155.0,4416.0,4417.0,0.26148969889064977,0.27024746957413354,0.012922713248648346,-0.677703707802987,-3.35
2017-11-17,1183.0,1174.5,4500.0,4441.0,0.26446746228326956,0.2705113625109319,0.012943245795806422,-0.4669539868910264,-2.29
2017-11-16,1144.0,1165.0,4351.0,4435.0,0.26268320180383314,0.2706970465719077,0.012955096065675702,-0.618586286620219,-3.05
2017-11-15,1169.5,1147.5,4535.0,4491.0,0.25551102204408815,0.27096756695717406,0.012996696193923374,-1.1892672324150066,-6.05
2017-11-14,1186.0,1184.0,4660.0,4657.0,0.25424092763581707,0.2715128711936396,0.01319323575456114,-1.3091514378382345,-6.79
2017-11-13,1201.5,1191.0,4637.0,4647.0,0.25629438347320854,0.2721134713057582,0.013416695711196816,-1.17905989470626,-6.17
2017-11-10,1195.5,1201.5,4660.0,4688.0,0.25629266211604096,0.2728250537155623,0.013962965997417122,-1.1840171781969195,-6.45
2017-11-09,1218.0,1213.5,4981.0,4910.0,0.24714867617107944,0.2736262715540151,0.01469614327454136,-1.8016696549770106,-10.71
2017-11-08,1206.0,1216.0,4825.0,4940.0,0.24615384615384617,0.2745455692050674,0.0151602456884707,-1.8727745997423386,-11.53
2017-11-07,1208.0,1213.5,4800.0,4890.0,0.248159509202454,0.2754710650928274,0.015513360651562122,-1.7605183366650659,-11.01
2017-11-06,1224.5,1215.5,4815.0,4781.0,0.2542355155825141,0.276356257236117,0.015820753110240084,-1.3982104075238428,-8.7
2017-11-02,1219.5,1203.5,4800.0,4834.0,0.24896565990897807,0.27717408330385496,0.016236025127920117,-1.7373971259978258,-11.33
2017-11-01,1185.0,1204.5,4487.0,4649.0,0.2590879759087976,0.2780594400002762,0.01648225889769438,-1.1510233038586972,-7.32
2017-10-31,1182.5,1177.5,4437.0,4456.0,0.2642504488330341,0.27882149826971436,0.016903383206551263,-0.8620197068615786,-5.51
2017-10-30,1185.5,1187.5,4401.0,4457.0,0.26643482162889837,0.2795536167557855,0.0174371072103518,-0.7523492841231693,-4.92
2017-10-27,1177.5,1189.5,4470.0,4442.0,0.26778478162989644,0.2802754182169362,0.017990780437009395,-0.6942798635541608,-4.66
2017-10-26,1182.0,1151.5,4419.0,4466.0,0.25783699059561127,0.28092924112411377,0.01841110255344088,-1.254256797574937,-8.96
2017-10-25,1199.0,1178.5,4370.0,4399.0,0.2679017958626961,0.2816934481814243,0.018625012621310777,-0.7404908978664402,-5.15
2017-10-24,1155.5,1173.5,4300.0,4340.0,0.2703917050691244,0.2823201464220918,0.01893853841602406,-0.6298501547973012,-4.41
2017-10-23,1145.0,1156.0,4300.0,4342.0,0.26623675725472135,0.2829339146550102,0.01928476827526324,-0.8658210024595672,-6.27
2017-10-20,1121.5,1124.0,4260.0,4284.0,0.2623716153127918,0.2836278523657672,0.019605187566049422,-1.0842149294090477,-8.1
2017-10-19,1102.5,1110.5,4140.0,4221.0,0.2630893153281213,0.28434832451956815,0.019802683023349345,-1.073541861291238,-8.08
2017-10-18,1136.5,1115.0,4103.0,4133.0,0.26977982095330266,0.28497286729286736,0.019860914022459968,-0.7649721620255466,-5.63
2017-10-17,1137.5,1133.0,4074.0,4138.0,0.2738037699371677,0.2855162474579344,0.019994851688176003,-0.585774663569668,-4.28
2017-10-16,1136.0,1130.0,3968.0,3974.0,0.2843482637141419,0.28598975969911306,0.020131912860414776,-0.08153701023606226,-0.58
2017-10-13,1112.0,1123.0,3931.0,3927.0,0.28596893302775656,0.28628272754213663,0.020265328419856263,-0.015484304417815998,-0.11
2017-10-12,1128.0,1113.0,3996.0,3923.0,0.2837114453224573,0.2865758637783904,0.02041710807144832,-0.14029501366742347,-1.01
2017-10-11,1110.0,1110.5,3892.0,3990.0,0.2783208020050125,0.28696216387205875,0.02063221040462655,-0.41882870024961044,-3.1
2017-10-10,1106.5,1118.0,3899.0,3859.0,0.28971236071521117,0.28748103940847813,0.020896020637486447,0.10678211633894322,0.77
2017-10-06,1096.0,1106.0,3745.0,3859.0,0.2866027468256025,0.2878765651433546,0.021212858680425644,-0.06004934728234021,-0.44
2017-10-05,1087.0,1086.5,3717.0,3721.0,0.291991400161247,0.2883056086040593,0.02150614145084682,0.1713832100291774,1.26
2017-10-04,1098.5,1091.0,3698.0,3717.0,0.29351627656712403,0.28866781220593213,0.02179202380002549,0.22248802615506666,1.65
2017-10-03,1088.5,1094.0,3598.0,3648.0,0.29989035087719296,0.28904747631430905,0.02211878375730208,0.4902111563572905,3.62
2017-10-02,1087.0,1086.0,3602.0,3575.0,0.30377622377622376,0.28932262251313945,0.022378774502128496,0.6458620538720563,4.76
2017-09-29,1067.0,1072.0,3686.0,3614.0,0.29662423907028224,0.2894581049831197,0.02249631690724745,0.3185469922347108,2.42
2017-09-28,1060.0,1071.5,3662.0,3654.0,0.29324028461959495,0.2896576627650384,0.022625015245387965,0.158347820573816,1.22
2017-09-27,1040.0,1049.5,3688.0,3647.0,0.28777077049629834,0.289980750288672,0.02284580587869244,-0.09673459557996236,-0.77
2017-09-26,1043.0,1049.5,3683.0,3714.0,0.2825794291868605,0.29045206356278863,0.023157844018778604,-0.33995541076899144,-2.79
2017-09-25,1058.0,1043.0,3700.0,3692.0,0.2825027085590466,0.29099119660153344,0.023437280411484167,-0.36217888310657154,-3.0
2017-09-22,1066.5,1050.0,3708.0,3680.0,0.28532608695652173,0.2915484305170864,0.023723905229536,-0.2622815889863664,-2.18
2017-09-21,1066.0,1060.5,3847.0,3749.0,0.2828754334489197,0.2920848290159146,0.02402997910353209,-0.3832460913643177,-3.26
2017-09-20,1078.0,1070.5,3920.0,3824.0,0.2799424686192469,0.2926593589418695,0.024316332208215722,-0.5229773229667423,-4.54
2017-09-19,1077.5,1081.5,3834.0,3912.0,0.2764570552147239,0.29321885618567634,0.024499359831655607,-0.6841730186473898,-6.06
2017-09-15,1058.0,1063.0,3779.0,3795.0,0.28010540184453225,0.29378073112002123,0.02459155577057627,-0.556098581280143,-4.88
2017-09-14,1049.5,1053.0,3740.0,3791.0,0.2777631231864943,0.2941990384911679,0.024622189816092554,-0.6675245145714624,-5.92
2017-09-13,1034.0,1040.0,3900.0,3780.0,0.2751322751322751,0.2945567546718106,0.0245756495279272,-0.7903953674738866,-7.06
2017-09-12,1039.5,1028.5,3709.0,3846.0,0.2674206968278731,0.2949108319819735,0.024484371539055392,-1.1227625389628826,-10.28
2017-09-11,1026.0,1026.0,3728.0,3665.0,0.2799454297407913,0.29532882727200815,0.024278225640544476,-0.6336293994041599,-5.5
2017-09-08,1007.5,1016.0,3774.0,3773.0,0.2692817386694938,0.2956525113120771,0.024232758823630997,-1.0882282465035467,-9.79
2017-09-07,1013.0,997.9,3790.0,3785.0,0.2636459709379128,0.2961016586449577,0.024051323081658745,-1.3494346068551715,-12.31
2017-09-06,984.7,1007.0,3766.0,3746.0,0.26882007474639613,0.2966163090348659,0.023762564867362477,-1.1697489073095593,-10.34
2017-09-05,1020.0,1001.0,3760.0,3805.0,0.26307490144546647,0.2970349139029989,0.023544749600154936,-1.4423603153252038,-12.91
2017-09-04,1020.0,1021.0,3808.0,3746.0,0.27255739455419115,0.297530121081811,0.02321352581808805,-1.075783434335555,-9.16
2017-09-01,1020.0,1025.0,3820.0,3841.0,0.2668575891694871,0.29793660432371655,0.02303893898492308,-1.3489777100658966,-11.65
2017-08-31,1030.0,1023.0,3788.0,3790.0,0.2699208443271768,0.2985172286249861,0.02279582122884589,-1.254457297709607,-10.59
2017-08-30,1030.0,1024.5,3811.0,3775.0,0.2713907284768212,0.29904943950885116,0.022586970470062293,-1.2245427543587548,-10.19
2017-08-29,1011.5,1023.5,3800.0,3826.0,0.26751176163094614,0.299485494163643,0.022363372881092972,-1.4297365921814473,-11.95
2017-08-28,1010.0,1020.5,3797.0,3850.0,0.26506493506493506,0.3000578133315902,0.022085305740247956,-1.5844416499466707,-13.2
2017-08-25,987.1,1003.0,3764.0,3765.0,0.2664010624169987,0.3005963659656632,0.021714801349470812,-1.5747463215682538,-12.84
2017-08-24,970.0,974.9,3800.0,3745.0,0.2603204272363151,0.3011115370103388,0.021352738146026836,-1.9103456191455166,-15.67
2017-08-23,970.2,967.9,3800.0,3765.0,0.257078353253652,0.30171236507598503,0.02082393147657898,-2.143399860517867,-17.36
2017-08-22,973.1,962.4,3712.0,3741.0,0.25725741780272654,0.30239255609461335,0.020178048493903696,-2.236843583041407,-17.54
2017-08-21,967.0,973.1,3640.0,3676.0,0.2647170837867247,0.30291737293658744,0.019497699880892616,-1.959220286660495,-14.43
2017-08-18,936.3,942.2,3611.0,3627.0,0.25977391783843395,0.3033398727513308,0.019002381992354173,-2.2926575694787155,-16.77
2017-08-17,950.4,955.5,3640.0,3657.0,0.2612797374897457,0.3037236127287237,0.018399768902762292,-2.306761322018891,-16.24
2017-08-16,954.7,952.2,3588.0,3585.0,0.2656066945606695,0.3041676311224775,0.017760885275623237,-2.171115682771332,-14.52
2017-08-15,949.3,948.5,3676.0,3608.0,0.2628880266075388,0.3045374380001506,0.0172351058614389,-2.4165451449762454,-15.84
2017-08-14,922.5,937.6,3630.0,3636.0,0.2578657865786579,0.3048796916051149,0.01664955641738533,-2.8237331883127825,-18.23
2017-08-10,936.5,931.8,3648.0,3692.0,0.2523835319609967,0.30531121029120817,0.015824423897967455,-3.3446827936029737,-20.97
2017-08-09,938.1,933.2,3523.0,3628.0,0.25722160970231533,0.3057964785593254,0.014712921454153774,-3.301510784814007,-18.88
2017-08-08,953.5,948.6,3462.0,3428.0,0.2767211201866978,0.30622024575499573,0.013732807610909894,-2.148076810226529,-10.66
2017-08-07,948.5,953.7,3470.0,3465.0,0.2752380952380952,0.30633682439704996,0.013517313778304682,-2.3006589673806537,-11.3
2017-08-04,945.0,937.7,3444.0,3455.0,0.2714037626628075,0.3064164146870086,0.013350513828832757,-2.622569623394206,-12.9
2017-08-03,965.0,953.2,3462.0,3462.0,0.27533217793183135,0.3064632391524273,0.013233275079419142,-2.352483495866573,-11.31
2017-08-02,973.7,964.4,3364.0,3459.0,0.27880890430760336,0.306418203241404,0.013344425427750786,-2.068976224063191,-9.9
2017-08-01,934.0,943.7,3386.0,3355.0,0.2812816691505216,0.30633841773866644,0.013525915767341511,-1.8524992332603945,-8.91
2017-07-31,931.8,929.0,3300.0,3337.0,0.2783937668564579,0.3061739168083779,0.01389951781176589,-1.998641271455059,-9.98
2017-07-28,951.0,927.3,3238.0,3277.0,0.2829722306988099,0.30607004552306794,0.014133864270336628,-1.6342179592550963,-8.16
2017-07-27,958.0,965.7,3221.0,3258.0,0.29640883977900556,0.3059270685448274,0.014418174973070186,-0.660154893639428,-3.21
2017-07-26,984.1,964.0,3204.0,3221.0,0.2992859360447066,0.30560248455644606,0.014894930396357703,-0.4240737179466152,-2.11
2017-07-25,994.1,974.2,3094.0,3146.0,0.30966306420851875,0.3052059448031227,0.015443591425287269,0.28860640524962294,1.44
2017-07-24,978.0,988.7,3106.0,3125.0,0.316384,0.30468025825220946,0.015945784726464934,0.733970886259743,3.7
2017-07-21,999.0,987.8,3157.0,3125.0,0.316096,0.3041162540485117,0.016266701766050537,0.736458203007731,3.79
2017-07-20,988.4,1003.5,3153.0,3180.0,0.31556603773584907,0.3035907996534579,0.016505984908413623,0.725508847175002,3.79
2017-07-19,988.0,990.2,3153.0,3148.0,0.3145489199491741,0.3030098181083177,0.016837775395711865,0.6853103554163775,3.67
2017-07-18,986.4,995.0,3131.0,3153.0,0.31557247066286076,0.3024881702531667,0.017076551311641396,0.7662144522573621,4.15
2017-07-14,988.9,987.1,3113.0,3130.0,0.31536741214057507,0.30190150167158225,0.017370251310678195,0.7752283043086876,4.27
2017-07-13,984.0,981.3,3054.0,3103.0,0.3162423461166613,0.30137768850885976,0.017547721369778335,0.847099021836663,4.7
2017-07-12,979.0,979.5,3050.0,3069.0,0.31915933528836754,0.300749241031089,0.017845594226578478,1.0316324591679498,5.77
2017-07-11,958.0,978.7,3030.0,3053.0,0.32056993121519817,0.300056672392873,0.018123435741070046,1.1318636882872872,6.4
2017-07-10,956.0,954.9,3025.0,3014.0,0.316821499668215,0.2992814697289085,0.018469557544388518,0.9496724486849198,5.54
2017-07-07,946.6,950.5,2980.0,3016.0,0.3151525198938992,0.29862890023838284,0.018701471937799134,0.8835464775432494,5.24
2017-07-06,964.0,952.9,3030.0,3026.0,0.3149041639127561,0.2980967554247471,0.018791336174796607,0.8944232773905398,5.34
2017-07-05,952.0,957.5,3000.0,3026.0,0.31642432253800395,0.2975273607154491,0.018919983643817428,0.998783200784103,5.97
2017-07-04,956.2,952.3,3030.0,2992.0,0.3182820855614973,0.297003402965612,0.018933533992342114,1.1238621698670563,6.69
2017-07-03,933.3,954.6,3010.0,3017.0,0.31640702684786215,0.2964424033665117,0.018918069810156098,1.0553203197628829,6.31
2017-06-30,920.0,930.1,2970.0,3001.0,0.30993002332555813,0.29603377227321487,0.018813120605346522,0.7386467850737147,4.48
2017-06-29,929.6,931.6,3001.0,3000.0,0.31053333333333333,0.2957037468561854,0.018783533113593084,0.7894993123746356,4.78
2017-06-28,898.1,919.6,2908.0,2973.0,0.3093171880255634,0.2953625400229226,0.0187434372348122,0.7445084819727095,4.51
2017-06-27,892.5,891.7,2896.0,2911.0,0.3063208519409138,0.29499331822854424,0.018737655917944806,0.6045331263405965,3.7
2017-06-26,887.7,886.6,2910.0,2879.0,0.3079541507467871,0.29465912030519664,0.01875615641485252,0.7088355496471802,4.32
2017-06-23,894.4,892.4,2834.0,2854.0,0.31268395234758234,0.294296865742744,0.0187582497003559,0.9802133407196028,5.88
2017-06-22,890.0,890.8,2792.0,2808.0,0.3172364672364672,0.2937769348924666,0.018781804579617447,1.2490563536934873,7.39
2017-06-21,897.8,891.7,2810.0,2792.0,0.31937679083094556,0.29314393777850384,0.018780502292396375,1.3968131759214215,8.21
2017-06-20,885.0,899.6,2808.0,2822.0,0.318781006378455,0.2925440717192408,0.018651085152806633,1.4067242975010528,8.23
2017-06-19,872.6,878.0,2698.0,2751.0,0.31915667030170847,0.2920246971791278,0.01845456255747984,1.4702040776135195,8.5
2017-06-16,862.7,866.8,2668.0,2692.0,0.3219910846953937,0.29145366525650584,0.01826784512269727,1.6716486938542094,9.48
2017-06-15,850.0,852.6,2720.0,2660.0,0.3205263157894737,0.2908257387353578,0.018015028207076875,1.648655595357248,9.27
2017-06-14,874.7,862.7,2767.0,2748.0,0.31393740902474526,0.2902676722404492,0.01773239620518888,1.3348301329613759,7.54
2017-06-13,871.4,865.6,2754.0,2778.0,0.31159107271418285,0.28977916888012345,0.01757758267536111,1.2408932580151442,7.0
2017-06-12,882.0,874.0,2754.0,2753.0,0.3174718488921177,0.28921201028586885,0.017550877235420426,1.610166729969262,8.9
2017-06-09,870.0,880.5,2724.0,2725.0,0.3231192660550459,0.28857995933011904,0.017374467419783608,1.9879347027119987,10.69
2017-06-08,878.0,874.4,2691.0,2707.0,0.32301440709272256,0.28781119374791253,0.017102657575442465,2.058347551514916,10.9
2017-06-07,874.0,874.3,2659.0,2696.0,0.32429525222551925,0.286985319326721,0.016876821462028683,2.210720364776164,11.5
2017-06-06,858.6,863.7,2640.0,2653.0,0.3255559743686393,0.286041199513367,0.016743291591484296,2.3600362353702122,12.14
2017-06-05,875.0,861.2,2675.0,2642.0,0.3259651778955337,0.2850757923503451,0.016523042493050415,2.47468863935844,12.54
2017-06-02,857.6,878.8,2681.0,2730.0,0.3219047619047619,0.28407023592599756,0.016297312663455323,2.3215193056707766,11.75
2017-06-01,840.7,849.7,2692.0,2667.0,0.3185976752905887,0.2831625678587707,0.01605882173793368,2.206582027628728,11.12
2017-05-31,833.7,838.5,2719.0,2692.0,0.3114784546805349,0.2823805103296182,0.01573914244559951,1.8487630092611678,9.34
2017-05-30,821.0,835.8,2724.0,2744.0,0.30459183673469387,0.28161554596862187,0.01570049168514967,1.4634121801296291,7.54
2017-05-29,831.2,822.1,2761.0,2725.0,0.30168807339449544,0.2809932068493136,0.01570248364151292,1.3179358767469407,6.86
2017-05-26,835.9,826.1,2739.0,2765.0,0.29877034358047017,0.2801478209752714,0.016262343473596896,1.1451315510236137,6.23
2017-05-25,835.9,828.7,2748.0,2724.0,0.3042217327459618,0.27941421639419844,0.01664228589725858,1.4906315457451562,8.15
2017-05-24,846.0,837.1,2791.0,2763.0,0.3029677886355411,,,,
2017-05-23,835.2,834.8,2780.0,2762.0,0.3022447501810282,,,,
2017-05-22,839.3,836.1,2806.0,2785.0,0.30021543985637344,,,,
2017-05-19,827.3,836.1,2730.0,2785.0,0.30021543985637344,,,,
2017-05-18,832.5,826.4,2698.0,2727.0,0.303043637697103,,,,
2017-05-17,858.0,844.3,2741.0,2720.0,0.31040441176470585,,,,
2017-05-16,861.6,853.6,2765.0,2755.0,0.3098366606170599,,,,
2017-05-15,856.5,846.6,2822.0,2784.0,0.30409482758620693,,,,
2017-05-12,910.0,883.5,2849.0,2846.0,0.3104356992269852,,,,
2017-05-11,902.2,906.9,2958.0,2969.0,0.3054563826204109,,,,
2017-05-10,903.3,902.0,2942.0,2957.0,0.30503889076766993,,,,
2017-05-09,923.3,902.1,2978.0,2954.0,0.30538253215978334,,,,
2017-05-08,905.0,917.5,3010.0,2978.0,0.3080926796507723,,,,
2017-05-02,890.0,886.0,2964.0,2987.0,0.29661868095078675,,,,
2017-05-01,873.7,882.1,3005.0,2976.0,0.2964045698924731,,,,
2017-04-28,883.0,872.3,3004.0,3023.0,0.2885544161429044,,,,
2017-04-27,885.5,886.1,2993.0,3008.0,0.2945811170212766,,,,
2017-04-26,871.0,881.2,3012.0,3004.0,0.2933422103861518,,,,
2017-04-25,846.0,859.9,2930.0,2980.0,0.2885570469798658,,,,
2017-04-24,854.9,846.6,2956.0,2917.0,0.2902296880356531,,,,
2017-04-21,848.0,844.1,2940.0,2923.0,0.2887786520697913,,,,
2017-04-20,833.0,835.8,2919.0,2892.0,0.28900414937759333,,,,
2017-04-19,818.7,832.7,2880.0,2917.0,0.2854645183407611,,,,
2017-04-18,823.7,824.5,2984.0,2932.0,0.28120736698499316,,,,
2017-04-17,810.1,814.3,2953.0,2962.0,0.27491559756920997,,,,
2017-04-14,808.0,812.6,2970.0,2988.0,0.27195448460508703,,,,
2017-04-13,810.0,812.2,3009.0,2977.0,0.2728249916022842,,,,
2017-04-12,830.0,822.7,3080.0,3059.0,0.26894409937888203,,,,
2017-04-11,839.9,838.6,3087.0,3099.0,0.27060342045821234,,,,
2017-04-10,839.6,848.6,3084.0,3117.0,0.27224895733076676,,,,
2017-04-07,839.5,836.6,3099.0,3075.0,0.2720650406504065,,,,
2017-04-06,839.5,830.2,3109.0,3080.0,0.26954545454545453,,,,
2017-04-05,852.4,845.3,3101.0,3128.0,0.27023657289002556,,,,
2017-04-04,860.9,845.0,3120.0,3083.0,0.27408368472267275,,,,
2017-04-03,867.8,865.2,3177.0,3127.0,0.2766869203709626,,,,
2017-03-31,886.6,861.4,3181.0,3167.0,0.2719924218503315,,,,
2017-03-30,866.6,874.2,3179.0,3174.0,0.2754253308128545,,,,
2017-03-29,867.6,863.6,3182.0,3180.0,0.2715723270440252,,,,
2017-03-28,857.2,868.0,3179.0,3144.0,0.27608142493638677,,,,
2017-03-27,844.0,848.5,3172.0,3153.0,0.2691087852838566,,,,
2017-03-24,855.3,858.3,3210.0,3212.0,0.26721668742216687,,,,
2017-03-23,839.8,840.3,3159.0,3202.0,0.2624297314178638,,,,
2017-03-22,861.9,839.8,3160.0,3135.0,0.2678787878787879,,,,
2017-03-21,867.6,882.7,3207.0,3207.0,0.2752416588712192,,,,
2017-03-17,863.1,867.5,3159.0,3187.0,0.27219956071540635,,,,
2017-03-16,860.0,876.0,3200.0,3161.0,0.27712749130022146,,,,
2017-03-15,885.0,869.5,3152.0,3148.0,0.27620711562897077,,,,
2017-03-14,900.0,899.0,3156.0,3146.0,0.28575969485060393,,,,
2017-03-13,896.6,896.6,3140.0,3144.0,0.28517811704834606,,,,
2017-03-10,900.0,897.0,3175.0,3148.0,0.2849428208386277,,,,
2017-03-09,890.0,890.5,3170.0,3162.0,0.2816255534471853,,,,
2017-03-08,885.0,877.8,3114.0,3121.0,0.281256007689843,,,,
2017-03-07,890.2,887.0,3176.0,3159.0,0.28078505856283636,,,,
2017-03-06,868.6,876.9,3228.0,3204.0,0.273689138576779,,,,
2017-03-03,875.0,871.6,3189.0,3231.0,0.2697616836892603,,,,
2017-03-02,900.0,883.8,3211.0,3221.0,0.27438683638621547,,,,
2017-03-01,868.7,878.1,3143.0,3138.0,0.2798279158699809,,,,
2017-02-28,870.8,862.7,3171.0,3122.0,0.27632927610506086,,,,
2017-02-27,864.7,864.0,3112.0,3143.0,0.2748965956092905,,,,
2017-02-24,880.4,876.7,3160.0,3146.0,0.2786713286713287,,,,
2017-02-23,899.5,889.3,3252.0,3207.0,0.2772996570003118,,,,
2017-02-22,875.0,879.0,3249.0,3267.0,0.26905417814508725,,,,
2017-02-21,864.0,873.4,3220.0,3234.0,0.27006802721088435,,,,
2017-02-20,856.0,859.3,3269.0,3237.0,0.2654618473895582,,,,
2017-02-17,853.2,855.8,3287.0,3278.0,0.26107382550335567,,,,
2017-02-16,844.3,839.8,3334.0,3313.0,0.2534862662239662,,,,
2017-02-15,828.0,839.7,3308.0,3317.0,0.2531504371419958,,,,
2017-02-14,830.4,822.3,3270.0,3282.0,0.2505484460694698,,,,
2017-02-13,831.1,828.5,3227.0,3264.0,0.2538296568627451,,,,
2017-02-10,819.1,826.1,3208.0,3178.0,0.2599433606041536,,,,
2017-02-09,814.0,804.5,3169.0,3166.0,0.25410612760581175,,,,
2017-02-08,775.4,814.5,3183.0,3158.0,0.2579164027865738,,,,
2017-02-07,767.1,774.9,3088.0,3252.0,0.2382841328413284,,,,
2017-02-06,780.9,764.4,3180.0,3136.0,0.24375,,,,
