DATE,OPEN_4534,CLOSE_4534,OPEN_5406,CLOSE_5406,saya_divide,saya_divide_mean,saya_divide_std,saya_divide_sigma,deviation_rate(%)
2020-02-21,4240,4275,452,448,9.542410714285714,7.872636024054168,0.5381459243079875,3.1028288328648808,17.5
2020-02-20,4260,4260,464,455,9.362637362637363,7.845461451720918,0.5034839181940948,3.0133552554335385,16.2
2020-02-19,4275,4270,472,460,9.282608695652174,7.813718392148912,0.4813942882197671,3.051324744494436,15.82
2020-02-18,4245,4215,469,475,8.873684210526315,7.785107933864542,0.4563578937030798,2.385356518824749,12.27
2020-02-17,4290,4290,476,474,9.050632911392405,7.765232352363127,0.44070763652556555,2.916674122470559,14.2
2020-02-14,4235,4305,489,481,8.95010395010395,7.740105192083374,0.4199380653700377,2.881374321126042,13.52
2020-02-13,4235,4265,499,493,8.651115618661258,7.7170795846287,0.39982406406028,2.336117602695712,10.8
2020-02-12,4350,4250,506,499,8.517034068136272,7.6968533275993956,0.3903186972673438,2.1013104068009953,9.63
2020-02-10,4370,4360,493,507,8.599605522682445,7.681450924456806,0.3803136787907458,2.4142034573802995,10.68
2020-02-07,4340,4370,508,504,8.670634920634921,7.665247405981185,0.36648713633215835,2.7433091505359775,11.6
2020-02-06,4260,4270,507,514,8.30739299610895,7.647995747884455,0.34877998237612456,1.8905822625835247,7.94
2020-02-05,4220,4210,505,499,8.43687374749499,7.633914626609982,0.34314711293455213,2.339985069430426,9.52
2020-02-04,4130,4185,491,497,8.420523138832998,7.616276777812973,0.33532958792864703,2.3983757770613305,9.55
2020-02-03,4100,4155,490,491,8.462321792260692,7.600431707390438,0.3248663649579227,2.653060389867961,10.19
2020-01-31,4135,4125,502,507,8.136094674556213,7.586932869164545,0.3094403081498246,1.7746938292401646,6.75
2020-01-30,4195,4130,509,500,8.26,7.574380810376952,0.30598380853116586,2.2407041500472547,8.3
2020-01-29,4210,4215,514,510,8.264705882352942,7.558337311558985,0.3011208644157489,2.345797499500714,8.55
2020-01-28,4175,4200,520,511,8.219178082191782,7.542673860993574,0.29445011325319925,2.2975172728715445,8.23
2020-01-27,4250,4220,533,526,8.022813688212928,7.526140375453239,0.29079078104512246,1.7080091431186712,6.19
2020-01-24,4355,4320,550,546,7.912087912087912,7.5123898652601175,0.29136217788791663,1.3718254363871267,5.05
2020-01-23,4390,4355,565,548,7.947080291970803,7.501548374555146,0.2914156473439197,1.5288537917452805,5.61
2020-01-22,4445,4420,570,568,7.78169014084507,7.491189155847387,0.2891946522235285,1.0045171401480306,3.73
2020-01-21,4395,4415,587,580,7.612068965517241,7.481697909676438,0.2911791749740957,0.44773482118836827,1.71
2020-01-20,4400,4440,583,589,7.538200339558574,7.474993572769261,0.2938764550708306,0.2150793835255663,0.84
2020-01-17,4400,4415,565,586,7.534129692832765,7.471568282935925,0.29461598908811726,0.21234899738631652,0.83
2020-01-16,4370,4365,571,564,7.73936170212766,7.469037095797348,0.29488299878192775,0.9167181812683021,3.49
2020-01-15,4410,4365,579,574,7.604529616724738,7.462409180318808,0.2943184859829206,0.48287974821322505,1.87
2020-01-14,4400,4375,585,579,7.556131260794473,7.456855907936267,0.29551138375661673,0.3359442590542279,1.31
2020-01-10,4435,4445,583,575,7.730434782608696,7.450124585142768,0.2989037659906897,0.9377941309533694,3.63
2020-01-09,4415,4405,585,584,7.542808219178082,7.438337524424761,0.3049861798770253,0.3425423892828349,1.39
2020-01-08,4315,4350,575,575,7.565217391304348,7.429052151219163,0.3121804200270936,0.43617482503664756,1.8
2020-01-07,4290,4385,582,583,7.521440823327616,7.418941661909361,0.31979313282492977,0.3205170808791809,1.36
2020-01-06,4360,4285,574,581,7.3752151462994835,7.407871470539504,0.3302528020670144,-0.09888280746031121,-0.44
2019-12-30,4445,4410,586,589,7.487266553480476,7.400341811172037,0.3372746392224344,0.2577268854510913,1.16
2019-12-27,4435,4480,581,591,7.580372250423012,7.394594777336527,0.3394100246564986,0.5473541132867287,2.45
2019-12-26,4445,4435,571,578,7.673010380622838,7.388896812811314,0.33983025338384387,0.8360455403321984,3.7
2019-12-25,4475,4430,582,573,7.731239092495637,7.382379481420554,0.3390051203044979,1.0290688552483622,4.51
2019-12-24,4570,4495,588,584,7.696917808219178,7.375872870097188,0.3369236517801666,0.952871478228731,4.17
2019-12-23,4595,4575,593,586,7.80716723549488,7.369716479452591,0.33521526786332645,1.3049845814918137,5.6
2019-12-20,4635,4600,603,594,7.744107744107744,7.362843138534881,0.33143890505516005,1.1503314781631035,4.92
2019-12-19,4585,4580,610,607,7.545304777594728,7.359468031670003,0.328817715214383,0.5651664655706359,2.46
2019-12-18,4640,4590,620,607,7.561779242174629,7.357323610605831,0.32812247326223365,0.623107675423983,2.7
2019-12-17,4560,4630,628,617,7.5040518638573745,7.355632477215745,0.3273903922653166,0.45334069095512936,1.98
2019-12-16,4560,4510,635,624,7.227564102564102,7.356011352797213,0.32757832096573375,-0.3921115715302396,-1.78
2019-12-13,4570,4555,628,640,7.1171875,7.359955357909444,0.3277887218798999,-0.7406229735945355,-3.41
2019-12-12,4535,4505,626,612,7.361111111111111,7.365911106084625,0.3273813785576724,-0.014661783741829058,-0.07
2019-12-11,4550,4535,619,624,7.267628205128205,7.368375703034517,0.3280310969125641,-0.30712788773549077,-1.39
2019-12-10,4530,4550,624,621,7.326892109500805,7.371654173812988,0.32823647651294247,-0.13637138927311926,-0.61
2019-12-09,4505,4510,617,627,7.192982456140351,7.375091215442699,0.32909826380406276,-0.553356791364815,-2.53
2019-12-06,4540,4475,597,608,7.360197368421052,7.381124176633554,0.32985103761868634,-0.06344320867861981,-0.28
2019-12-05,4510,4515,575,589,7.66553480475382,7.385796514529576,0.33199642715652306,0.8425942791618006,3.65
2019-12-04,4450,4490,559,565,7.946902654867257,7.387748291310388,0.3340591250907247,1.6738185595289836,7.04
2019-12-03,4485,4460,564,564,7.907801418439717,7.3854392242819875,0.3307685017457248,1.5792380211562294,6.61
2019-12-02,4445,4475,556,569,7.864674868189807,7.389479628322392,0.33887601033813036,1.4022687513148702,6.04
2019-11-29,4455,4400,560,559,7.8711985688729875,7.388655874202827,0.3377932452739022,1.4285149316081993,6.13
2019-11-28,4450,4430,559,563,7.868561278863233,7.389364616531754,0.33885903378853593,1.4141475202060567,6.09
2019-11-27,4460,4460,562,562,7.935943060498221,7.390067071763516,0.33990467486221865,1.6059678760110518,6.88
2019-11-26,4480,4445,571,557,7.980251346499102,7.387499335381653,0.33648143887895166,1.7616187481018535,7.43
2019-11-25,4465,4440,566,567,7.830687830687831,7.387357164774784,0.336233119438568,1.3185217049804827,5.66
2019-11-22,4425,4425,556,558,7.93010752688172,7.3766252825203935,0.3347536251516147,1.653401793963087,6.98
2019-11-21,4440,4425,544,551,8.030852994555353,7.358821549978062,0.34030557430278324,1.974788235409151,8.37
2019-11-20,4430,4460,549,549,8.123861566484518,7.338580631262778,0.344848127015945,2.277179064352087,9.67
2019-11-19,4380,4420,559,551,8.021778584392015,7.317507616919705,0.3445070114861498,2.044286310557787,8.78
2019-11-18,4350,4380,563,557,7.863554757630162,7.297795709004531,0.34593846455315763,1.6354326176373915,7.19
2019-11-15,4325,4365,564,563,7.753108348134991,7.281488492930375,0.34770674866085627,1.3563724518462574,6.08
2019-11-14,4345,4300,583,565,7.610619469026549,7.267450890747749,0.34963005534351765,0.9815191029319009,4.51
2019-11-13,4390,4330,588,582,7.439862542955327,7.255313140286568,0.35328831772938984,0.5223761823059168,2.48
2019-11-12,4340,4375,592,595,7.352941176470588,7.2453545713255005,0.35843513865598525,0.300156411975963,1.46
2019-11-11,4380,4345,602,592,7.339527027027027,7.2361724984963685,0.36433362002715913,0.28368100787117645,1.41
2019-11-08,4400,4360,586,600,7.266666666666667,7.228767773627615,0.36778496341604205,0.1030463363348006,0.52
2019-11-07,4415,4375,601,583,7.504288164665523,7.222600534223263,0.37096212006120033,0.7593433809246829,3.75
2019-11-06,4445,4400,604,617,7.13128038897893,7.2143545340315764,0.37148222626256455,-0.22362885537874752,-1.16
2019-11-05,4325,4390,599,597,7.353433835845896,7.210997936295603,0.3733503405410523,0.3815073513630073,1.94
2019-11-01,4300,4240,574,581,7.29776247848537,7.204618818484325,0.37494604768454226,0.2484188340595898,1.28
2019-10-31,4350,4340,582,588,7.380952380952381,7.198946117432113,0.3767082055821498,0.4831491876822884,2.47
2019-10-30,4275,4345,605,579,7.504317789291883,7.19118852499244,0.3788648164177468,0.8264933842634198,4.17
2019-10-29,4275,4245,600,608,6.9819078947368425,7.180272727820848,0.38147068105956317,-0.5200002069176903,-2.84
2019-10-28,4265,4225,587,592,7.136824324324325,7.176007177022393,0.3854329713449426,-0.10165931721238826,-0.55
2019-10-25,4215,4260,581,577,7.383015597920277,7.171040128383796,0.38829565798664,0.54591254158133,2.87
2019-10-24,4220,4185,580,584,7.166095890410959,7.16353436950497,0.3895642941746939,0.006575348265464822,0.04
2019-10-23,4135,4175,578,578,7.22318339100346,7.159006640566534,0.3914769059884879,0.1639349587554313,0.89
2019-10-21,4120,4095,565,574,7.134146341463414,7.153226776597351,0.39368059055847177,-0.048466791585709906,-0.27
2019-10-18,4165,4130,560,561,7.361853832442068,7.146498511543114,0.39823499416763475,0.5407744775144037,2.93
2019-10-17,4195,4150,567,562,7.384341637010676,7.1350544084344305,0.40417027140322354,0.6167876417796757,3.38
2019-10-16,4215,4190,579,568,7.376760563380282,7.124008118243641,0.4085042584198947,0.6187265858972772,3.43
2019-10-15,4130,4155,580,573,7.2513089005235605,7.115409764838185,0.40987823053625516,0.3315597793705084,1.87
2019-10-11,4080,4055,565,570,7.114035087719298,7.109249936688828,0.4112587396688205,0.011635378337061837,0.07
2019-10-10,4075,4050,549,560,7.232142857142857,7.105166102042431,0.41270911986999687,0.3076664628599032,1.76
2019-10-09,4030,4090,559,549,7.449908925318762,7.097274700877648,0.4158522096984566,0.8479796817643857,4.73
2019-10-08,4030,4065,566,565,7.1946902654867255,7.089753757210586,0.4145051941369145,0.2531609006604592,1.46
2019-10-07,4000,3980,570,564,7.056737588652482,7.085503245349454,0.41504148611956143,-0.0693079069418252,-0.41
2019-10-04,4000,4020,571,567,7.08994708994709,7.085583814421531,0.41503648070690885,0.010512992781086727,0.06
2019-10-03,4020,4020,580,576,6.979166666666667,7.0841292425202225,0.4152097718002449,-0.25279408863251035,-1.5
2019-10-02,4150,4125,577,590,6.991525423728813,7.084213783583024,0.4151890366991082,-0.2232437556422845,-1.33
2019-10-01,4130,4160,575,586,7.098976109215017,7.084113599638733,0.41521229592941117,0.03579496494200869,0.21
2019-09-30,4090,4130,584,576,7.170138888888889,7.082889841443922,0.41530193315228736,0.21008582065273834,1.22
2019-09-27,4175,4150,588,587,7.0698466780238505,7.080373349630221,0.4153374468433031,-0.025344865208702383,-0.15
2019-09-26,4275,4230,595,595,7.109243697478991,7.081924023071865,0.4155123192051107,0.06574937286911128,0.38
2019-09-25,4300,4245,572,583,7.281303602058319,7.081376971159663,0.4155029994112716,0.48116772004518277,2.75
2019-09-24,4220,4245,579,578,7.344290657439446,7.081407350992916,0.415517699132441,0.6326645218612919,3.58
2019-09-20,4240,4215,585,582,7.242268041237113,7.077743002815574,0.41439352973043664,0.39702607936123613,2.27
2019-09-19,4155,4205,583,585,7.188034188034188,7.076557993337525,0.4140482874435124,0.2692347682077331,1.55
2019-09-18,4185,4125,602,585,7.051282051282051,7.079797292098297,0.4158541570211024,-0.06857029161499685,-0.4
2019-09-17,4190,4190,605,612,6.84640522875817,7.084046666629988,0.4171673137302784,-0.569654980268821,-3.47
2019-09-13,4170,4190,612,612,6.84640522875817,7.090668806158954,0.4172844117501575,-0.5853647309189043,-3.57
2019-09-12,4190,4125,615,606,6.806930693069307,7.100802884264009,0.42044651721162785,-0.6989526114846716,-4.32
2019-09-11,4035,4095,600,612,6.6911764705882355,7.110847590862329,0.4223006839057963,-0.9937732432555356,-6.27
2019-09-10,4040,4025,586,591,6.810490693739425,7.12271629874152,0.42284756182455085,-0.7383880934653345,-4.58
2019-09-09,4040,4015,561,569,7.056239015817223,7.133098534094609,0.4246096809079787,-0.181012166545593,-1.09
2019-09-06,4085,4020,581,562,7.153024911032029,7.140317807419652,0.42783217097818543,0.029701140948152457,0.18
2019-09-05,4050,4095,562,570,7.184210526315789,7.1429611391063625,0.42851440778718186,0.09626137758689553,0.57
2019-09-04,4050,4020,553,555,7.243243243243243,7.1470761544383885,0.43036862035972623,0.22345283613956943,1.33
2019-09-03,3990,4030,551,557,7.235188509874327,7.152151667269004,0.4337045600787411,0.1914594639960589,1.15
2019-09-02,4145,4025,554,552,7.291666666666667,7.158261562563137,0.43803746298488216,0.3045518143459209,1.83
2019-08-30,4050,4150,539,554,7.490974729241877,7.163070048612337,0.4414416903289663,0.7428040618120663,4.38
2019-08-29,4005,3995,545,541,7.384473197781886,7.156999909365303,0.4400188172266551,0.5169626377578544,3.08
2019-08-28,4070,4000,537,538,7.434944237918216,7.1499291556171,0.44056715224149556,0.6469276723219837,3.83
2019-08-27,4070,4060,537,539,7.532467532467533,7.139254552851136,0.4432230349768148,0.8871672918285173,5.22
2019-08-26,4015,4025,528,535,7.5233644859813085,7.1278273466801725,0.44398536483127826,0.8908787780683866,5.26
2019-08-23,4115,4145,547,548,7.563868613138686,7.114089306011518,0.44746116246843687,1.00518066114597,5.95
2019-08-22,4180,4105,551,544,7.545955882352941,7.0985185773115305,0.45183606608117505,0.990264696933303,5.93
2019-08-21,4190,4170,551,555,7.513513513513513,7.081502430026371,0.4586449152761112,0.9419292988935996,5.75
2019-08-20,4205,4255,560,561,7.5846702317290555,7.062358763391538,0.47003630064460455,1.1112151712989466,6.89
2019-08-19,4255,4205,539,550,7.6454545454545455,7.041633397011169,0.4806973589382172,1.2561357727804454,7.9
2019-08-16,4195,4210,531,546,7.710622710622711,7.019972425345557,0.48952208799399866,1.4108664393620187,8.96
2019-08-15,4190,4195,528,537,7.811918063314711,6.99504155153576,0.50118801972533,1.6298803635143366,10.46
2019-08-14,4255,4260,532,548,7.773722627737226,6.970337808610596,0.5059545039753551,1.5878598032319573,10.33
2019-08-13,4255,4245,540,517,8.210831721470019,6.94589306654046,0.5108143022865607,2.4763180068907764,15.41
2019-08-09,4330,4315,546,553,7.802893309222423,6.913608292710332,0.5063451635269713,1.7562822370371494,11.4
2019-08-08,4325,4295,547,542,7.924354243542435,6.889085966198856,0.5072181408146142,2.0410710777830103,13.06
2019-08-07,4330,4325,552,546,7.9212454212454215,6.865326110919476,0.4998498444290892,2.112473019836546,13.33
2019-08-06,4335,4375,542,565,7.743362831858407,6.843976171969538,0.4883573624376282,1.8416568051715143,11.61
2019-08-05,4430,4455,625,559,7.9695885509839,6.825622299943511,0.480006708171603,2.383229716513503,14.35
2019-08-02,4540,4630,677,659,7.0257966616084975,6.804799512465735,0.463520069719659,0.47678010852134994,3.15
2019-08-01,4590,4590,696,696,6.594827586206897,6.7932434357655,0.46864198517075906,-0.4233847069555794,-3.01
2019-07-31,4545,4585,703,704,6.512784090909091,6.78732895508259,0.47387863819017434,-0.5793569113434498,-4.22
2019-07-30,4590,4600,704,703,6.543385490753912,6.783110344028483,0.47769688505723795,-0.5018346586996204,-3.66
2019-07-29,4675,4600,698,703,6.543385490753912,6.777950865231838,0.4823255342358618,-0.4863217014822632,-3.58
2019-07-26,4700,4655,691,701,6.640513552068474,6.773812814344561,0.4856401386918677,-0.2744815587837227,-2.01
2019-07-25,4655,4650,696,694,6.70028818443804,6.7705160793431975,0.48736999821427324,-0.14409564635179142,-1.05
2019-07-24,4675,4650,697,694,6.70028818443804,6.769148252209694,0.4877090165033961,-0.14119088522361672,-1.03
2019-07-23,4650,4665,689,697,6.69296987087518,6.771399861463916,0.4877757209213282,-0.16079109152992457,-1.17
2019-07-22,4675,4665,694,700,6.664285714285715,6.773295441685379,0.4877434898041045,-0.2234980674851174,-1.64
2019-07-19,4620,4715,682,695,6.784172661870503,6.7755467032131325,0.4876247924807601,0.017689745866871713,0.13
2019-07-18,4735,4620,692,679,6.804123711340206,6.775840668997443,0.48763654958442376,0.05800025114373945,0.42
2019-07-17,4730,4765,686,692,6.885838150289017,6.7746092155913376,0.4876801875484694,0.22807761631002288,1.62
2019-07-16,4735,4740,691,689,6.879535558780842,6.769965302868374,0.4882568677195552,0.22441109005639784,1.59
2019-07-12,4765,4785,700,696,6.875,6.763556081159774,0.48992859668019845,0.2274697161900325,1.62
2019-07-11,4735,4790,691,697,6.872309899569584,6.759331274958224,0.49031540562861664,0.2304203035727869,1.64
2019-07-10,4680,4705,695,692,6.7991329479768785,6.754436347116211,0.4909951284292336,0.09103267684886841,0.66
2019-07-09,4785,4700,709,703,6.685633001422475,6.753106867347426,0.49100729720218966,-0.13741927321533515,-1.01
2019-07-08,4830,4750,718,713,6.661991584852735,6.754042613374971,0.4909446863224731,-0.18749775908924635,-1.38
2019-07-05,4925,4850,716,717,6.764295676429568,6.7562958711168415,0.4909048444009671,0.016296040676657932,0.12
2019-07-04,4880,4890,709,717,6.820083682008368,6.760675218498889,0.49241939105573485,0.12064606834858572,0.87
2019-07-03,4830,4840,712,709,6.826516220028209,6.7652726001685926,0.49455754103853256,0.12383517543986768,0.9
2019-07-02,4800,4875,718,718,6.789693593314763,6.771325554633258,0.49803594464275264,0.036880949817148914,0.27
2019-07-01,4670,4760,720,718,6.629526462395543,6.77895128827221,0.5026163307121,-0.2972940128406957,-2.25
2019-06-28,4680,4585,702,705,6.50354609929078,6.787260025626998,0.505221447732963,-0.5615635037057578,-4.36
2019-06-27,4655,4635,700,707,6.555869872701556,6.795303511126283,0.5054426182157995,-0.47371082254583596,-3.65
2019-06-26,4710,4645,693,690,6.731884057971015,6.801256471761925,0.5052167406613162,-0.13731218348011123,-1.03
2019-06-25,4735,4705,700,693,6.789321789321789,6.802924392127001,0.5051914534495259,-0.0269256392053566,-0.2
2019-06-24,4630,4745,700,697,6.807747489239598,6.803344224916775,0.505193058354287,0.00871600321898159,0.06
2019-06-21,4750,4615,696,695,6.640287769784172,6.802396430168079,0.5052505860751593,-0.3208480402629199,-2.44
2019-06-20,4775,4765,696,692,6.885838150289017,6.802948800912566,0.5050956790163192,0.1641062333732081,1.2
2019-06-19,4745,4765,686,693,6.875901875901876,6.7993439206076145,0.5054559076554617,0.15146317242461937,1.11
2019-06-18,4750,4725,676,669,7.062780269058296,6.794704377541618,0.5063281182714167,0.5294509268651283,3.8
2019-06-17,4785,4740,683,679,6.980854197349043,6.787537032058148,0.5062872905242353,0.38183294131425827,2.77
2019-06-14,4805,4820,694,690,6.9855072463768115,6.780680191646534,0.5071044605559758,0.40391491430722387,2.93
2019-06-13,4830,4805,690,688,6.984011627906977,6.7737043244994934,0.5078368662606779,0.4141237420513115,3.01
2019-06-12,4845,4870,698,695,7.0071942446043165,6.767487567704338,0.5080781247329149,0.47179098101495126,3.42
2019-06-11,4965,4880,683,699,6.9814020028612305,6.758638809975826,0.5096031850366817,0.43713069193115317,3.19
2019-06-10,4960,4980,698,693,7.186147186147186,6.750669729007445,0.5107293147718655,0.8526580412449236,6.06
2019-06-07,4850,4870,669,689,7.068214804063861,6.737573327201366,0.511986544974241,0.6458011057285312,4.68
2019-06-06,4865,4880,676,670,7.2835820895522385,6.728524261596794,0.5120603118174569,1.0839696323766554,7.62
2019-06-05,4885,4885,690,691,7.069464544138929,6.714351930762702,0.511210429992355,0.6946505637248791,5.02
2019-06-04,4880,4850,660,678,7.153392330383481,6.701949939910507,0.5137215110086721,0.8787687118388027,6.31
2019-06-03,4865,4845,665,652,7.430981595092025,6.682609470743489,0.5235719176275655,1.4293587932286282,10.07
2019-05-31,4990,4960,677,673,7.369985141158989,6.658463951392168,0.5302172549610625,1.341942728399273,9.65
2019-05-30,5100,5030,676,685,7.343065693430657,6.636245156814931,0.5348308038579384,1.321577836424454,9.63
2019-05-29,5220,5180,690,681,7.606461086637298,6.613519816000336,0.5404952877657284,1.8370951479364996,13.05
2019-05-28,5370,5330,703,705,7.560283687943262,6.588448229374885,0.537458072479457,1.8082070180563221,12.85
2019-05-27,5350,5360,704,707,7.581329561527581,6.561437550317251,0.5388413405542768,1.8927501185436562,13.45
2019-05-24,5270,5320,681,701,7.589158345221112,6.534913531310092,0.5369427021077432,1.9634214410078243,13.89
2019-05-23,5200,5250,692,691,7.597684515195369,6.508832217226878,0.5325905284560329,2.044445478827886,14.33
2019-05-22,5230,5190,695,706,7.351274787535411,6.482146049822384,0.5274820327472557,1.647693539790146,11.82
2019-05-21,5240,5230,686,698,7.492836676217765,6.459674223994809,0.5258747135827725,1.9646551270435566,13.79
2019-05-20,5280,5230,686,686,7.623906705539358,6.436139062052123,0.5185574296651119,2.2905228534750797,15.58
2019-05-17,5150,5270,677,685,7.693430656934306,6.410508985223548,0.5065839693243385,2.532495596775137,16.68
2019-05-16,4955,5150,697,673,7.6523031203566125,6.384647616904157,0.48965606878942125,2.588869176249536,16.57
2019-05-15,4865,4925,716,700,7.035714285714286,6.358807384823212,0.4729282639495124,1.431309888815055,9.62
2019-05-14,4755,4935,707,720,6.854166666666667,6.343489924505752,0.4693467517294307,1.0880585415350021,7.45
2019-05-13,5000,4790,752,722,6.634349030470914,6.330830428459645,0.4682050866158775,0.6482599413967495,4.57
2019-05-10,5110,5080,794,761,6.675427069645203,6.322914313307882,0.46802545633505555,0.7531914163339026,5.28
2019-05-09,5130,5110,806,787,6.493011435832274,6.312821838835078,0.4684761155289815,0.3846292073902942,2.78
2019-05-08,5100,5200,811,813,6.396063960639607,6.3051331418718695,0.47018465832060863,0.19339384464929438,1.42
2019-05-07,5220,5160,843,823,6.269744835965978,6.299703035331998,0.4714531292432756,-0.06354438544952494,-0.48
2019-04-26,5190,5160,848,849,6.07773851590106,6.296454696225586,0.47248651638825806,-0.4629045967203858,-3.6
2019-04-25,5140,5180,857,859,6.030267753201397,6.29326549181666,0.47475385750332033,-0.5539665122435034,-4.36
2019-04-24,5280,5190,890,862,6.020881670533643,6.291363411769718,0.4760876347330116,-0.5681343549024555,-4.49
2019-04-23,5260,5210,881,892,5.8408071748878925,6.291810011600269,0.47584934711556276,-0.9477849227832353,-7.72
2019-04-22,5170,5250,875,881,5.959137343927355,6.2926411340851836,0.4751147656439313,-0.7019436445125524,-5.6
2019-04-19,5160,5180,880,872,5.940366972477064,6.294100657274331,0.4742553772911957,-0.7458717428101449,-5.95
2019-04-18,5200,5060,881,874,5.7894736842105265,6.293609532423912,0.47464035517796677,-1.0621428260653467,-8.71
2019-04-17,5300,5260,878,882,5.963718820861678,6.294391926164763,0.47385641248860316,-0.6978339779479877,-5.54
2019-04-16,5500,5350,871,871,6.1423650975889785,6.294632935731427,0.473692735038407,-0.32144854011768237,-2.48
2019-04-15,5550,5530,867,875,6.32,6.29117105221082,0.47573725673221356,0.06059846560516023,0.46
2019-04-12,5600,5450,868,856,6.366822429906542,6.285197068470983,0.4781447874441362,0.17071264516314777,1.28
2019-04-11,5480,5530,876,863,6.407879490150638,6.278926239120764,0.4801131581099407,0.26858928744532456,2.01
2019-04-10,5430,5420,871,880,6.159090909090909,6.274325205016984,0.48050863891893175,-0.23981732396182034,-1.87
2019-04-09,5490,5450,881,886,6.1512415349887135,6.271745857034792,0.4816381789663858,-0.2501967811286994,-1.96
2019-04-08,5490,5490,900,886,6.196388261851016,6.26671707081904,0.4848285052519296,-0.14505914608193132,-1.13
2019-04-05,5480,5510,886,895,6.156424581005586,6.263567725376093,0.48604075838358457,-0.22044065754244585,-1.74
2019-04-04,5670,5510,886,884,6.233031674208145,6.261704022282542,0.4867155387201743,-0.058909867866128694,-0.46
2019-04-03,5730,5690,865,890,6.393258426966292,6.258072241935076,0.487930657246089,0.2770602400640603,2.11
2019-04-02,5940,5740,871,870,6.597701149425287,6.2528896790428,0.4885311324472731,0.7058126851715065,5.23
2019-04-01,5850,5880,844,856,6.869158878504673,6.242547958011424,0.4893313475017788,1.2805452250143676,9.12
2019-03-29,5640,5680,827,831,6.835138387484958,6.2270332470387695,0.4876618254345879,1.2469812249590486,8.9
2019-03-28,5560,5610,834,821,6.833130328867235,6.2116255086863,0.48645913279621533,1.277609522116409,9.1
2019-03-27,5780,5690,835,836,6.80622009569378,6.19351985912234,0.48825737817432585,1.2548714345340286,9.0
2019-03-26,5500,5705,847,850,6.711764705882353,6.176360550494531,0.4890367481095775,1.094813748573053,7.98
2019-03-25,5475,5485,850,839,6.537544696066746,6.159708531667625,0.4917776539711913,0.768306899160683,5.78
2019-03-22,5580,5535,862,865,6.398843930635838,6.144082487691395,0.4981023112069165,0.5114640852140371,3.98
2019-03-20,5635,5640,865,860,6.558139534883721,6.13112051318226,0.5039190765648222,0.8473960236084268,6.51
2019-03-19,5730,5640,867,867,6.505190311418685,6.117752726791219,0.5057088770761821,0.7661277113968903,5.96
2019-03-18,5790,5795,868,865,6.699421965317919,6.103777502080966,0.509279024467798,1.1695837342985167,8.89
2019-03-15,5820,5810,850,860,6.755813953488372,6.084365295790147,0.5139311978250726,1.3064952284269897,9.94
2019-03-14,5985,5820,850,852,6.830985915492958,6.063436712580515,0.5181049622737395,1.481455030934273,11.24
2019-03-13,6015,5965,839,841,7.092746730083234,6.041598674336747,0.5198074719539996,2.022187275983421,14.82
2019-03-12,6000,6040,829,843,7.164887307236062,6.013206216188608,0.5197732176978666,2.215737656026945,16.07
2019-03-11,6030,5970,813,820,7.280487804878049,5.983028444147394,0.5177311130827164,2.5060486571981677,17.82
2019-03-08,6085,5985,829,813,7.361623616236162,5.951863580895867,0.5089672113807473,2.7698445082853964,19.15
2019-03-07,6065,6085,845,839,7.252681764004768,5.920584471033638,0.493209757639026,2.7008737607865316,18.37
2019-03-06,5975,6055,849,852,7.106807511737089,5.8895324540176395,0.4815393065058294,2.5278830643178525,17.13
2019-03-05,5945,5980,860,854,7.0023419203747075,5.85969261218607,0.47447266434836827,2.408251083880524,16.32
2019-03-04,5980,5945,875,867,6.856978085351788,5.829976611262495,0.4717620014634284,2.176948272441368,14.98
2019-03-01,5975,5900,871,865,6.820809248554913,5.800026475416011,0.4768862609178867,2.1405162127635013,14.97
2019-02-28,5900,5935,886,881,6.7366628830874005,5.769839324213501,0.48293374416004664,2.0019797137089053,14.35
2019-02-27,5895,5920,880,886,6.681715575620768,5.741418861840711,0.4878947986256768,1.927252998861076,14.07
2019-02-26,5760,5815,885,879,6.61547212741752,5.714679440736511,0.4905763002569145,1.8361928332234239,13.62
2019-02-25,5685,5725,881,877,6.5279361459521095,5.690665439801131,0.48997508034703924,1.7088026304479755,12.83
2019-02-22,5685,5690,878,872,6.525229357798165,5.66926505770826,0.4879856590954645,1.7540767523302423,13.12
2019-02-21,5725,5710,882,883,6.466591166477916,5.643253452595737,0.4936280575426507,1.6679313529722533,12.73
2019-02-20,5680,5745,879,889,6.462317210348706,5.616655668005041,0.5022165465361617,1.6838583837515473,13.09
2019-02-19,5600,5690,881,873,6.517754868270332,5.591991792390767,0.5054914219784975,1.8314120391125939,14.2
2019-02-18,5490,5595,884,882,6.343537414965986,5.567085520583944,0.5052829107282624,1.5366676329166677,12.24
2019-02-15,5370,5490,856,860,6.383720930232558,5.542707041919751,0.511304551533285,1.6448394323711748,13.17
2019-02-14,5465,5385,868,868,6.203917050691245,5.5157725810318015,0.5194345547060746,1.3247953248871442,11.09
2019-02-13,5300,5495,856,860,6.3895348837209305,5.491419700094481,0.5293224951617084,1.6967258936389527,14.06
2019-02-12,5240,5300,843,852,6.220657276995305,5.463582672478201,0.5362118960145337,1.41189445841124,12.17
2019-02-08,4950,5200,858,847,6.139315230224321,5.438100581981143,0.5449682958927625,1.286707233297773,11.42
2019-02-07,5005,4990,872,875,5.702857142857143,5.412403875668943,0.5566115006938774,0.5218240493164764,5.09
2019-02-06,4980,4985,881,887,5.620067643742954,5.391620454834458,0.5742016028995457,0.39785188295348933,4.06
2019-02-05,5015,4945,869,867,5.703575547866206,5.373562676461009,0.5878666107049921,0.5613737289985441,5.79
2019-02-04,4875,4900,847,869,5.638665132336018,5.355190660165117,0.5986972866187188,0.47348548006938374,5.03
2019-02-01,4815,4850,867,847,5.7260920897284535,5.339230116607066,0.6068280728779134,0.6375149575507849,6.76
2019-01-31,4780,4815,864,870,5.5344827586206895,5.3222438541931805,0.61355446558936,0.3459169744997934,3.83
2019-01-30,4790,4770,853,853,5.592028135990621,5.30727040125595,0.6218394498765354,0.45792806292879806,5.09
2019-01-29,4710,4805,840,853,5.63305978898007,5.292983998712148,0.6274165045618532,0.542025572797784,6.04
2019-01-28,4790,4740,869,847,5.596221959858323,5.277728672435422,0.6328484687694216,0.5032694288448135,5.69
2019-01-25,4870,4850,849,856,5.66588785046729,5.263979111471785,0.636968311814023,0.6309713239123448,7.09
2019-01-24,4815,4880,844,852,5.727699530516432,5.249892273465554,0.6396013367928419,0.7470391782586799,8.34
2019-01-23,4845,4835,838,848,5.701650943396227,5.23473805312435,0.6415624726293792,0.7277746286472789,8.19
2019-01-22,4920,4885,860,849,5.7538280329799765,5.220696238565536,0.6427134408096609,0.8295015485327724,9.27
2019-01-21,4945,4920,855,861,5.714285714285714,5.209094810528905,0.6408356095815149,0.7883315099900811,8.84
2019-01-18,4900,4945,836,840,5.886904761904762,5.196488923953169,0.6400724489420488,1.0786526417325961,11.73
2019-01-17,4870,4895,824,829,5.904704463208685,5.181648451750887,0.6367874663623774,1.135474627960607,12.25
2019-01-16,4865,4905,829,812,6.04064039408867,5.162575277310531,0.6362676270265816,1.380024818929622,14.54
2019-01-15,4800,4865,810,822,5.918491484184915,5.142689709361716,0.6318046345600518,1.2279140297275875,13.11
2019-01-11,4850,4810,808,813,5.916359163591636,5.1254919707441315,0.6279963596789183,1.2593499638307757,13.37
2019-01-10,4845,4815,803,804,5.9888059701492535,5.1079292634714895,0.6240393357714193,1.4115724060709247,14.71
2019-01-09,4740,4845,807,804,6.026119402985074,5.089225939134568,0.6183532229648528,1.515142848869341,15.55
2019-01-08,4620,4665,779,799,5.83854818523154,5.070517024690397,0.6109058246000995,1.2572005857758812,13.15
2019-01-07,4680,4610,784,783,5.887611749680715,5.054842000198171,0.6060613707334733,1.3740683529700992,14.14
2019-01-04,4435,4565,741,754,6.054376657824934,5.039655221561832,0.5992357095253193,1.6933594245691845,16.76
2018-12-28,4600,4510,750,764,5.903141361256544,5.021527313774924,0.588737496115567,1.4974654294968885,14.93
2018-12-27,4425,4600,766,758,6.068601583113456,5.006144671719863,0.5805161778573847,1.8301934587163342,17.51
2018-12-26,4320,4345,740,736,5.903532608695652,4.988262983574235,0.568035068889331,1.6112907023698868,15.5
2018-12-25,4375,4275,730,731,5.848153214774282,4.972875124886652,0.5585856591539778,1.566954101924685,14.97
2018-12-21,4660,4600,785,769,5.981794538361508,4.9575503510993,0.5500635093661975,1.8620471451421636,17.12
2018-12-20,4750,4665,810,793,5.882723833543506,4.940175080420784,0.537882353914244,1.752332543099183,16.02
2018-12-19,4825,4815,824,820,5.871951219512195,4.9233158235721035,0.5277967787699854,1.7973497264436855,16.16
2018-12-18,4940,4900,820,831,5.896510228640192,4.9051220107017715,0.5182141903773451,1.913085817307564,16.81
2018-12-17,5020,5020,848,828,6.06280193236715,4.8860181729529195,0.5076160925577113,2.3182554230792847,19.41
2018-12-14,5035,5035,860,844,5.9656398104265405,4.862977364365075,0.4926774141280582,2.2381022844592144,18.48
2018-12-13,5080,5035,860,872,5.77408256880734,4.842246540565758,0.47834673065940275,1.9480346964158042,16.14
2018-12-12,5055,5090,848,854,5.960187353629976,4.824821026300641,0.467771464750334,2.4271816749987525,19.05
2018-12-11,5165,5060,868,841,6.016646848989298,4.8039420139058,0.45128543265642185,2.6872235337735115,20.16
2018-12-10,5240,5150,865,864,5.960648148148148,4.781362588273247,0.4319972669267572,2.7298449554192263,19.78
2018-12-07,5170,5260,892,876,6.004566210045662,4.759485579312461,0.41284357530422205,3.0158653427407915,20.74
2018-12-06,5125,5170,895,888,5.822072072072072,4.737022996193042,0.3896695635315777,2.7845363801196665,18.64
2018-12-05,5030,5135,900,900,5.705555555555556,4.717464431285641,0.3710877730643247,2.6626884419030383,17.32
2018-12-04,5320,5140,950,905,5.679558011049724,4.701115592207951,0.3538034845054547,2.7654968413028396,17.23
2018-12-03,5200,5300,943,968,5.475206611570248,4.684922050365706,0.3359956668709618,2.3520677173138926,14.43
2018-11-30,5090,5155,922,934,5.519271948608137,4.6705721452857025,0.3247308650046776,2.613548309644693,15.38
2018-11-29,5040,5075,938,929,5.462863293864371,4.653376410460723,0.31327847847474516,2.5839211405289824,14.82
2018-11-28,5000,4990,918,930,5.365591397849462,4.637509145947413,0.30180408583951646,2.412433383321407,13.57
2018-11-27,5010,4960,912,914,5.426695842450766,4.622875279765734,0.2926149221409761,2.7470251920295676,14.81
2018-11-26,4990,5000,900,900,5.555555555555555,4.604738950709661,0.28426631905031147,3.3448092198274524,17.11
2018-11-22,4865,4955,923,908,5.45704845814978,4.585494144928271,0.26761466145588564,3.256750988455012,15.97
2018-11-21,4845,4845,919,924,5.2435064935064934,4.567831538035294,0.25281489883402997,2.672607344691234,12.89
2018-11-20,4800,4875,923,940,5.1861702127659575,4.552541349447967,0.24607606191450007,2.57493093147007,12.22
2018-11-19,4760,4840,952,932,5.1931330472103,4.535309242387566,0.2463531518890732,2.6702471625730864,12.67
2018-11-16,4750,4735,963,954,4.963312368972747,4.51446688105325,0.25576272304637354,1.7549292663658218,9.04
2018-11-15,4730,4730,962,965,4.901554404145077,4.497453770524375,0.26750897838686294,1.510605872212277,8.24
2018-11-14,4800,4780,959,967,4.943123061013444,4.482328022304723,0.27616432756531706,1.668553801901644,9.32
2018-11-13,4840,4795,966,956,5.0156903765690375,4.46808023142971,0.2795676652272454,1.9587749702534634,10.92
2018-11-12,4850,4845,985,984,4.923780487804878,4.452472139581332,0.28123141336032453,1.6758737674147663,9.57
2018-11-09,4745,4825,992,991,4.868819374369324,4.436713407481475,0.28742590181769806,1.5033647425482035,8.87
2018-11-08,4635,4745,1007,994,4.77364185110664,4.422646477448927,0.29171878710499066,1.2031976998841298,7.35
2018-11-07,4555,4560,1010,989,4.610717896865521,4.411667190267505,0.2937904083108024,0.6775262260687511,4.32
2018-11-06,4415,4575,973,1004,4.556772908366534,4.402922387691046,0.297473330043405,0.5171909718865864,3.38
2018-11-05,4515,4490,965,975,4.605128205128205,4.394066981575017,0.30260289571834775,0.6974858024810043,4.58
2018-11-02,4575,4550,959,973,4.676258992805756,4.385440345201546,0.3056697742985892,0.951414474236265,6.22
2018-11-01,4585,4540,909,943,4.814422057264051,4.375797335538826,0.30774398755808446,1.4252909543600332,9.11
2018-10-31,4495,4470,946,908,4.922907488986784,4.36344231178318,0.308486261368127,1.8135821502143836,11.36
2018-10-30,4400,4460,953,975,4.574358974358974,4.349722130515275,0.3061729182048035,0.7336927288044345,4.91
2018-10-29,4345,4275,943,956,4.4717573221757325,4.340134707916951,0.3102200200981789,0.42428794317376944,2.94
2018-10-26,4365,4345,940,942,4.612526539278131,4.332217313700014,0.3143102676140336,0.8918233174690012,6.08
2018-10-25,4415,4315,952,928,4.649784482758621,4.323359033621637,0.31564464891747185,1.0341548645176966,7.02
2018-10-24,4365,4470,1003,990,4.515151515151516,4.313420340119783,0.3169425877357609,0.6364912221891702,4.47
2018-10-23,4390,4320,1011,990,4.363636363636363,4.306881890609198,0.3177706461325711,0.17860200027251152,1.3
2018-10-22,4410,4465,1006,1020,4.377450980392157,4.302304133341085,0.3193889492445564,0.2352831781713653,1.72
2018-10-19,4365,4405,1005,1024,4.3017578125,4.296132425126811,0.32233583536736377,0.017451945319010648,0.13
2018-10-18,4380,4400,1032,1021,4.3095004897159646,4.29135781391789,0.3248594221956519,0.055847774632646396,0.42
2018-10-17,4290,4330,1044,1028,4.212062256809339,4.286955006599389,0.32681547620444085,-0.22915912875313527,-1.78
2018-10-16,4230,4285,1000,1034,4.144100580270793,4.284114295438231,0.3283763179339455,-0.42638189029088974,-3.38
2018-10-15,4285,4270,1000,1001,4.265734265734266,4.282972604186256,0.3290093722176924,-0.05239467294136513,-0.4
2018-10-12,4330,4330,975,1001,4.325674325674326,4.279625559074505,0.3304414662425224,0.1393552907371015,1.06
2018-10-11,4400,4375,980,985,4.441624365482234,4.274256594056418,0.33291170345235754,0.5027392239148717,3.77
2018-10-10,4460,4510,1011,1013,4.452122408687068,4.268109369506945,0.33401923163780967,0.5509055220498681,4.13
2018-10-09,4595,4460,1013,1011,4.411473788328387,4.261706030310613,0.33503202086212464,0.4470252056277579,3.39
2018-10-05,4630,4620,1025,1022,4.52054794520548,4.2546324115456,0.33738749985138106,0.788160598057175,5.88
2018-10-04,4715,4655,1035,1037,4.488910318225651,4.24373439023662,0.34179404181013795,0.7173206609763638,5.46
2018-10-03,4695,4670,1014,1023,4.565004887585533,4.232711081489107,0.347001230485614,0.9576156419716277,7.28
2018-10-02,4700,4720,1020,1024,4.609375,4.21948007644973,0.35294630539863875,1.104686230133219,8.46
2018-10-01,4720,4660,1011,1015,4.5911330049261085,4.207380143593866,0.3549223992108177,1.0812303257994709,8.36
2018-09-28,4810,4695,997,1010,4.648514851485149,4.195458323080599,0.3568437326267517,1.2696216494249983,9.75
2018-09-27,4750,4830,984,989,4.883720930232558,4.18179073607323,0.3588544100791252,1.9560305640511881,14.37
2018-09-26,4710,4745,990,995,4.768844221105527,4.164098968548755,0.35651313472107665,1.6962776225058402,12.68
2018-09-25,4470,4750,990,995,4.773869346733668,4.147454367050472,0.35703121981668046,1.754510375884864,13.12
2018-09-21,4430,4425,970,989,4.474216380182002,4.130263862397989,0.35749476638665817,0.962119029770639,7.69
2018-09-20,4450,4390,965,965,4.549222797927461,4.117262363230926,0.36244667995532637,1.1917902924363288,9.5
2018-09-19,4375,4425,962,956,4.628661087866109,4.104156404915308,0.36435666525784083,1.4395364020022245,11.33
2018-09-18,4250,4360,922,948,4.59915611814346,4.089541726598354,0.3650074217526076,1.3961754232233388,11.08
2018-09-14,4210,4210,914,918,4.586056644880174,4.07524994805341,0.36575769437467537,1.3965712948296942,11.14
2018-09-13,4170,4230,896,915,4.622950819672131,4.06131204121774,0.3659442129156974,1.5347661163418256,12.15
2018-09-12,4255,4150,896,890,4.662921348314606,4.047309283818551,0.36427448131718204,1.6899675823298417,13.2
2018-09-11,4255,4250,900,895,4.748603351955308,4.0327217576502035,0.36122331264307,1.9818255612213966,15.08
2018-09-10,4275,4230,891,901,4.694783573806881,4.01652839261498,0.35595206546079833,1.9054677497484533,14.45
2018-09-07,4220,4265,895,898,4.749443207126949,4.001872019038296,0.3503087744677525,2.134035007328856,15.74
2018-09-06,4245,4250,898,899,4.727474972191324,3.986006705056521,0.3429602602581978,2.16196554836,15.68
2018-09-05,4270,4265,910,898,4.749443207126949,3.96985763910369,0.3361135711714214,2.3194111600619123,16.41
2018-09-04,4295,4290,913,913,4.698795180722891,3.952375558390696,0.32913658242132215,2.2678111829474985,15.89
2018-09-03,4340,4295,932,918,4.678649237472767,3.9350627560927274,0.32352111262589583,2.2984171739044643,15.89
2018-08-31,4215,4295,931,930,4.618279569892473,3.918062624544841,0.31744307409215733,2.2058031895959744,15.16
2018-08-30,4250,4255,956,944,4.507415254237288,3.9019601772994754,0.31210104803249245,1.9399328542939704,13.43
2018-08-29,4155,4245,944,951,4.4637223974763405,3.886865505395791,0.30982189654138204,1.8618983955625632,12.92
2018-08-28,4215,4105,954,947,4.334741288278775,3.8721690265825934,0.30824840245260393,1.5006477179303683,10.67
2018-08-27,4185,4155,940,942,4.410828025477707,3.8578629362293366,0.31133105987289694,1.7761321002604809,12.54
2018-08-24,4135,4150,938,929,4.467168998923574,3.8423711645253578,0.3123361014914153,2.0004022314896868,13.99
2018-08-23,4100,4135,952,941,4.394261424017003,3.8259694889463933,0.31139281414862385,1.825000158158342,12.93
2018-08-22,4025,4120,932,953,4.323189926547744,3.8114625986735002,0.3099201143071593,1.6511588123869705,11.84
2018-08-21,4080,4065,940,941,4.319872476089267,3.7981505506500146,0.30909510801025064,1.687900946727213,12.08
2018-08-20,4075,4065,953,941,4.319872476089267,3.784787946955161,0.30791238733472603,1.737781755926646,12.39
2018-08-17,4130,4120,940,946,4.355179704016913,3.7712913325067614,0.3063431337833524,1.905994641691825,13.41
2018-08-16,4175,4130,919,922,4.479392624728851,3.7582077770329123,0.3020508586013074,2.387627206343643,16.1
2018-08-15,4270,4215,965,944,4.4650423728813555,3.743947795275632,0.2927699430224598,2.4630075415576558,16.15
2018-08-14,4170,4245,971,965,4.398963730569948,3.729388845393772,0.28355377533990833,2.3613682603009853,15.22
2018-08-13,4185,4145,990,980,4.229591836734694,3.714848473684474,0.27672417020034273,1.8601315623335557,12.17
2018-08-10,4305,4260,1011,997,4.272818455366099,3.699922842415017,0.27873973127827567,2.05530661281703,13.41
2018-08-09,4165,4315,1013,1011,4.268051434223541,3.684625712768177,0.2783607045619644,2.095934202974009,13.67
2018-08-08,4200,4160,1021,1023,4.066471163245357,3.6704356890395546,0.27536781477607186,1.4382053855054076,9.74
2018-08-07,4195,4215,1009,1025,4.11219512195122,3.6596539364796747,0.27548092197161167,1.642731490198001,11.0
2018-08-06,4160,4215,1012,1020,4.132352941176471,3.6495080612574817,0.272624935739072,1.7710958046079754,11.68
2018-08-03,3920,4150,1025,1013,4.096742349457058,3.639972693587999,0.26803818418249264,1.7041215872365012,11.15
2018-08-02,4120,3995,1075,1026,3.8937621832358675,3.631591886504329,0.26341199302703616,0.9952861056885515,6.73
2018-08-01,4150,4120,1118,1135,3.6299559471365637,3.6247283298450497,0.2631977565246356,0.019861937124926392,0.14
2018-07-31,4130,4045,1105,1097,3.6873290793072013,3.622506571193659,0.2638467541643944,0.24568241636640895,1.76
2018-07-30,4175,4125,1090,1095,3.767123287671233,3.618763428890809,0.264889887305363,0.5600812484373769,3.94
2018-07-27,4140,4200,1075,1084,3.874538745387454,3.6153568238148828,0.26460274451200233,0.9795133533122313,6.69
2018-07-26,4075,4145,1089,1078,3.845083487940631,3.6120201528770157,0.2628856641788278,0.8865577961112171,6.06
2018-07-25,4035,4030,1075,1077,3.741875580315692,3.610024985308522,0.261674307000223,0.5038729117836449,3.52
2018-07-24,4090,4035,1033,1058,3.8137996219281662,3.6085609838602872,0.26123933133767746,0.7856345253103865,5.38
2018-07-23,4010,4045,1008,1024,3.9501953125,3.604538680443533,0.2603692849030238,1.3275630118399302,8.75
2018-07-20,4030,4030,1035,1019,3.954857703631011,3.5971535877976035,0.25830734005997824,1.384800430953102,9.04
2018-07-19,4095,4060,1030,1043,3.8926174496644297,3.5908097486484145,0.2552691227358279,1.182311819703901,7.75
2018-07-18,4095,4065,1029,1027,3.9581304771178187,3.585687419676028,0.2530060061812994,1.4720719996461455,9.41
2018-07-17,3990,4040,1016,1022,3.9530332681017613,3.5809788215599028,0.24928962298251064,1.4924586193784755,9.41
2018-07-13,3900,3950,1009,1016,3.8877952755905514,3.575192346239181,0.24559583125974616,1.272834834972246,8.04
2018-07-12,3920,3890,1005,999,3.893893893893894,3.570846287147574,0.24289475028966254,1.3299900733180583,8.3
2018-07-11,3925,3890,1010,1009,3.855302279484638,3.5660918810001334,0.23999746794854523,1.205056040618356,7.5
2018-07-10,3960,3940,1020,1016,3.877952755905512,3.5622027611437836,0.23763102818427817,1.3287405991311476,8.14
2018-07-09,3920,3960,1003,1003,3.9481555333998006,3.5576418599645647,0.23479274085233434,1.66322720207452,9.89
2018-07-06,3940,3920,979,1004,3.904382470119522,3.5519985090466926,0.23038387111773512,1.5295513499412792,9.03
2018-07-05,3945,3900,981,969,4.024767801857585,3.5466761215233076,0.22676405786128334,2.1083221249583444,11.88
2018-07-04,3850,3960,991,985,4.020304568527918,3.54027718187513,0.21984861618432186,2.1834451132061323,11.94
2018-07-03,3905,3895,1000,995,3.9145728643216082,3.534192868196811,0.2126770703350037,1.788533176264052,9.72
2018-07-02,4035,3920,1012,994,3.943661971830986,3.5293851048102383,0.20804918115529114,1.9912448812356778,10.5
2018-06-29,4050,4035,1012,1014,3.9792899408284024,3.524261629314294,0.2024398357824136,2.247721204452971,11.43
2018-06-28,4080,4035,1001,1009,3.9990089197224976,3.5191051934620274,0.1955934865600776,2.4535772366482416,12.0
2018-06-27,4100,4095,1016,1009,4.058473736372646,3.514890765589305,0.18848372999853424,2.883978212801539,13.39
2018-06-26,4045,4095,1010,1020,4.014705882352941,3.507929183130147,0.1776063900032722,2.853369742009043,12.62
2018-06-25,4095,4025,1046,1026,3.923001949317739,3.502648798602795,0.16809336745747322,2.5007122950362146,10.72
2018-06-22,4115,4100,1019,1030,3.9805825242718447,3.495687451290571,0.1612110356181264,3.007828038087193,12.18
2018-06-21,4025,4095,1050,1031,3.9718719689621724,3.4880593656949297,0.1513183558299687,3.197316020343801,12.18
2018-06-20,4010,4075,1090,1050,3.880952380952381,3.4792692196078794,0.1418076561306884,2.832591499674141,10.35
2018-06-19,4095,4055,1099,1095,3.7031963470319633,3.4712569821574393,0.1357319042208343,1.708805061020593,6.26
2018-06-18,4100,4065,1132,1110,3.6621621621621623,3.465018285765641,0.1356809857106198,1.4529956085150308,5.38
2018-06-15,4095,4080,1130,1142,3.5726795096322244,3.4586087234940095,0.13755806820745534,0.8292555109612428,3.19
2018-06-14,4150,4135,1128,1117,3.701880035810206,3.453744409683092,0.1398693123707928,1.7740533782657621,6.7
2018-06-13,4100,4185,1123,1132,3.6969964664310955,3.4465863376128474,0.1407220339516897,1.7794663833825388,6.77
2018-06-12,4025,4080,1138,1126,3.6234458259325044,3.4409172124675917,0.13907466569152827,1.3124504923834694,5.04
2018-06-11,3990,4005,1120,1126,3.5568383658969807,3.4351238533803516,0.14039415136760006,0.8669485967256475,3.42
2018-06-08,3925,3950,1124,1122,3.520499108734403,3.4306194520278956,0.14182894078042813,0.6337187333694752,2.55
2018-06-07,3935,3955,1129,1135,3.484581497797357,3.426915168235008,0.14305584956426126,0.40310361119798344,1.65
2018-06-06,3925,3905,1096,1116,3.49910394265233,3.4241342191729456,0.14393239382808345,0.520867620453322,2.14
2018-06-05,3985,3955,1123,1109,3.5662759242560864,3.4221207754025946,0.14392578670302478,1.001593614012618,4.04
2018-06-04,3945,3960,1118,1121,3.5325602140945582,3.420156015331432,0.1429469565790063,0.7863350256149084,3.18
2018-06-01,3850,3880,1096,1100,3.5272727272727273,3.4195032999085324,0.14254340832273185,0.7560463765549557,3.06
2018-05-31,3865,3870,1086,1093,3.5407136322049406,3.419364110011381,0.14244316792486728,0.8519153565691978,3.43
2018-05-30,3890,3880,1095,1086,3.572744014732965,3.419220427503937,0.14232607697213415,1.0786750432184438,4.3
2018-05-29,3960,3965,1125,1111,3.568856885688569,3.4192372702437193,0.1423443173930782,1.0511105619459402,4.19
2018-05-28,4045,3990,1135,1129,3.5341009743135516,3.4191600192753793,0.14226464699441643,0.8079375829940627,3.25
2018-05-25,4030,4045,1120,1125,3.5955555555555554,3.418902245384391,0.14207353496008518,1.2433935019692026,4.91
2018-05-24,4130,4065,1161,1142,3.5595446584938704,3.4174961581089964,0.1408347024649982,1.0086185996677728,3.99
2018-05-23,4085,4100,1179,1166,3.5162950257289878,3.4193083957048787,0.14350015979700953,0.6758642649687856,2.76
2018-05-22,4045,4095,1194,1191,3.438287153652393,3.4217766410626496,0.14670342484491916,0.11254347065991593,0.48
2018-05-21,4080,4060,1212,1194,3.4003350083752095,3.4243346388313025,0.14862896979123777,-0.16147343609931863,-0.71
2018-05-18,4135,4115,1210,1209,3.4036393713813067,3.428186653534447,0.1516696742287367,-0.16184700255978762,-0.72
2018-05-17,4045,4120,1195,1208,3.410596026490066,3.4327757085710617,0.1560025318916416,-0.1421751417239914,-0.65
2018-05-16,4000,4020,1179,1191,3.375314861460957,3.4364482472407,0.15865672521855534,-0.3853185907847856,-1.81
2018-05-15,3875,3980,1187,1184,3.3614864864864864,3.441255150511892,0.16215455443263005,-0.49192984004989315,-2.37
2018-05-14,3790,3875,1186,1188,3.2617845117845117,3.447237469729505,0.16729620108689006,-1.1085305986635823,-5.69
2018-05-11,3810,3850,1176,1185,3.2489451476793247,3.4555045853299537,0.17314514616511748,-1.1929842806777065,-6.36
2018-05-10,3865,3810,1167,1177,3.2370433305012742,3.463610459208481,0.1774619291545889,-1.2767083609794523,-7.0
2018-05-09,3885,3865,1170,1169,3.306244653550043,3.473209869269623,0.18428759206799755,-0.9060035667402622,-5.05
2018-05-08,3840,3890,1162,1170,3.324786324786325,3.4823631468472143,0.1926272642960297,-0.8180400767085865,-4.74
2018-05-07,3885,3885,1177,1171,3.3176771989752347,3.490807966761313,0.19930167071684876,-0.8686869867340353,-5.22
2018-05-02,3875,3860,1152,1167,3.3076263924592975,3.4984370726397787,0.2034367985772607,-0.9379359167806388,-5.77
2018-05-01,3855,3880,1113,1150,3.373913043478261,3.5044346781871303,0.20435163512386187,-0.6387109877039027,-3.87
2018-04-27,3825,3860,1135,1132,3.409893992932862,3.512145899499551,0.21011160244202023,-0.4866552126501691,-3.0
2018-04-26,3805,3815,1141,1131,3.3731211317418213,3.5204460227981,0.21805386966936752,-0.6756352972761536,-4.37
2018-04-25,3710,3765,1140,1138,3.3084358523725834,3.5287564029077294,0.22407466900373404,-0.9832461273499616,-6.66
2018-04-24,3660,3670,1179,1180,3.110169491525424,3.537372276003022,0.22782934710460714,-1.8750998934366847,-13.74
2018-04-23,3690,3660,1158,1171,3.125533731853117,3.550488231729399,0.23114921498661897,-1.8384423235046765,-13.6
2018-04-20,3725,3710,1142,1158,3.203799654576857,3.5638702700096343,0.23517713964375453,-1.5310612926843619,-11.24
2018-04-19,3695,3740,1125,1148,3.2578397212543555,3.576421963886209,0.24068158664917783,-1.3236668706868095,-9.78
2018-04-18,3735,3740,1093,1116,3.3512544802867383,3.590313516541766,0.25170734903484776,-0.9497499265384218,-7.13
2018-04-17,3740,3735,1095,1093,3.4172003659652335,3.6023388205291487,0.26135810998998843,-0.7083708042233972,-5.42
2018-04-16,3700,3815,1109,1100,3.4681818181818183,3.612406562842426,0.2684786907057761,-0.5371925208718431,-4.16
2018-04-13,3735,3700,1088,1095,3.3789954337899544,3.621054743490607,0.27408170347964905,-0.8831647885559268,-7.16
2018-04-12,3720,3730,1100,1077,3.4633240482822654,3.6292217035251513,0.27586726200277795,-0.601367679653178,-4.79
2018-04-11,3755,3720,1085,1092,3.4065934065934065,3.636199774254683,0.27819196962256526,-0.8253522485670349,-6.74
2018-04-10,3805,3775,1054,1075,3.511627906976744,3.644137331762441,0.2800144658540841,-0.47322349715584844,-3.77
2018-04-09,3885,3820,1047,1054,3.6242884250474385,3.650333003903225,0.28214663089767045,-0.09230866508284657,-0.72
2018-04-06,3860,3895,1055,1054,3.695445920303605,3.655138149295951,0.28471923468017607,0.14157024218237868,1.09
2018-04-05,3795,3850,1077,1060,3.6320754716981134,3.6573439061506647,0.2856622092010392,-0.08845564319909144,-0.7
2018-04-04,3675,3765,1091,1072,3.512126865671642,3.6602650704039927,0.2865078151023485,-0.5170476926761383,-4.22
2018-04-03,3735,3685,1060,1085,3.3963133640552994,3.664194991365573,0.2864703507717687,-0.9351111784817662,-7.89
2018-04-02,3780,3740,1071,1075,3.4790697674418603,3.6699906253847416,0.2853870841142387,-0.668989132901533,-5.49
2018-03-30,3800,3740,1058,1066,3.5084427767354596,3.675815699609363,0.2858888974437268,-0.5854474390942319,-4.77
2018-03-29,3695,3760,1056,1043,3.604985618408437,3.6812852664139744,0.2865577478134799,-0.266262729197609,-2.12
2018-03-28,3660,3695,1030,1050,3.519047619047619,3.685027949362893,0.28736871793445024,-0.5775866333270648,-4.72
2018-03-27,3555,3715,1022,1043,3.5618408437200384,3.689462071846165,0.28733912462624794,-0.4441484545208656,-3.58
2018-03-26,3550,3555,1000,1005,3.537313432835821,3.6936439622696655,0.28773339033479384,-0.5433173023539086,-4.42
2018-03-23,3660,3585,1012,1006,3.5636182902584492,3.6979920404081037,0.28780211461627714,-0.4668963267654001,-3.77
2018-03-22,3685,3695,1048,1045,3.535885167464115,3.7018858035022206,0.2879332579188254,-0.5765247031133334,-4.69
2018-03-20,3675,3680,1040,1044,3.524904214559387,3.7053719810673456,0.2874847817652209,-0.6277471989990082,-5.12
2018-03-19,3700,3705,1058,1057,3.5052034058656574,3.710678923555697,0.2877779437090417,-0.7140071787356501,-5.86
2018-03-16,3760,3715,1055,1048,3.5448473282442747,3.715345356943894,0.28724530230260004,-0.5935624615368205,-4.81
2018-03-15,3785,3760,1058,1055,3.5639810426540284,3.7192026771201494,0.2868720493955471,-0.5410831581298363,-4.36
2018-03-14,3770,3785,1051,1065,3.5539906103286385,3.723642761436431,0.2870122649667795,-0.5910972171430694,-4.77
2018-03-13,3765,3805,1050,1069,3.559401309635173,3.72873435407617,0.2873444628118615,-0.5893033148575677,-4.76
2018-03-12,3785,3765,1035,1048,3.592557251908397,3.73291156239992,0.2871295746475934,-0.48881871769491514,-3.91
2018-03-09,3800,3775,1050,1025,3.682926829268293,3.7376113878537027,0.28767803131838426,-0.1900894494264958,-1.48
2018-03-08,3750,3745,1044,1059,3.5363550519357885,3.740904929042473,0.28844608961578455,-0.7091442195633467,-5.78
2018-03-07,3735,3720,1102,1028,3.6186770428015564,3.7447302139202545,0.28760919845627014,-0.4382793450115051,-3.48
2018-03-06,3780,3775,1133,1110,3.400900900900901,3.7463299465135114,0.2872370536462678,-1.2025922186139884,-10.16
2018-03-05,3730,3780,1115,1109,3.4084761045987375,3.7514135227367933,0.28443884846360257,-1.20566308009765,-10.06
2018-03-02,3770,3730,1126,1126,3.3126110124333925,3.7555907820226615,0.2816587369974239,-1.572753518359065,-13.37
2018-03-01,3870,3795,1179,1157,3.2800345721694035,3.7624355265345995,0.27700977683736483,-1.7414582253117308,-14.71
2018-02-28,3875,3850,1213,1190,3.235294117647059,3.77025067895524,0.2715032438765956,-1.970350533090982,-16.54
2018-02-27,3925,3875,1230,1218,3.1814449917898195,3.7781916742073145,0.2643562604187804,-2.257357860457542,-18.76
2018-02-26,3895,3920,1229,1222,3.2078559738134205,3.7859253128488937,0.2551079464640344,-2.265979351282068,-18.02
2018-02-23,3885,3855,1194,1218,3.165024630541872,3.793645904784764,0.24609946635986618,-2.554338225681775,-19.86
2018-02-22,3850,3900,1204,1192,3.271812080536913,3.806945409209368,0.23860664079984875,-2.2427428125160307,-16.36
2018-02-21,3875,3865,1213,1212,3.188943894389439,3.8214265112934376,0.2386471449896771,-2.650283609851512,-19.83
2018-02-20,3875,3895,1195,1210,3.21900826446281,3.842892766614622,0.2527797496367851,-2.468095260986139,-19.38
2018-02-19,3850,3875,1175,1195,3.2426778242677825,3.8651578416069703,0.26981514994378725,-2.3070610285185027,-19.2
2018-02-16,3785,3810,1135,1163,3.2760103181427342,3.8868755823485768,0.28401647017107057,-2.1508092958056353,-18.65
2018-02-15,3795,3780,1122,1129,3.3480956598759963,3.907221847413605,0.29400938643938673,-1.901729037664172,-16.7
2018-02-14,3825,3795,1110,1110,3.418918918918919,3.9301615243295442,0.31580072928719594,-1.6188772159094365,-14.95
2018-02-13,3890,3825,1120,1098,3.4836065573770494,3.952165327440614,0.3362438421077569,-1.3935088509766806,-13.45
2018-02-09,3860,3865,1070,1099,3.516833484986351,3.9730751509152173,0.3547101522779775,-1.2862379692231674,-12.97
2018-02-08,3970,3950,1109,1119,3.5299374441465594,3.9914901602310455,0.3662106403586856,-1.2603476393597344,-13.08
2018-02-07,4035,3960,1151,1108,3.5740072202166067,4.014234887900385,0.38909680873379887,-1.1314090935784595,-12.32
2018-02-06,4100,3955,1134,1110,3.563063063063063,4.0331699694346606,0.40156767069183663,-1.1706791673783872,-13.19
2018-02-05,4140,4165,1182,1185,3.5147679324894514,4.05394138171756,0.4167186598354331,-1.2938548262778395,-15.34
2018-02-02,4165,4230,1220,1212,3.49009900990099,4.07697428961563,0.43367623324613985,-1.3532567263872852,-16.82
2018-02-01,4115,4235,1146,1146,3.695462478184991,4.093856113852476,0.4351433417485472,-0.9155457465271317,-10.78
2018-01-31,4215,4190,1164,1132,3.7014134275618376,4.108212741705985,0.4395030079773186,-0.9255893742714514,-10.99
2018-01-30,4245,4240,1150,1168,3.6301369863013697,4.1113574415732,0.4374198974436646,-1.1001338944207653,-13.26
2018-01-29,4275,4250,1156,1152,3.689236111111111,4.103452691112574,0.4511850150648681,-0.9180636904395195,-11.23
2018-01-26,4295,4295,1156,1146,3.7478184991273995,4.0951471286574215,0.464277090086239,-0.7481063290577314,-9.27
2018-01-25,4275,4250,1135,1153,3.686036426712923,4.086220991455127,0.47712665075229,-0.8387386537960713,-10.86
2018-01-24,4245,4285,1120,1147,3.735832606800349,4.078885159853671,0.48734328915260766,-0.7039238267748019,-9.18
2018-01-23,4265,4275,1105,1122,3.8101604278074865,4.071238428005981,0.4970683140536583,-0.5252356523580605,-6.85
2018-01-22,4215,4270,1101,1100,3.881818181818182,4.063308243349057,0.5058373272726053,-0.3587913579044085,-4.68
2018-01-19,4295,4285,1093,1111,3.8568856885688567,4.05450786603506,0.5145841186113311,-0.3840425118433715,-5.12
2018-01-18,4400,4325,1122,1093,3.956999085086917,4.046029431984759,0.5229409840278367,-0.17024931993684203,-2.25
2018-01-17,4460,4400,1123,1102,3.9927404718693285,4.036522487436643,0.5308939192734711,-0.08246848189037473,-1.1
2018-01-16,4460,4445,1140,1123,3.958147818343722,4.025958806428849,0.5394729950519823,-0.1256985775137699,-1.71
2018-01-15,4440,4450,1184,1144,3.88986013986014,4.015453661403577,0.5482903776711618,-0.229063880487726,-3.23
2018-01-12,4430,4415,1132,1175,3.7574468085106383,4.005019559985869,0.557942348532892,-0.44372461084236164,-6.59
2018-01-11,4445,4470,1111,1131,3.952254641909814,3.995942131156109,0.5673551720021616,-0.07700201108967487,-1.11
2018-01-10,4440,4480,1111,1111,4.032403240324032,3.9849430943322335,0.5760254888643799,0.0823924408021687,1.18
2018-01-09,4425,4440,1143,1111,3.9963996399639963,3.9725918592087215,0.5847408859048692,0.04071509506032395,0.6
2018-01-05,4405,4445,1080,1124,3.954626334519573,3.960186090895758,0.5939023694975496,-0.009361397868960017,-0.14
2018-01-04,4355,4405,1054,1076,4.093866171003717,3.947942768227133,0.6032815980742217,0.2418827347666444,3.56
2017-12-29,4340,4315,1047,1045,4.1291866028708135,3.9339031151911974,0.6119130135327355,0.3191360264626388,4.73
2017-12-28,4390,4340,1020,1047,4.145176695319962,3.919807533879602,0.6193827476591415,0.36386089585495685,5.44
2017-12-27,4400,4390,1027,1021,4.299706170421156,3.9051532756996243,0.6268341497320379,0.6294374594782319,9.18
2017-12-26,4370,4385,1039,1031,4.253152279340446,3.888081988661892,0.6332580311995991,0.5764953189570934,8.58
2017-12-25,4280,4335,1036,1039,4.17228103946102,3.8721947291196717,0.6388221758258262,0.4697493632769043,7.19
2017-12-22,4240,4265,1059,1036,4.116795366795367,3.858230981926858,0.6435387284529014,0.4017852748196068,6.28
2017-12-21,4180,4235,1050,1061,3.991517436380773,3.8456441486978226,0.6475776253628529,0.22525992555906182,3.65
2017-12-20,4145,4190,1047,1051,3.9866793529971454,3.835270244751731,0.6513785023081945,0.23244412842746312,3.8
2017-12-19,4200,4190,1057,1047,4.0019102196752625,3.8244609450199256,0.6554898408779303,0.27071247117677705,4.43
2017-12-18,4190,4195,1048,1055,3.976303317535545,3.814855382111658,0.6580924534005723,0.24532713388466085,4.06
2017-12-15,4145,4160,1065,1044,3.9846743295019156,3.805359425652145,0.6608269728788684,0.2713492505740073,4.5
2017-12-14,4150,4135,1071,1071,3.860877684407096,3.7964437679254526,0.6628552254964692,0.09720662069667407,1.67
2017-12-13,4095,4140,1076,1075,3.8511627906976744,3.7881213426708213,0.6659053997807888,0.0946702760596413,1.64
2017-12-12,4085,4100,1065,1077,3.806870937790158,3.7801995469608496,0.6686367154218888,0.039889210709106136,0.7
2017-12-11,4125,4080,1047,1065,3.8309859154929575,3.770829312369848,0.6731066176749297,0.08937158177244571,1.57
2017-12-08,4020,4100,1043,1047,3.915950334288443,3.7603292103082033,0.6782093160797797,0.2294588415266382,3.97
2017-12-07,4080,4095,1041,1045,3.9186602870813396,3.7493212974733985,0.6822819326420467,0.2481950371339869,4.32
2017-12-06,4090,4045,1051,1041,3.8856868395773296,3.738636910823561,0.6858116518900773,0.21441736714228046,3.78
2017-12-05,4005,4075,1031,1058,3.8516068052930055,3.7275216810914027,0.6900805829435476,0.1798125135941604,3.22
2017-12-04,4085,4015,1047,1036,3.8754826254826256,3.717581065101638,0.6935824525167775,0.22766083514370355,4.07
2017-12-01,4080,4045,1060,1047,3.8634192932187204,3.7076448727516524,0.6965806513601628,0.22362725717818668,4.03
2017-11-30,4010,4060,1061,1053,3.855650522317189,3.6982324344898583,0.6991767481666541,0.2251477730632552,4.08
2017-11-29,3980,4010,1015,1056,3.797348484848485,3.68781141517995,0.7025691687846795,0.15590930336156755,2.88
2017-11-28,3960,3970,1018,1012,3.9229249011857705,3.677783875633542,0.7062913541756338,0.3470820138218332,6.25
2017-11-27,3965,3940,1034,1022,3.8551859099804306,3.6671640340391876,0.7085100958279744,0.26537642448343407,4.88
2017-11-24,3965,3930,1025,1025,3.8341463414634145,3.6574790349142456,0.7108345193348122,0.2485350693358158,4.61
2017-11-22,4075,4010,1036,1029,3.8969873663751216,3.6476781282415844,0.7133939931129332,0.3494692141234086,6.4
2017-11-21,3990,4050,1035,1029,3.935860058309038,3.636099535716753,0.7162949188755402,0.41848757361403244,7.62
2017-11-20,3975,3985,1010,1029,3.872691933916424,3.6235023539869182,0.7192142381289585,0.34647475914516696,6.43
2017-11-17,4085,4020,1050,1019,3.9450441609421003,3.6112581711250846,0.722676245487684,0.46187486014815204,8.46
2017-11-16,4025,4095,1035,1042,3.9299424184261036,3.595753578453382,0.7278046175441926,0.4591738385782221,8.5
2017-11-15,4070,4045,1091,1058,3.8232514177693764,3.5835434715032095,0.7297746330421271,0.32846845507211464,6.27
2017-11-14,4110,4120,1082,1102,3.7386569872958257,3.572958009829329,0.7319754260836635,0.2263723228429221,4.43
2017-11-13,4135,4115,1108,1088,3.782169117647059,3.562703949920776,0.7349630160817023,0.29860709032178806,5.8
2017-11-10,4100,4120,1079,1107,3.7217705510388437,3.552517644385904,0.7371416805579181,0.22960702279762238,4.55
2017-11-09,4160,4155,1078,1086,3.8259668508287294,3.54337022751491,0.7392383721430168,0.38228078244177904,7.39
2017-11-08,4130,4160,1077,1076,3.866171003717472,3.533551047867836,0.7403096934434802,0.4492983933554699,8.6
2017-11-07,4120,4145,1065,1082,3.83086876155268,3.5234765111224338,0.7408557104986151,0.41491513944512015,8.02
2017-11-06,4105,4100,1120,1090,3.761467889908257,3.513764687442911,0.7415363440348866,0.3340405422578887,6.59
2017-11-02,4150,4105,1016,1084,3.78690036900369,3.504912075342989,0.7424889195290004,0.3797878813323985,7.45
2017-11-01,4140,4150,964,997,4.162487462387161,3.496233403756273,0.7429460675157574,0.896773114175959,16.01
2017-10-31,4395,4140,931,950,4.3578947368421055,3.482722818236272,0.7399145575832854,1.1828013243371327,20.08
2017-10-30,4440,4415,906,920,4.798913043478261,3.4672342760338606,0.7335635648390809,1.8153556573335612,27.75
2017-10-27,4345,4400,884,900,4.888888888888889,3.4461875442976875,0.7175234741431173,2.0106677991463737,29.51
2017-10-26,4390,4360,915,895,4.871508379888268,3.4234266015367445,0.6982133833097225,2.073981698098108,29.73
2017-10-25,4410,4365,882,909,4.801980198019802,3.401817490905011,0.6778443633594746,2.06561090244289,29.16
2017-10-24,4395,4435,867,875,5.0685714285714285,3.381720448088147,0.6580901646476867,2.563252075627584,33.28
2017-10-23,4440,4395,887,867,5.069204152249135,3.358124043168563,0.6282339622438454,2.7236351612847476,33.75
2017-10-20,4335,4385,887,868,5.0518433179723505,3.335484149421403,0.5959281516835688,2.880144466580453,33.97
2017-10-19,4325,4320,818,882,4.8979591836734695,3.313793751921822,0.5616835088964259,2.820388006164102,32.34
2017-10-18,4255,4330,843,827,5.235792019347038,3.2952813903047318,0.5312207026405713,3.6529273414919463,37.06
2017-10-17,4245,4260,842,853,4.9941383352872215,3.2735083227239827,0.4824672172263692,3.566314873070298,34.45
2017-10-16,4195,4235,775,827,5.120918984280532,3.255486930742174,0.4413517213937333,4.226633687181639,36.43
2017-10-13,4190,4220,860,805,5.24223602484472,3.2373938845577146,0.38924691530848593,5.150566546424981,38.24
2017-10-12,4210,4195,878,882,4.7562358276643995,3.219476969999121,0.32160093537703976,4.778465136811891,32.31
2017-10-11,4175,4190,888,878,4.7722095671981775,3.207983569220006,0.27906497824004295,5.60523935265239,32.78
2017-10-10,4150,4205,1068,1068,3.9372659176029963,3.1964133103832317,0.22712707578616673,3.261841877087586,18.82
2017-10-06,4115,4155,1350,1368,3.037280701754386,3.195983614944391,0.22575138938091932,-0.7029986111058616,-5.23
2017-10-05,4100,4115,1340,1342,3.0663189269746645,3.2057844379489073,0.23443763609611915,-0.5948938630189147,-4.55
2017-10-04,4145,4125,1339,1340,3.078358208955224,3.215633136513401,0.2437040532193388,-0.5632853690563231,-4.46
2017-10-03,4160,4155,1310,1325,3.1358490566037736,3.2256714512443048,0.2531648911987344,-0.35479799041337307,-2.86
2017-10-02,4180,4130,1287,1306,3.1623277182235836,3.235437366261946,0.26343058953724025,-0.277529075749295,-2.31
2017-09-29,4125,4135,1290,1286,3.2153965785381025,3.2420245572349446,0.2676629248895617,-0.09948325382691289,-0.83
2017-09-28,4100,4140,1298,1285,3.2217898832684826,3.2480540466711343,0.27205254290235764,-0.09654077525780808,-0.82
2017-09-27,4150,4110,1282,1276,3.2210031347962382,3.2535985473316633,0.27567410621509497,-0.11823893430887732,-1.01
2017-09-26,4145,4175,1289,1287,3.243978243978244,3.259574525813214,0.2797308446735154,-0.05575460172500101,-0.48
2017-09-25,4095,4135,1307,1292,3.2004643962848296,3.2661771129740305,0.28507781652621667,-0.23050799774579345,-2.05
2017-09-22,4160,4115,1330,1298,3.170261941448382,3.273296520256548,0.28997319071230665,-0.35532449932721677,-3.25
2017-09-21,4160,4170,1359,1342,3.107302533532042,3.2822284403094906,0.2968964778879155,-0.5891814817806185,-5.63
2017-09-20,4195,4175,1347,1357,3.0766396462785557,3.2925141338309563,0.3039373560459315,-0.7102598060364034,-7.02
2017-09-19,4135,4200,1340,1343,3.1273268801191363,3.3007837074936375,0.3063789960823049,-0.5661511709108942,-5.55
2017-09-15,4085,4100,1326,1320,3.106060606060606,3.3116032911782614,0.314288591685318,-0.6539934650999212,-6.62
2017-09-14,4105,4090,1350,1334,3.0659670164917543,3.3217192583524717,0.31967392660459415,-0.8000409810621131,-8.34
2017-09-13,4085,4090,1360,1347,3.03637713437268,3.3320024888302564,0.3236612707826734,-0.9133788350478236,-9.74
2017-09-12,4115,4090,1350,1345,3.04089219330855,3.3435579435583724,0.328337568546247,-0.9218127294720201,-9.95
2017-09-11,4080,4095,1327,1333,3.072018004501125,3.3541577524821977,0.3312151882392944,-0.8518321562513428,-9.18
2017-09-08,4025,4030,1335,1323,3.0461073318216174,3.3651126754484566,0.33526501079480403,-0.9515020457117834,-10.47
2017-09-07,4090,4055,1343,1343,3.0193596425912137,3.3773125852809676,0.3400484550777294,-1.0526527538786548,-11.86
2017-09-06,4000,4075,1303,1331,3.0616078136739295,3.3911016205116824,0.34616683084507793,-0.9518352929232933,-10.76
2017-09-05,4125,4075,1315,1304,3.125,3.4041528703588395,0.35190291538357565,-0.7932667169141288,-8.93
2017-09-04,4210,4150,1314,1308,3.172782874617737,3.4182659026995377,0.3615182199247826,-0.6790336269438251,-7.74
2017-09-01,4250,4245,1324,1321,3.213474640423921,3.433404067577058,0.3744612621936733,-0.5873222395949418,-6.84
2017-08-31,4240,4205,1300,1324,3.1759818731117826,3.4465881284017956,0.38377695478187973,-0.7051133527384742,-8.52
2017-08-30,4170,4220,1277,1286,3.28149300155521,3.4596731124896665,0.3909898179843861,-0.45571547579679433,-5.43
2017-08-29,4085,4165,1245,1276,3.2641065830721003,3.4718077229362203,0.3993058405877224,-0.5201555267972362,-6.36
2017-08-28,4105,4145,1260,1250,3.316,3.481898930851058,0.40347099879147125,-0.4111793198221938,-5.0
2017-08-25,4065,4075,1259,1259,3.2366957903097697,3.4911521430823633,0.40749806642705033,-0.6244357304653517,-7.86
2017-08-24,4085,4055,1265,1245,3.2570281124497993,3.5012336092835086,0.4104206975751778,-0.5950126255242709,-7.5
2017-08-23,4105,4085,1355,1316,3.1041033434650456,3.510340855202186,0.41247396603652775,-0.984880368670747,-13.09
2017-08-22,4040,4060,1315,1334,3.0434782608695654,3.5204014497798077,0.41164395115581875,-1.158581797621784,-15.67
2017-08-21,4040,4070,1304,1317,3.0903568716780563,3.530180162573948,0.40890031953288763,-1.075624718020102,-14.23
2017-08-18,4030,4065,1320,1304,3.1173312883435584,3.540970493296571,0.40782803400845846,-1.0387692106134765,-13.59
2017-08-17,4075,4105,1322,1345,3.0520446096654275,3.555971732684313,0.41263328831130014,-1.2212468971691675,-16.51
2017-08-16,4080,4100,1311,1320,3.106060606060606,3.5704136561127635,0.41369674164230374,-1.12244792697365,-14.95
2017-08-15,4090,4085,1299,1305,3.1302681992337167,3.5831825212345696,0.4139465194156673,-1.0941372876868083,-14.47
2017-08-14,4095,4070,1300,1289,3.157486423584174,3.5972923861050017,0.4162969305516098,-1.056471787908855,-13.93
2017-08-10,4050,4150,1340,1350,3.074074074074074,3.612708906993161,0.42110579831753225,-1.2790962154193204,-17.52
2017-08-09,4080,4035,1300,1325,3.0452830188679245,3.6280631330140536,0.42217901231321764,-1.3804099615301586,-19.14
2017-08-08,4090,4080,1316,1305,3.1264367816091956,3.644422710214489,0.4230509338109977,-1.2244055909275193,-16.57
2017-08-07,4040,4105,1323,1312,3.128810975609756,3.659709137952499,0.42476784749520696,-1.249854868896906,-16.97
2017-08-04,4030,4035,1319,1302,3.0990783410138247,3.674984297604726,0.42599891204751805,-1.3518953694573328,-18.58
2017-08-03,4020,4025,1342,1329,3.0285929270127916,3.6911685384701376,0.4268684409837747,-1.5521775513091411,-21.88
2017-08-02,4030,4020,1365,1344,2.9910714285714284,3.706784510043022,0.42375544377073066,-1.6889767246478704,-23.93
2017-08-01,3875,4015,1379,1359,2.9543782192788814,3.723521714280226,0.41992918510843574,-1.831602856569098,-26.03
2017-07-31,3800,3845,1310,1382,2.7821997105643996,3.7400023740041655,0.4136276523530822,-2.315615646079105,-34.43
2017-07-28,3800,3825,1251,1269,3.0141843971631204,3.7581713007338635,0.40088835659533045,-1.8558456271698291,-24.68
2017-07-27,3810,3820,1268,1261,3.02934179222839,3.7721821754383558,0.39292518501257645,-1.8905389920124094,-24.52
2017-07-26,3840,3810,1287,1283,2.969602494154326,3.7887757371574686,0.3874443069959909,-2.114299341122127,-27.59
2017-07-25,3805,3815,1255,1264,3.0181962025316458,3.806503212967628,0.37990108557445884,-2.0750322659488107,-26.12
2017-07-24,3850,3825,1248,1260,3.0357142857142856,3.8231993724440767,0.3723302358778181,-2.1150178278516387,-25.94
2017-07-21,3880,3865,1255,1251,3.0895283772981617,3.8404459201859806,0.3653461626009027,-2.0553590532935395,-24.31
2017-07-20,3875,3910,1259,1257,3.1105807478122514,3.855389029414225,0.35715497307161514,-2.085392442379986,-23.94
2017-07-19,3880,3875,1244,1249,3.102481985588471,3.8681140945090116,0.34725613875073374,-2.2048051092053527,-24.68
2017-07-18,3910,3875,1245,1251,3.0975219824140687,3.881942686061375,0.33699052561256154,-2.3277233157265544,-25.32
2017-07-14,3930,3920,1248,1250,3.136,3.8970877054625204,0.32676594090993144,-2.32915249166774,-24.27
2017-07-13,3970,3905,1225,1240,3.149193548387097,3.912933806711698,0.3181772381760934,-2.4003610776893898,-24.25
2017-07-12,3970,3925,1228,1228,3.196254071661238,3.9280112260665367,0.3082671002446157,-2.3737763576607294,-22.89
2017-07-11,3905,3945,1235,1225,3.220408163265306,3.9415896270622723,0.297993323736742,-2.42012624562718,-22.39
2017-07-10,3970,3920,1218,1232,3.1818181818181817,3.9544024855389965,0.2871720046624211,-2.6903190115241555,-24.28
2017-07-07,3960,3940,1198,1212,3.2508250825082508,3.968363311877033,0.27444284541845054,-2.6145270002383634,-22.07
2017-07-06,4005,3980,1190,1208,3.294701986754967,3.9799875309027093,0.2619852953034355,-2.6157404878546098,-20.8
2017-07-05,4005,3985,1198,1208,3.298841059602649,3.990314485391752,0.24974841919377813,-2.7686798900320295,-20.96
2017-07-04,4040,4005,1194,1188,3.371212121212121,3.999906802466152,0.23646889152643494,-2.658678176210543,-18.65
2017-07-03,4010,4045,1157,1181,3.42506350550381,4.0097611382241025,0.22519499719612382,-2.5964059592810376,-17.07
2017-06-30,4025,4050,1128,1154,3.5095320623916813,4.018195485140653,0.21474153952160818,-2.3687239268292024,-14.49
2017-06-29,4025,4100,1120,1138,3.602811950790861,4.024904909022141,0.20644481842961637,-2.0445800550580793,-11.72
2017-06-28,4050,4025,1076,1105,3.6425339366515836,4.029597431427886,0.20071762367048232,-1.928398153077698,-10.63
2017-06-27,4070,4050,1059,1076,3.7639405204460967,4.031562227166148,0.19761638163792844,-1.3542485926616468,-7.11
2017-06-26,4070,4070,1049,1044,3.8984674329501914,4.031639973946843,0.19751219743845008,-0.6742497057081854,-3.42
2017-06-23,4040,4050,1040,1040,3.894230769230769,4.030637317588028,0.19837468182792747,-0.6876207543237792,-3.5
2017-06-22,4030,4045,1035,1036,3.9044401544401546,4.028626980630047,0.2004994471013326,-0.6193873748047231,-3.18
2017-06-21,3995,4030,1055,1032,3.9050387596899223,4.02844613277478,0.200617462775147,-0.6151377421375003,-3.16
2017-06-20,3975,4010,1061,1063,3.7723424270931325,4.028303747879839,0.20070876736693735,-1.275287194199923,-6.79
2017-06-19,3920,3980,1034,1046,3.8049713193116634,4.030560593377478,0.19876012428954842,-1.1349825568491914,-5.93
2017-06-16,3985,3950,1025,1031,3.831231813773036,4.03158444049793,0.1977908506650668,-1.012951944193645,-5.23
2017-06-15,3930,3965,1060,1025,3.868292682926829,4.033349155436605,0.19658215140835208,-0.8396310210631025,-4.27
2017-06-14,3920,3905,1066,1068,3.656367041198502,4.032854952155222,0.1970425301359032,-1.9106936492190314,-10.3
2017-06-13,3930,3895,1071,1062,3.6676082862523542,4.033034645216538,0.19670496582940306,-1.8577383515630612,-9.96
2017-06-12,3860,3925,1066,1079,3.6376274328081557,4.032135484504863,0.19851908193130952,-1.9872550681712953,-10.85
2017-06-09,3885,3860,1037,1052,3.6692015209125475,4.032134362102023,0.19852131265430814,-1.8281807446108462,-9.89
2017-06-08,3890,3885,1053,1039,3.739172281039461,4.032553202812362,0.197786933638143,-1.4833180148778162,-7.85
2017-06-07,3955,3895,1021,1043,3.7344199424736337,4.033253628905865,0.1968374760273284,-1.5181747524071196,-8.0
2017-06-06,4015,3940,1027,1026,3.840155945419103,4.0339718735167285,0.19584150574614537,-0.9896570563997517,-5.05
2017-06-05,4000,4030,1068,1039,3.878729547641963,4.033100124574804,0.19684524137891957,-0.7842230569124263,-3.98
2017-06-02,4010,4000,1033,1082,3.6968576709796674,4.030363322442979,0.20036785884680974,-1.664466813104451,-9.02
2017-06-01,3940,3990,1010,1013,3.9387956564659428,4.030522762460668,0.20010700069648157,-0.4583902895724046,-2.33
2017-05-31,3955,3915,1020,1013,3.864758144126357,4.028080901822419,0.2023166328228853,-0.8072631271944881,-4.23
2017-05-30,3980,3960,1023,1032,3.8372093023255816,4.027663994864673,0.20268463866144037,-0.9396602218938866,-4.96
2017-05-29,4030,3985,1048,1021,3.903036238981391,4.028247235913031,0.2021981042175042,-0.6192491142100456,-3.21
2017-05-26,4080,4020,1047,1048,3.83587786259542,4.029972306099238,0.20167372660431457,-0.9624180936797639,-5.06
2017-05-25,4140,4100,1050,1053,3.89363722697056,4.033192347296379,0.20047341226973206,-0.6961278243623187,-3.58
2017-05-24,4240,4175,1060,1054,3.961100569259962,,,,
2017-05-23,4280,4240,1055,1046,4.053537284894838,,,,
2017-05-22,4320,4295,1054,1063,4.040451552210724,,,,
2017-05-19,4400,4355,1022,1041,4.183477425552353,,,,
2017-05-18,4390,4390,1030,1019,4.308145240431796,,,,
2017-05-17,4445,4425,1065,1053,4.202279202279202,,,,
2017-05-16,4455,4465,1080,1074,4.157355679702048,,,,
2017-05-15,4360,4485,1083,1070,4.191588785046729,,,,
2017-05-12,4375,4415,1093,1098,4.020947176684881,,,,
2017-05-11,4380,4415,1120,1101,4.009990917347865,,,,
2017-05-10,4390,4440,1123,1112,3.9928057553956835,,,,
2017-05-09,4365,4405,1141,1118,3.940071556350626,,,,
2017-05-08,4295,4395,1139,1139,3.858647936786655,,,,
2017-05-02,4190,4215,1100,1116,3.7768817204301075,,,,
2017-05-01,4205,4235,1052,1086,3.8996316758747698,,,,
2017-04-28,4190,4200,1003,990,4.242424242424242,,,,
2017-04-27,4155,4160,1009,1006,4.135188866799205,,,,
2017-04-26,4190,4145,1007,1020,4.063725490196078,,,,
2017-04-25,4185,4155,970,992,4.188508064516129,,,,
2017-04-24,4175,4180,998,969,4.313725490196078,,,,
2017-04-21,4080,4120,970,975,4.225641025641026,,,,
2017-04-20,4070,4080,948,955,4.272251308900524,,,,
2017-04-19,4055,4055,949,949,4.272918861959958,,,,
2017-04-18,4140,4065,960,951,4.274447949526814,,,,
2017-04-17,4015,4080,944,946,4.312896405919662,,,,
2017-04-14,4080,4015,954,956,4.199790794979079,,,,
2017-04-13,4075,4085,960,962,4.246361746361746,,,,
2017-04-12,4075,4115,986,982,4.1904276985743385,,,,
2017-04-11,4055,4120,986,994,4.144869215291751,,,,
2017-04-10,4125,4065,972,1000,4.065,,,,
2017-04-07,4085,4120,964,964,4.273858921161826,,,,
2017-04-06,4200,4110,970,956,4.299163179916318,,,,
2017-04-05,4170,4185,973,980,4.270408163265306,,,,
2017-04-04,4180,4195,980,969,4.329205366357069,,,,
2017-04-03,4175,4185,1017,994,4.210261569416499,,,,
2017-03-31,4265,4130,1029,1016,4.06496062992126,,,,
2017-03-30,4290,4210,1027,1017,4.139626352015733,,,,
2017-03-29,4345,4335,1022,1024,4.2333984375,,,,
2017-03-28,4340,4385,1008,1014,4.324457593688363,,,,
2017-03-27,4330,4280,1008,1000,4.28,,,,
2017-03-24,4255,4320,1015,1025,4.214634146341464,,,,
2017-03-23,4250,4265,1025,1020,4.181372549019608,,,,
2017-03-22,4300,4305,1016,1018,4.228880157170924,,,,
2017-03-21,4335,4370,1060,1060,4.122641509433962,,,,
2017-03-17,4345,4350,1085,1069,4.069223573433115,,,,
2017-03-16,4400,4400,1089,1095,4.018264840182648,,,,
2017-03-15,4425,4435,1087,1079,4.110287303058388,,,,
2017-03-14,4435,4435,1107,1093,4.057639524245197,,,,
2017-03-13,4385,4410,1104,1099,4.012738853503185,,,,
2017-03-10,4345,4370,1140,1105,3.9547511312217196,,,,
2017-03-09,4295,4275,1127,1128,3.7898936170212765,,,,
2017-03-08,4350,4290,1152,1138,3.7697715289982425,,,,
2017-03-07,4330,4305,1136,1126,3.8232682060390766,,,,
2017-03-06,4330,4290,1138,1146,3.743455497382199,,,,
2017-03-03,4350,4350,1104,1118,3.89087656529517,,,,
2017-03-02,4385,4350,1125,1117,3.894359892569382,,,,
2017-03-01,4265,4320,1088,1096,3.9416058394160585,,,,
2017-02-28,4255,4235,1083,1091,3.8817598533455544,,,,
2017-02-27,4245,4245,1095,1071,3.9635854341736696,,,,
2017-02-24,4250,4245,1135,1108,3.8312274368231045,,,,
2017-02-23,4225,4235,1171,1154,3.669844020797227,,,,
2017-02-22,4205,4205,1144,1168,3.600171232876712,,,,
2017-02-21,4175,4205,1145,1156,3.637543252595156,,,,
2017-02-20,4150,4215,1115,1139,3.700614574187884,,,,
2017-02-17,4180,4205,1124,1109,3.7917042380522994,,,,
2017-02-16,4200,4205,1105,1110,3.7882882882882885,,,,
2017-02-15,4190,4190,1135,1110,3.774774774774775,,,,
2017-02-14,4175,4140,1140,1127,3.673469387755102,,,,
2017-02-13,4190,4165,1122,1123,3.708815672306322,,,,
2017-02-10,4125,4150,1076,1105,3.755656108597285,,,,
2017-02-09,4095,4075,1050,1063,3.8334901222953905,,,,
2017-02-08,4090,4075,1028,1050,3.880952380952381,,,,
2017-02-07,4080,4105,1003,1018,4.032416502946955,,,,
2017-02-06,4105,4110,1025,1008,4.0773809523809526,,,,
