DATE,OPEN_5332,CLOSE_5332,OPEN_8601,CLOSE_8601,saya_divide,saya_divide_mean,saya_divide_std,saya_divide_sigma,deviation_rate(%)
2020-05-15,3895,3775,410.5,405.6,9.307199211045365,8.568053180290358,0.39248834618410294,1.8832305161190672,7.94
2020-05-14,3920,3835,417.8,406.5,9.434194341943419,8.55685104036213,0.3831098730735178,2.290056621466734,9.3
2020-05-13,3895,3960,418.5,415.2,9.537572254335261,8.543145845516836,0.3696274450347942,2.690347868310527,10.43
2020-05-12,4010,3965,430.9,425.2,9.32502351834431,8.527611519781631,0.3515484191998455,2.268284978716891,8.55
2020-05-11,4010,4000,435.0,433.1,9.235742322789193,8.515282534875036,0.3393700286499651,2.1229328670542604,7.8
2020-05-08,3955,3965,427.2,432.0,9.17824074074074,8.506015355569405,0.3288980413146365,2.0438716584762484,7.32
2020-05-07,3675,3855,419.3,423.3,9.107016300496102,8.495120358829668,0.3198593525503686,1.913015632613332,6.72
2020-05-01,3815,3730,440.0,429.5,8.684516880093131,8.48401601824236,0.3128022948197013,0.6409827075160697,2.31
2020-04-30,3765,3790,443.5,448.4,8.45227475468332,8.47869063448604,0.312743355290033,-0.08446503932345348,-0.31
2020-04-28,3685,3660,432.6,435.1,8.411859342679843,8.475925225395523,0.3138796294389848,-0.20410971820690668,-0.76
2020-04-27,3605,3640,425.0,431.9,8.427876823338737,8.472842771324544,0.3156239768587112,-0.14246683168159824,-0.53
2020-04-24,3570,3570,425.0,421.9,8.461720786916331,8.471979726739061,0.3158341789686038,-0.032482044395043125,-0.12
2020-04-23,3500,3590,419.0,427.6,8.395696913002807,8.470044738607017,0.316335264726597,-0.23502857219686774,-0.89
2020-04-22,3415,3455,415.8,419.0,8.24582338902148,8.469976736367341,0.3163517876439122,-0.7085572331210287,-2.72
2020-04-21,3390,3455,408.0,412.0,8.385922330097088,8.47253840251468,0.31530245691623315,-0.27470788925886075,-1.03
2020-04-20,3460,3460,400.1,409.2,8.455522971652004,8.474067878458232,0.3151567751012482,-0.0588434337173011,-0.22
2020-04-17,3455,3530,411.1,404.0,8.737623762376238,8.474299298901732,0.31514944495002173,0.8355542670121642,3.01
2020-04-16,3445,3410,403.0,405.2,8.415597235932873,8.470816505294339,0.3136599625920625,-0.1760481921413807,-0.66
2020-04-15,3590,3515,419.0,408.3,8.60886602987999,8.470699751269478,0.31368212414532215,0.4404658983579919,1.6
2020-04-14,3550,3595,418.7,423.1,8.496809264949183,8.466334869686316,0.31400665322548815,0.09705015785440699,0.36
2020-04-13,3600,3530,426.7,418.9,8.426832179517785,8.466048563791926,0.31398852547618766,-0.12489750768651955,-0.47
2020-04-10,3700,3635,432.5,434.7,8.362088796871406,8.46641678509208,0.31395851150624443,-0.33229864583110585,-1.25
2020-04-09,3690,3630,450.4,440.5,8.240635641316686,8.471478242191655,0.31529288197441124,-0.7321529094770471,-2.8
2020-04-08,3605,3625,440.6,454.4,7.977552816901409,8.477701245130891,0.31528120735192455,-1.5863566129750464,-6.27
2020-04-07,3565,3600,439.5,438.1,8.21730198584798,8.490809054116738,0.3146503204510967,-0.8692413466372646,-3.33
2020-04-06,3375,3495,409.1,433.1,8.069729854537059,8.498877745381192,0.31529163579188746,-1.3611140992252582,-5.32
2020-04-03,3400,3395,402.7,403.4,8.415964303420923,8.508038758088999,0.3126601100569638,-0.29448737368927785,-1.09
2020-04-02,3425,3380,397.7,402.6,8.395429706905116,8.512644358512118,0.3138118595832973,-0.37351887134746325,-1.4
2020-04-01,3500,3475,413.6,405.7,8.56544244515652,8.516757815871976,0.3142700870268387,0.15491334140365237,0.57
2020-03-31,3745,3595,434.0,419.2,8.575858778625955,8.519036765088071,0.3152331110472541,0.18025395031985184,0.66
2020-03-30,3710,3720,425.0,434.4,8.56353591160221,8.521878525715564,0.3166898452406689,0.1315400115055424,0.49
2020-03-27,3890,3895,453.8,454.9,8.562321389316335,8.52522061147559,0.3184296609075966,0.11651168969310104,0.43
2020-03-26,3770,3685,441.2,441.1,8.354114713216957,8.526934580776821,0.31897024508709326,-0.5418056079578107,-2.07
2020-03-25,3680,3790,440.6,453.3,8.360908890359585,8.53027395158495,0.31845408054616237,-0.5318351108420306,-2.03
2020-03-24,3255,3415,424.0,420.2,8.127082341742028,8.533870241455231,0.3180438554191438,-1.279030840501871,-5.01
2020-03-23,3155,3160,433.6,416.0,7.596153846153846,8.540731003074466,0.3147273868771696,-3.001255042635567,-12.43
2020-03-19,3405,3160,414.3,436.8,7.2344322344322345,8.554441673772036,0.29506348416717626,-4.473645537893514,-18.25
2020-03-18,3245,3340,400.7,398.3,8.385638965603816,8.574578894680041,0.25279909731649525,-0.7473916286958864,-2.25
2020-03-17,3145,3215,375.4,395.3,8.133063496078927,8.579295538175447,0.2525298333719785,-1.7670468322022643,-5.49
2020-03-16,3355,3260,387.5,384.9,8.469732398025462,8.58740047297573,0.24778823856177248,-0.47487352762683366,-1.39
2020-03-13,3300,3315,366.2,386.5,8.576972833117724,8.59006968067893,0.2475844818801027,-0.05289849937989446,-0.15
2020-03-12,3755,3635,404.7,395.1,9.200202480384712,8.590854753482871,0.2476350557148917,2.4606682811637075,6.62
2020-03-11,3855,3845,425.0,414.6,9.273999035214665,8.586534593426947,0.23966493555443297,2.868439808257141,7.41
2020-03-10,3670,3885,405.9,421.6,9.214895635673624,8.581131882166089,0.22840959908853462,2.7746809067419282,6.88
2020-03-09,3835,3760,430.0,412.5,9.115151515151515,8.576346359249866,0.21863177722615706,2.4644411838828812,5.91
2020-03-06,3965,3975,457.5,445.4,8.92456219128873,8.5753811639465,0.21639937187363775,1.613595383013075,3.91
2020-03-05,4075,4065,469.6,467.8,8.689610944848226,8.576847128060065,0.2191152473371842,0.5146324509979708,1.3
2020-03-04,3940,3995,456.7,461.8,8.650931139021221,8.580831506213533,0.22379644527522868,0.31322942918721614,0.81
2020-03-03,4150,3990,479.0,460.3,8.668259830545296,8.585917543361088,0.22959120814376638,0.358647388329636,0.95
2020-03-02,4010,4110,450.0,473.0,8.689217758985201,8.58930081271293,0.23262918342637534,0.4295116579983792,1.15
2020-02-28,4070,4095,456.2,459.2,8.917682926829269,8.59306928272865,0.23647474731352375,1.3727201225010253,3.64
2020-02-27,4230,4210,498.9,477.3,8.820448355332076,8.594535398889517,0.2388120840420194,0.9459862860323617,2.56
2020-02-26,4300,4325,499.1,501.9,8.617254433154015,8.597139394571705,0.2423005219364909,0.0830169015796911,0.23
2020-02-25,4335,4370,510.6,501.5,8.713858424725823,8.596513232858092,0.24230841133773648,0.48428030715026116,1.35
2020-02-21,4580,4545,538.5,539.0,8.432282003710576,8.601627208201139,0.24869433062009835,-0.6809371330191364,-2.01
2020-02-20,4650,4600,542.4,537.2,8.562918838421444,8.604692703610754,0.24800405961281752,-0.16844024752871667,-0.49
2020-02-19,4665,4605,547.9,536.1,8.589815332960269,8.607920044885624,0.249012330401321,-0.0727060860648015,-0.21
2020-02-18,4720,4665,550.9,547.9,8.514327432013141,8.609256185525455,0.2491803963457822,-0.3809639719032422,-1.11
2020-02-17,4750,4725,551.7,553.1,8.542758994756825,8.610651174603989,0.24893779216789683,-0.2727274925029196,-0.79
2020-02-14,4810,4785,560.6,558.0,8.575268817204302,8.610426340198465,0.24900661457670406,-0.14119112078178744,-0.41
2020-02-13,4870,4830,564.0,562.2,8.591248665955176,8.609104030869473,0.24945272395663295,-0.07157815168777668,-0.21
2020-02-12,5000,4940,571.9,570.0,8.666666666666666,8.608424430243653,0.24956984581978142,0.2333704868538899,0.67
2020-02-10,4925,4995,560.2,569.6,8.769311797752808,8.608714964882555,0.24965014937832292,0.6432875496776984,1.83
2020-02-07,5000,5010,570.0,567.3,8.83130618720254,8.60656291081916,0.2489511796845252,0.9027604394892874,2.54
2020-02-06,4935,4995,568.4,571.1,8.74627911048853,8.60293234489548,0.24762914603339284,0.5788767917235367,1.64
2020-02-05,4795,4870,561.3,560.9,8.682474594401855,8.59760539614347,0.2487827256051961,0.34113782639823503,0.98
2020-02-04,4550,4760,542.8,554.7,8.581215071209662,8.591646163860903,0.2520104269328138,-0.04139151216160208,-0.12
2020-02-03,4595,4600,549.1,544.6,8.446566287183254,8.587747629304209,0.25439198402903546,-0.554975592724813,-1.67
2020-01-31,4460,4525,560.0,559.1,8.09336433553926,8.58623785658621,0.2555587244183213,-1.9286116025535154,-6.09
2020-01-30,4535,4415,555.0,554.7,7.959257256174508,8.588502202912327,0.2519079325669093,-2.4979163630374557,-7.91
2020-01-29,4595,4575,555.5,556.5,8.221024258760108,8.591786149539491,0.24519957473951728,-1.5120821117787575,-4.51
2020-01-28,4550,4560,548.8,552.1,8.259373301938055,8.591004869020722,0.24646975287366116,-1.3455264316050135,-4.02
2020-01-27,4650,4630,551.0,556.0,8.327338129496402,8.590402714671008,0.24733288805282413,-1.063605358938038,-3.16
2020-01-24,4755,4780,571.8,565.3,8.455687245710243,8.58692424844479,0.25278263366274323,-0.5191693781845816,-1.55
2020-01-23,4795,4770,571.4,571.7,8.343536820010494,8.584060038433398,0.2554562864383664,-0.9415435485121052,-2.88
2020-01-22,4795,4855,567.7,573.4,8.467038716428323,8.584847225106904,0.25480403448144207,-0.46234946365090046,-1.39
2020-01-21,4800,4800,573.0,571.0,8.40630472854641,8.58399476143704,0.25530320466876877,-0.695996092650566,-2.11
2020-01-20,4795,4810,577.0,574.5,8.372497824194951,8.581740676892784,0.2575980772746064,-0.8122842177691164,-2.5
2020-01-17,4855,4805,572.6,572.0,8.40034965034965,8.579738180550565,0.2597913102633424,-0.6905101252966271,-2.14
2020-01-16,4800,4805,569.9,562.6,8.54070387486669,8.577614941470804,0.2618910022012174,-0.14094056799918023,-0.43
2020-01-15,4765,4765,572.0,569.9,8.361115985260572,8.572095179980387,0.26692506879909617,-0.790406070396524,-2.52
2020-01-14,4770,4780,576.4,577.7,8.274190756447982,8.569561519449282,0.2698020198429263,-1.094768538698335,-3.57
2020-01-10,4685,4725,570.0,570.3,8.28511309836928,8.56962300669955,0.26973521573894166,-1.0547748003569075,-3.43
2020-01-09,4615,4660,564.0,565.2,8.24486907289455,8.568767083602362,0.2707366553227421,-1.1963581744100966,-3.93
2020-01-08,4545,4555,550.6,556.8,8.180675287356323,8.568721277767628,0.27079173664969247,-1.4330052874297914,-4.74
2020-01-07,4570,4675,549.9,559.0,8.363148479427549,8.566856171432452,0.2739216616285403,-0.7436713503919479,-2.44
2020-01-06,4525,4555,540.5,547.7,8.316596677012962,8.56089873692437,0.2829956944815653,-0.8632712959077286,-2.94
2019-12-30,4670,4640,555.3,553.0,8.390596745027125,8.55646239413409,0.28932781170066124,-0.5732793129426852,-1.98
2019-12-27,4730,4705,553.6,557.6,8.437948350071736,8.553941087547607,0.29157742704374207,-0.3978111016751301,-1.37
2019-12-26,4625,4700,548.3,552.9,8.500633025863628,8.5516093647462,0.29319047510698737,-0.17386764990905826,-0.6
2019-12-25,4660,4655,552.7,549.4,8.472879504914452,8.54774784349658,0.2957326271412081,-0.2531622543845305,-0.88
2019-12-24,4655,4690,555.0,553.3,8.476414241821796,8.5436578139956,0.29884462759169633,-0.22501181538948758,-0.79
2019-12-23,4700,4670,560.8,555.5,8.406840684068406,8.540074545546549,0.30123107596516696,-0.4422978640276455,-1.58
2019-12-20,4745,4660,560.0,562.7,8.281499911142705,8.539240071535584,0.3016853512941072,-0.8543343562664852,-3.11
2019-12-19,4780,4725,558.5,557.5,8.475336322869955,8.540804927824468,0.30064698223802383,-0.2177590623633152,-0.77
2019-12-18,4820,4770,558.5,564.2,8.454448777029421,8.540666591090913,0.30067945971846416,-0.28674327851400305,-1.02
2019-12-17,4885,4870,556.0,557.1,8.741698079339436,8.542145067807304,0.30052446081309064,0.6640158707621552,2.28
2019-12-16,4940,4850,551.1,557.0,8.707360861759426,8.540041517114496,0.2996712470090381,0.5583430052596404,1.92
2019-12-13,4950,4940,556.8,551.3,8.960638490839834,8.541821268298886,0.30105286237495715,1.3911750223431427,4.67
2019-12-12,4840,4825,550.0,546.9,8.822453830682026,8.541551386434266,0.3006861378224638,0.9342048365848341,3.18
2019-12-11,4795,4825,548.0,551.0,8.756805807622504,8.546242827713247,0.3076955314876942,0.6843225148288459,2.4
2019-12-10,4770,4810,551.1,549.0,8.761384335154826,8.55157844020076,0.31469063111756307,0.6667052470198449,2.39
2019-12-09,4840,4795,555.0,550.9,8.703939008894537,8.556563382250875,0.3208750655089776,0.45929286032210664,1.69
2019-12-06,4800,4805,548.5,550.0,8.736363636363636,8.562186144967377,0.3270438320850969,0.5325814900277281,1.99
2019-12-05,4740,4790,540.8,545.0,8.788990825688073,8.569050659126601,0.3359106292754711,0.6547579843956192,2.5
2019-12-04,4725,4720,540.1,535.5,8.814192343604109,8.57722289222572,0.3483860999256278,0.6801920381696528,2.69
2019-12-03,4720,4740,550.2,545.4,8.690869086908691,8.58586387868672,0.3619302503837877,0.2901255369249319,1.21
2019-12-02,4770,4785,556.4,556.1,8.604567523826649,8.59531646648014,0.37361832506619924,0.024760716286787145,0.11
2019-11-29,4765,4790,552.1,555.0,8.63063063063063,8.600679192949508,0.3765873449934104,0.07953384010194546,0.35
2019-11-28,4700,4765,551.7,551.4,8.641639463184621,8.602223050091514,0.3769441450823783,0.10456831232779391,0.46
2019-11-27,4795,4740,544.9,549.6,8.624454148471616,8.604451099507704,0.37766371688993217,0.05296523883373448,0.23
2019-11-26,4760,4765,545.0,544.9,8.744723802532576,8.607164687334544,0.3785278674993546,0.36340551649943326,1.57
2019-11-25,4725,4735,541.6,541.8,8.739387227759321,8.606774991716339,0.3784010728614202,0.350454175618969,1.52
2019-11-22,4610,4700,533.8,537.7,8.740933606100056,8.60664971635155,0.3783587017633427,0.3549115934764422,1.54
2019-11-21,4585,4615,533.3,532.3,8.669922975765546,8.607604969276974,0.37878672489977044,0.1645200383014015,0.72
2019-11-20,4635,4615,528.0,534.4,8.635853293413174,8.616007410193948,0.3869768787464486,0.05128441596695265,0.23
2019-11-19,4640,4660,520.2,525.0,8.876190476190477,8.623991521036148,0.3934275207286717,0.6410302835125216,2.84
2019-11-18,4575,4610,518.7,519.8,8.86879569065025,8.627763590833148,0.3971658947729655,0.6068801550920817,2.72
2019-11-15,4640,4575,510.6,516.6,8.855981416957027,8.632139286718726,0.40158059113642397,0.5574027609373637,2.53
2019-11-14,4660,4610,519.0,509.8,9.04276186739898,8.63642593605535,0.405642469969889,1.0017095383868275,4.49
2019-11-13,4670,4660,514.7,515.8,9.034509499806127,8.637626480239227,0.40697434635415647,0.975204022372273,4.39
2019-11-12,4645,4665,513.0,519.0,8.988439306358382,8.638581467663485,0.40798730770469477,0.8575213789447765,3.89
2019-11-11,4605,4630,514.0,512.6,9.032383925087787,8.639389150253752,0.4087383825935849,0.9614824336788453,4.35
2019-11-08,4645,4610,516.0,516.7,8.922005031933423,8.639145950892297,0.40850984082076514,0.6924168105052608,3.17
2019-11-07,4595,4590,508.5,511.6,8.97185301016419,8.643187113812154,0.4127649974746133,0.7962542811597083,3.66
2019-11-06,4585,4605,508.0,510.1,9.027641638894334,8.645056416876066,0.4145627494436025,0.92286444580886,4.24
2019-11-05,4450,4580,506.9,508.0,9.015748031496063,8.646091370462738,0.41561214210159453,0.8894270007707428,4.1
2019-11-01,4175,4310,484.8,502.9,8.570292304633128,8.647348540267911,0.4168691044744736,-0.18484515836673596,-0.9
2019-10-31,4455,4455,502.0,489.7,9.09740657545436,8.654879625603472,0.42049529405389885,1.0523945359401905,4.86
2019-10-30,4435,4390,506.1,506.8,8.662194159431728,8.65517592883218,0.4208147258879897,0.016677721020188486,0.08
2019-10-29,4410,4465,504.5,507.1,8.804969434036678,8.661792908806767,0.4247563535506834,0.3370791844149006,1.63
2019-10-28,4295,4365,500.0,502.3,8.69002588094764,8.664835075052673,0.42658404429936986,0.059052386585018456,0.29
2019-10-25,4295,4275,499.0,496.0,8.618951612903226,8.669012268307396,0.4283405448913254,-0.11687115777674324,-0.58
2019-10-24,4255,4280,502.0,502.0,8.525896414342629,8.672651027503774,0.4290583959387614,-0.34203878667856336,-1.72
2019-10-23,4265,4255,499.0,502.0,8.47609561752988,8.677856914908414,0.42961450703235193,-0.4696333435577866,-2.38
2019-10-21,4220,4230,480.0,495.3,8.540278619018776,8.683759024247479,0.42984272982304983,-0.33379744560939284,-1.68
2019-10-18,4215,4200,483.0,483.4,8.688456764584195,8.68976631850154,0.4309424504371679,-0.00303881392055114,-0.02
2019-10-17,4250,4180,490.1,485.6,8.607907742998352,8.69409250819129,0.4325332850852353,-0.199255798720679,-1.0
2019-10-16,4235,4235,500.0,494.8,8.559013742926435,8.697851289759326,0.4329926647990229,-0.32064641764158575,-1.62
2019-10-15,4160,4145,496.3,496.6,8.346757954087797,8.702208437572487,0.433217782282178,-0.820489135077022,-4.26
2019-10-11,4080,4070,491.7,494.2,8.235532173209227,8.709279913438886,0.4316838599055052,-1.0974414015232372,-5.75
2019-10-10,4060,4035,484.1,486.8,8.288824979457683,8.71518561696363,0.42817782547596855,-0.9957559970136214,-5.14
2019-10-09,3980,4045,483.0,485.4,8.333333333333334,8.72105025047376,0.42530048554462724,-0.9116305537340924,-4.65
2019-10-08,4000,4025,484.4,487.1,8.263190309997947,8.729565307586949,0.4238432472548299,-1.1003478305001757,-5.64
2019-10-07,3965,3960,488.6,482.6,8.20555325321177,8.73770284144399,0.42065788167573426,-1.2650412875003023,-6.49
2019-10-04,3940,3980,482.4,487.6,8.162428219852337,8.746883834501611,0.41643635401624807,-1.4034692432891442,-7.16
2019-10-03,3930,3965,487.6,482.7,8.21421172570955,8.756617308432155,0.4111599057068131,-1.3192083546915188,-6.6
2019-10-02,4070,4030,489.5,499.6,8.066453162530024,8.764991007899368,0.40639559513790663,-1.7188617537360409,-8.66
2019-10-01,4095,4085,485.0,495.7,8.24087149485576,8.774591921017723,0.3982026052667211,-1.3403237927197151,-6.48
2019-09-30,4075,4045,483.9,481.4,8.402575820523474,8.781129044804905,0.39338230377373223,-0.9623036436818704,-4.51
2019-09-27,4165,4115,499.7,489.7,8.403103941188483,8.784845917701936,0.39109831136086054,-0.976076770020174,-4.54
2019-09-26,4200,4215,507.4,511.7,8.237248387727185,8.788498976263869,0.3887883170637011,-1.4178681929024222,-6.69
2019-09-25,4130,4135,505.0,502.9,8.222310598528535,8.791635052296176,0.3852617499329059,-1.4777601302667323,-6.92
2019-09-24,4100,4170,506.9,506.0,8.24110671936759,8.796844232987558,0.3801357912051333,-1.461944722064003,-6.74
2019-09-20,4170,4130,508.6,508.2,8.1267217630854,8.800473678868137,0.37609038039249854,-1.791462773069578,-8.29
2019-09-19,4175,4155,507.9,508.5,8.171091445427729,8.805300668436432,0.36968063863179373,-1.7155597473428494,-7.76
2019-09-18,4210,4175,508.4,504.3,8.278802300218125,8.808935084791006,0.36473453157084323,-1.4534757164058443,-6.4
2019-09-17,4225,4205,505.8,511.5,8.220918866080156,8.812238518989336,0.36102118928807336,-1.6379084398764798,-7.19
2019-09-13,4140,4185,508.9,507.8,8.241433635289484,8.816923856801534,0.3555554968607558,-1.618566515194183,-6.98
2019-09-12,4095,4100,518.7,509.9,8.040792312218082,8.821120816326548,0.35056035677081876,-2.2259462287648546,-9.7
2019-09-11,4015,4050,504.0,511.6,7.916340891321345,8.828302158007126,0.3398547571739237,-2.683385321039003,-11.52
2019-09-10,3955,3960,486.0,496.0,7.983870967741935,8.8359115678845,0.32543372998999837,-2.618169297229118,-10.67
2019-09-09,3940,3940,472.6,480.4,8.2014987510408,8.843053607100714,0.3122677432003387,-2.054502490346297,-7.82
2019-09-06,3930,3920,476.0,474.4,8.263069139966273,8.84536557166151,0.3081236482177979,-1.8898141543606535,-7.05
2019-09-05,3830,3860,465.1,470.1,8.211018932142098,8.845769242604252,0.3073794537847195,-2.0650381886185425,-7.73
2019-09-04,3810,3785,462.4,463.5,8.166127292340885,8.847957748017597,0.30341101952257393,-2.2472171800140686,-8.35
2019-09-03,3810,3810,456.0,464.2,8.207669108143042,8.850326050786386,0.2987369082454079,-2.15124721755308,-7.83
2019-09-02,3850,3820,455.0,457.8,8.344255133245959,8.851441820080556,0.2964822966454681,-1.7106811859363331,-6.08
2019-08-30,3850,3845,453.5,457.8,8.398864132809086,8.84757611466107,0.30484234133896665,-1.4719476955894484,-5.34
2019-08-29,3815,3805,447.0,449.5,8.46496106785317,8.84111577848929,0.31908458656387995,-1.178855784564239,-4.44
2019-08-28,3800,3815,445.3,445.4,8.56533453075887,8.833512788812651,0.3343835785380628,-0.8020078594357619,-3.13
2019-08-27,3925,3825,446.3,445.6,8.583931777378815,8.825029214392478,0.3488387229104867,-0.6911429872294568,-2.81
2019-08-26,3915,3905,437.0,441.7,8.840842200588636,8.815348228798866,0.3650917225894179,0.06982895040444412,0.29
2019-08-23,3990,4050,447.0,453.0,8.940397350993377,8.80470392016901,0.3756774296584928,0.3611966546612057,1.52
2019-08-22,4130,4100,447.8,446.9,9.174311926605505,8.796786591382451,0.37897690586796445,0.9961697649053661,4.12
2019-08-21,4050,4095,445.0,447.2,9.156976744186046,8.787565880636908,0.37809123613641876,0.9770415927224809,4.03
2019-08-20,4055,4120,447.2,451.0,9.135254988913525,8.786873232712743,0.37746091431091333,0.9229611411204841,3.81
2019-08-19,4100,4060,442.8,444.9,9.125646212632052,8.785359967015516,0.37628687396352706,0.9043266432129634,3.73
2019-08-16,4025,4040,429.6,436.7,9.251202198305473,8.782846093726079,0.37463126654050444,1.250178899653471,5.06
2019-08-15,4030,4040,425.0,429.7,9.401908308121946,8.778098478897236,0.3709034722685242,1.6818657032498423,6.63
2019-08-14,4090,4100,436.2,433.3,9.46226632817909,8.772204559190676,0.36439902452279904,1.8936981785066216,7.29
2019-08-13,3940,4025,440.0,428.2,9.399813171415227,8.765218148147039,0.3560287548104657,1.782426320048276,6.75
2019-08-09,4000,3990,453.4,443.0,9.006772009029346,8.756147619776758,0.3483282386073425,0.7195063778194201,2.78
2019-08-08,4000,3970,456.9,453.9,8.74641991628112,8.752966786031683,0.3471122049527625,-0.018860960972127826,-0.07
2019-08-07,4040,4030,461.0,457.5,8.808743169398907,8.754573228713488,0.3473569017362746,0.15594894016686892,0.61
2019-08-06,3865,4090,447.3,463.3,8.827973235484567,8.755324870175766,0.3475342534663006,0.20903943880123324,0.82
2019-08-05,4095,4010,473.0,460.1,8.715496631167138,8.75544390607872,0.3475606442138154,-0.11493612863430568,-0.46
2019-08-02,4160,4145,471.3,474.8,8.729991575400168,8.756721037247988,0.34758749161071517,-0.07689995322891531,-0.31
2019-08-01,4315,4260,477.5,483.4,8.812577575506827,8.754215230572871,0.3484475183108022,0.16749249705345537,0.66
2019-07-31,4335,4385,472.0,471.5,9.300106044538706,8.750670111993816,0.349187474310003,1.5734697632856949,5.91
2019-07-30,4350,4380,472.1,474.3,9.234661606578115,8.742133118913697,0.34342971518156373,1.4341463941290822,5.33
2019-07-29,4340,4335,476.7,473.3,9.15909571096556,8.735184346154456,0.33863277302238903,1.2518320687852533,4.63
2019-07-26,4400,4375,473.2,475.7,9.19697288206853,8.729793640271776,0.33504061025850596,1.394395865731904,5.08
2019-07-25,4365,4385,476.4,477.8,9.177480117203851,8.722913979982291,0.33064564305064653,1.3747833875189825,4.95
2019-07-24,4370,4360,479.0,477.4,9.132802681189778,8.714812498361349,0.32683044409234524,1.2789205852265315,4.58
2019-07-23,4295,4350,474.4,477.7,9.106133556625498,8.707807877816832,0.3234087234529777,1.2316479115214123,4.37
2019-07-22,4280,4320,471.1,477.4,9.049015500628403,8.702533765583778,0.32007807947977773,1.0824912958980542,3.83
2019-07-19,4250,4270,462.5,473.7,9.014143972978678,8.697221770928143,0.3175799709808368,0.9979288085194075,3.52
2019-07-18,4285,4250,473.5,460.7,9.22509225092251,8.689554335213979,0.316776743083902,1.6905847016890614,5.81
2019-07-17,4305,4310,472.8,473.0,9.112050739957716,8.677308090956663,0.3135740193184547,1.3864115718067334,4.77
2019-07-16,4290,4325,472.4,475.0,9.105263157894736,8.665163452331676,0.3141393117075438,1.4009698536959385,4.83
2019-07-12,4370,4330,476.2,475.3,9.110035766884073,8.651523148097146,0.3169315446219524,1.446724463271263,5.03
2019-07-11,4330,4320,472.9,472.9,9.13512370480017,8.633512279184945,0.32853332579404654,1.5268205269674202,5.49
2019-07-10,4335,4330,476.1,474.8,9.119629317607414,8.613458337003392,0.3428927781144867,1.4761785984160307,5.55
2019-07-09,4340,4375,481.0,477.7,9.158467657525645,8.591638093223617,0.3615508453289315,1.5677727534735473,6.19
2019-07-08,4305,4335,479.0,479.9,9.033131902479683,8.568701641096993,0.37900775361797356,1.2253845916060575,5.14
2019-07-05,4335,4345,483.3,482.6,9.003315375051802,8.547937396322798,0.39530390304664587,1.1519693461647136,5.06
2019-07-04,4325,4325,486.6,486.4,8.891858552631579,8.528362842353557,0.4084012832874722,0.8900454654599073,4.09
2019-07-03,4330,4295,486.6,481.7,8.916337969690678,8.50941617303765,0.42377091303484504,0.9602400356807144,4.56
2019-07-02,4415,4380,489.5,491.1,8.918753817959683,8.490073725102416,0.4376364941602297,0.9795346105215718,4.81
2019-07-01,4390,4410,480.1,490.5,8.990825688073395,8.470493957499482,0.4506750137150289,1.1545608581329727,5.79
2019-06-28,4215,4255,477.5,472.1,9.012920991315399,8.451357022399243,0.458577483051817,1.2245781567358418,6.23
2019-06-27,4160,4260,470.0,479.2,8.889816360601001,8.430973176929706,0.4670618023218841,0.9824035735533664,5.16
2019-06-26,4145,4155,471.9,467.6,8.885799828913601,8.411857496800055,0.4771213796460181,0.9933370256121615,5.33
2019-06-25,4175,4190,476.6,472.0,8.877118644067796,8.39225709060604,0.4873344896179577,0.9949255876428091,5.46
2019-06-24,4205,4170,482.1,480.5,8.678459937565037,8.373173804759773,0.4959214803102731,0.6155936875617126,3.52
2019-06-21,4350,4195,482.5,480.6,8.728672492717436,8.356842084283663,0.5056719054834282,0.7353194915551002,4.26
2019-06-20,4280,4320,478.0,481.5,8.97196261682243,8.338959118061743,0.5158201724562699,1.2271786420186024,7.06
2019-06-19,4220,4230,473.5,476.7,8.873505349276275,8.318727735684742,0.5203328091591443,1.0661976408676808,6.25
2019-06-18,4155,4150,466.2,466.6,8.894127732533219,8.299239209216319,0.5265244847143253,1.1298401889888687,6.69
2019-06-17,4160,4175,471.0,469.5,8.892438764643238,8.280825359519019,0.5295383149344416,1.1549936763309343,6.88
2019-06-14,4120,4170,470.3,471.6,8.842239185750635,8.261448173476444,0.5333791415024323,1.0888896229391518,6.57
2019-06-13,4120,4120,474.0,468.9,8.786521646406484,8.243224008302754,0.536564386105044,1.0125488239120077,6.18
2019-06-12,4175,4170,482.0,477.6,8.731155778894472,8.226353116718217,0.5391028715064957,0.9363753911486492,5.78
2019-06-11,4185,4220,481.0,486.1,8.681341287800864,8.211923371942168,0.5398811503006404,0.8694838032357558,5.41
2019-06-10,4120,4165,482.0,480.0,8.677083333333334,8.197538078567321,0.5415528975321074,0.885500302835295,5.53
2019-06-07,4065,4060,476.5,479.2,8.47245409015025,8.184444530983862,0.5416717426059081,0.5317049727955425,3.4
2019-06-06,4050,4055,474.4,470.8,8.612999150382327,8.17525433022438,0.5425537483594716,0.8068229580600323,5.08
2019-06-05,4030,4060,474.5,476.9,8.513315160410988,8.164302518321218,0.5418967554878075,0.6440574492378974,4.1
2019-06-04,3910,3960,463.8,466.5,8.488745980707396,8.15467188171861,0.5420268477652538,0.6163423460777911,3.94
2019-06-03,3975,3890,469.0,460.7,8.443672672020838,8.145091398175879,0.5423873708771572,0.550494517160474,3.54
2019-05-31,4075,4045,477.1,474.4,8.526559865092748,8.134486698932067,0.5442181039591962,0.7204338909498644,4.6
2019-05-30,4035,4125,476.0,481.2,8.572319201995013,8.122243320470655,0.5455871770452967,0.8249385257949171,5.25
2019-05-29,4110,4095,478.2,478.6,8.556205599665692,8.11027803991564,0.5454257299005462,0.8175770509238041,5.21
2019-05-28,4100,4155,480.9,484.3,8.579392938261408,8.097256869712028,0.5462810578506766,0.8825787781226156,5.62
2019-05-27,4085,4095,480.4,482.5,8.487046632124352,8.086593276899183,0.5445687214666723,0.735358714960049,4.72
2019-05-24,3995,4080,476.1,478.9,8.519523908958028,8.076120627390715,0.5443193270720174,0.8146013920770593,5.2
2019-05-23,3975,4030,478.2,481.2,8.374896093100583,8.057781665403121,0.5521846746826261,0.5742905267693754,3.79
2019-05-22,4000,3975,480.1,479.3,8.293344460671813,8.037825352012879,0.5672053191045965,0.45048785695857424,3.08
2019-05-21,3940,4005,477.6,478.2,8.375156838143036,8.018677925195824,0.5822945815724249,0.612196857447271,4.26
2019-05-20,3985,4005,478.4,480.0,8.34375,7.997387521457431,0.5978550286869767,0.5793419172257506,4.15
2019-05-17,3875,3950,477.5,476.4,8.29135180520571,7.977785710666596,0.6101516735797184,0.5139149954296511,3.78
2019-05-16,3825,3825,483.3,474.9,8.054327226784586,7.960717806010355,0.6189817620045988,0.15123130683378005,1.16
2019-05-15,3845,3825,486.4,483.3,7.914338919925512,7.94510196094135,0.6310785077507536,-0.04874677340142934,-0.39
2019-05-14,3800,3810,480.0,482.6,7.894736842105263,7.930450792191542,0.6442407245274802,-0.055435722590300066,-0.45
2019-05-13,3880,3890,495.7,490.6,7.929066449245821,7.915692001724249,0.6574337387601193,0.020343415211386905,0.17
2019-05-10,3970,3925,496.3,499.5,7.857857857857858,7.901720516624411,0.6680496810625737,-0.06565777966810331,-0.56
2019-05-09,4130,4010,500.0,498.6,8.042519053349379,7.888490346189498,0.6785305929659712,0.22700333449460977,1.92
2019-05-08,4260,4195,504.1,502.6,8.346597692001591,7.870396746256579,0.6921386396605014,0.6880138146579885,5.71
2019-05-07,4275,4305,508.6,507.5,8.482758620689655,7.848317903809784,0.7029232790307482,0.902574627710001,7.48
2019-04-26,4685,4690,515.0,515.1,9.10502814987381,7.824642571277828,0.7110123260059262,1.8007923797727674,14.06
2019-04-25,4660,4685,521.0,519.3,9.021760061621414,7.7923754949093444,0.7070757253126305,1.7386886901943954,13.63
2019-04-24,4780,4675,532.7,523.1,8.937105715924297,7.76152189899343,0.7032340266390266,1.671682217297343,13.15
2019-04-23,4760,4750,530.7,534.0,8.895131086142323,7.729697250069412,0.7033212810443842,1.6570433278263965,13.1
2019-04-22,4750,4755,528.7,530.7,8.959864330130015,7.702363917633268,0.6973067201850864,1.803367694725455,14.03
2019-04-19,4750,4765,537.4,533.1,8.93828549990621,7.677965678551424,0.6847812437544365,1.8404707092221957,14.1
2019-04-18,4760,4685,542.3,537.3,8.719523543644147,7.655412302775767,0.6706093280724608,1.5867826412838093,12.2
2019-04-17,4750,4755,543.5,542.3,8.768209478148627,7.633032856414734,0.662684360658206,1.7129974526732274,12.95
2019-04-16,4735,4750,533.4,535.7,8.866903117416463,7.606951851557957,0.6559524831514817,1.9207965488676113,14.21
2019-04-15,4735,4765,538.4,537.5,8.865116279069767,7.577676342319622,0.6480156888160471,1.9867419245703046,14.52
2019-04-12,4690,4665,533.9,527.9,8.8369009282061,7.548312561676795,0.6388436933820422,2.0170636102041035,14.58
2019-04-11,4630,4655,531.0,528.3,8.81128146886239,7.517690180868188,0.6313430228614801,2.048951585987547,14.68
2019-04-10,4595,4570,538.5,535.0,8.542056074766355,7.487914356228269,0.6222273684617549,1.6941423215505491,12.34
2019-04-09,4695,4640,542.4,542.9,8.54669368207773,7.4608110843351625,0.6199878890277563,1.751457757417507,12.71
2019-04-08,4815,4730,550.0,546.2,8.659831563529842,7.434377849756751,0.6153723909634959,1.9914018434502458,14.15
2019-04-05,4800,4775,547.0,548.0,8.713503649635037,7.407440686842965,0.6052750466442126,2.157800771786632,14.99
2019-04-04,4765,4795,547.0,547.7,8.75479276976447,7.378383126112005,0.594085154003574,2.3168558149900917,15.72
2019-04-03,4690,4765,549.3,548.9,8.680998360357078,7.3470629912090635,0.5825022417902661,2.290008987859496,15.37
2019-04-02,4755,4710,550.9,549.6,8.569868995633188,7.316471321934483,0.5717929339750515,2.192048203508219,14.63
2019-04-01,4745,4710,545.5,547.2,8.607456140350877,7.287198451123594,0.563006868908282,2.3450116901546414,15.34
2019-03-29,4695,4695,543.1,539.0,8.710575139146568,7.258171368062931,0.5501641300551453,2.6399463209970753,16.67
2019-03-28,4650,4635,542.2,535.8,8.650615901455767,7.229620043903328,0.5292141801533617,2.6851054088169874,16.43
2019-03-27,4690,4655,553.7,551.6,8.439086294416244,7.205810482440955,0.5043325471544626,2.445362328752444,14.61
2019-03-26,4600,4665,546.1,561.6,8.306623931623932,7.186824846613304,0.48393789937616505,2.3139313669256727,13.48
2019-03-25,4520,4500,550.0,548.7,8.201202843083651,7.168747387348908,0.4667895042105985,2.211822344807771,12.59
2019-03-22,4545,4560,568.0,564.2,8.082240340304855,7.1517579121896535,0.45185198494919093,2.0592637835149286,11.51
2019-03-20,4430,4460,576.0,574.8,7.7592205984690334,7.134436857506636,0.4406106483951069,1.4179951012035856,8.05
2019-03-19,4335,4410,578.2,577.9,7.631078041183596,7.124219929223727,0.43485116795691764,1.165589859954302,6.64
2019-03-18,4295,4320,574.8,577.3,7.483111034124373,7.116802701736584,0.43086854600838675,0.8501626210158734,4.9
2019-03-15,4225,4245,569.0,570.7,7.438233748028736,7.111003531875406,0.42882138812919396,0.7630921059719697,4.4
2019-03-14,4250,4250,565.9,568.5,7.475813544415128,7.104393105601142,0.42754549805710285,0.8687272828314961,4.97
2019-03-13,4210,4225,562.2,560.7,7.535223827358658,7.0987779079601445,0.42539065276721266,1.0259885038831609,5.79
2019-03-12,4165,4230,556.7,566.2,7.470858353938537,7.093226761243174,0.4223647520889182,0.8940887960647396,5.05
2019-03-11,4135,4130,551.3,553.2,7.465654374548083,7.086366187052642,0.42034918589066345,0.9023169313193281,5.08
2019-03-08,4210,4120,558.6,553.0,7.450271247739602,7.078745697352785,0.4185809748524495,0.8875834610442591,4.99
2019-03-07,4205,4250,565.0,562.5,7.555555555555555,7.070557047561853,0.41723787242640953,1.1624028882451078,6.42
2019-03-06,4240,4245,569.5,567.2,7.48413258110014,7.060315451588645,0.41462634500446366,1.0221664267545103,5.66
2019-03-05,4255,4250,572.4,570.0,7.456140350877193,7.049201566022763,0.4142883793817421,0.9822597135399248,5.46
2019-03-04,4300,4270,576.5,575.8,7.415769364362626,7.03840639133251,0.4140924530792049,0.9113012570599474,5.09
2019-03-01,4250,4230,567.0,568.1,7.445872205597606,7.026045851362674,0.4164729014620295,1.0080520311432766,5.64
2019-02-28,4235,4215,571.9,565.5,7.453580901856764,7.012208814422383,0.4195231553362973,1.0520803960881948,5.92
2019-02-27,4280,4250,575.0,575.3,7.3874500260733535,6.998683202068205,0.42142347392290114,0.9225087069456253,5.26
2019-02-26,4285,4270,574.8,572.8,7.454608938547486,6.987583796998721,0.42200017314352695,1.1066941941512538,6.26
2019-02-25,4340,4310,581.4,581.5,7.411865864144454,6.970554702434901,0.4285293223316647,1.0298272223434823,5.95
2019-02-22,4330,4305,580.0,573.0,7.513089005235602,6.955204859027574,0.4330415394628131,1.288292450881461,7.43
2019-02-21,4330,4340,578.1,583.4,7.43914981145012,6.93900580679862,0.4345904667001737,1.1508397974052944,6.72
2019-02-20,4370,4335,579.7,579.9,7.475426797723745,6.920370563091764,0.44263575737766564,1.2539796556887672,7.43
2019-02-19,4350,4345,565.8,577.7,7.5212047775662105,6.902788905250731,0.44641156274242155,1.3853043333295192,8.22
2019-02-18,4325,4340,565.0,567.4,7.648924920690871,6.885364637843292,0.44743622260656424,1.7065231741842823,9.98
2019-02-15,4300,4230,556.3,556.4,7.602444284687276,6.868052553074803,0.44265104231632896,1.6590760246931908,9.66
2019-02-14,4300,4290,555.0,557.5,7.695067264573991,6.851274227111604,0.43832422016791733,1.925043149883752,10.97
2019-02-13,4290,4315,553.0,554.4,7.783189033189034,6.838718401777172,0.4273231721771786,2.2102022378048383,12.13
2019-02-12,4300,4255,541.6,546.1,7.791613257645119,6.825267678943111,0.41302020775701714,2.3397053232574927,12.4
2019-02-08,4335,4250,550.0,545.5,7.791017415215399,6.812052442428393,0.3974522166185599,2.4631010517838714,12.57
2019-02-07,4245,4335,558.3,557.9,7.7702097150026885,6.7992964705805505,0.3808331153473331,2.5494454271305456,12.5
2019-02-06,4255,4280,559.9,559.6,7.648320228734811,6.787588565185982,0.363926770830319,2.365123240549251,11.25
2019-02-05,4235,4250,555.5,558.6,7.608306480486931,6.776982553507775,0.35001272572769737,2.375124862248319,10.93
2019-02-04,4180,4245,549.5,553.1,7.67492316036883,6.767243928381755,0.33665297360426166,2.6961865872423845,11.83
2019-02-01,4100,4165,542.0,549.5,7.579617834394904,6.755961697119487,0.31980196614312983,2.5755193040520075,10.87
2019-01-31,4230,4215,547.9,541.8,7.779623477297896,6.746724570759843,0.3055664889440776,3.3802754683845126,13.28
2019-01-30,4100,4145,562.1,538.2,7.701597918989223,6.736475045607992,0.2827920387738885,3.4128360811207736,12.53
2019-01-29,4065,4100,580.0,573.9,7.144101759888483,6.727349263844729,0.26176143303776467,1.5921080932637925,5.83
2019-01-28,4080,4065,592.4,591.0,6.878172588832487,6.726888668506978,0.2610571551776692,0.579504975538971,2.2
2019-01-25,4020,4065,591.3,592.8,6.857287449392713,6.730179700655878,0.2644770024275087,0.48060038328540183,1.85
2019-01-24,4075,4025,586.8,593.8,6.778376557763557,6.731981847278943,0.26579418845174,0.17455125996119164,0.68
2019-01-23,4060,4030,583.0,586.3,6.873614190687362,6.734153194005384,0.266827509580749,0.5226634873634458,2.03
2019-01-22,4110,4110,594.6,586.2,7.011258955987717,6.733457936894985,0.2665309882006202,1.0422841297674128,3.96
2019-01-21,4080,4070,598.0,591.3,6.8831388466091665,6.731430211042091,0.26498381609525223,0.5725203818203816,2.2
2019-01-18,4045,4045,593.5,593.5,6.815501263689975,6.732002552312465,0.26535697001213304,0.3146656045013344,1.23
2019-01-17,4045,4015,593.3,591.5,6.787827557058327,6.729700764032028,0.2653714336373988,0.2190393752242469,0.86
2019-01-16,4020,4020,586.1,584.2,6.881205066757959,6.726136677689703,0.26636002068663106,0.5821759161473098,2.25
2019-01-15,3925,4015,582.7,584.8,6.865595075239399,6.726377383344498,0.26650816084718004,0.5223768437422465,2.03
2019-01-11,3910,3905,582.9,584.1,6.685499058380414,6.72915210796751,0.26901471051180187,-0.16227012085712753,-0.65
2019-01-10,3905,3900,579.6,582.9,6.690684508492023,6.7328782272895005,0.27031650884401137,-0.15609005523900857,-0.63
2019-01-09,3895,3925,584.8,585.2,6.70710868079289,6.736520979654779,0.2715613487419133,-0.10830811895046843,-0.44
2019-01-08,3910,3890,576.2,581.9,6.684997422237498,6.741406179317707,0.27427033968478604,-0.20566845523667673,-0.84
2019-01-07,3825,3865,580.8,576.2,6.707740367927802,6.74434115344691,0.2748282084461469,-0.1331769607131849,-0.55
2019-01-04,3685,3695,546.6,564.1,6.550257046622939,6.7471921573971825,0.27554189287716957,-0.7147193071727687,-3.01
2018-12-28,3900,3810,549.2,556.6,6.845131153431549,6.753848836709944,0.27673183599946766,0.32985838579765225,1.33
2018-12-27,4025,3960,559.7,555.4,7.129996398991718,6.756774368211647,0.2788332010357863,1.3385135966364732,5.23
2018-12-26,3785,3885,538.1,536.1,7.246782316731952,6.755089803963621,0.27694857828996255,1.7753928032572672,6.78
2018-12-25,3705,3755,523.7,533.3,7.041065066566661,6.751388621035203,0.27216637379258385,1.0643359115046978,4.11
2018-12-21,3875,3840,577.7,563.7,6.812134113890367,6.74996370890938,0.2709229701994755,0.22947631548263214,0.91
2018-12-20,4010,3890,603.6,583.1,6.671239924541244,6.751579429671199,0.27164929003190036,-0.29574715663906137,-1.2
2018-12-19,4070,4055,606.0,608.6,6.662832730857706,6.7566671790566675,0.2736628337590232,-0.3428834193889428,-1.41
2018-12-18,4025,4000,610.0,611.6,6.540222367560497,6.760152341456523,0.2741096868303269,-0.8023429468662395,-3.36
2018-12-17,4025,4060,612.4,617.2,6.578094620868438,6.765986413592753,0.2740230632229289,-0.6856787546070803,-2.86
2018-12-14,4050,3985,620.0,612.2,6.509310682783403,6.7715406864605265,0.2743799021245938,-0.955718701138856,-4.03
2018-12-13,4085,4100,616.9,624.6,6.564201088696766,6.779062224697359,0.27481998919667233,-0.7818249925293085,-3.27
2018-12-12,4020,4080,605.4,614.5,6.639544344995931,6.785355531448371,0.2752316749875025,-0.5297761838605977,-2.2
2018-12-11,3860,3880,599.7,593.8,6.534186594813069,6.792553227156147,0.2783651751814637,-0.9281571668390314,-3.95
2018-12-10,3815,3855,603.0,601.8,6.405782652043869,6.800611462116874,0.27951460399311917,-1.4125516321241096,-6.16
2018-12-07,3915,3915,612.9,613.0,6.386623164763458,6.8087647020352975,0.27678388605797594,-1.5251665958018104,-6.61
2018-12-06,3920,3875,614.0,607.9,6.374403684816582,6.817574272052818,0.2737052785199448,-1.6191525045942519,-6.95
2018-12-05,3975,3965,615.0,616.6,6.430424910801167,6.8249369629830925,0.269072862763294,-1.4661904144862845,-6.14
2018-12-04,4360,4090,635.0,622.6,6.569225827176357,6.833155621412404,0.2662966682129611,-0.9911118903860205,-4.02
2018-12-03,4420,4375,632.0,637.3,6.864898791777813,6.841882036574235,0.2682213962043952,0.08581252476233615,0.34
2018-11-30,4415,4395,632.0,626.5,7.015163607342378,6.846313574109845,0.2712931393454039,0.6223896175183307,2.41
2018-11-29,4410,4395,633.4,632.3,6.950814486794243,6.847476816620724,0.27220015867265457,0.3796385376020007,1.49
2018-11-28,4315,4355,631.1,628.7,6.926992206139653,6.849700648059932,0.27371243860111955,0.2823823370057277,1.12
2018-11-27,4375,4270,630.0,629.5,6.783161239078634,6.853190655108488,0.2763319131962123,-0.25342500335865625,-1.03
2018-11-26,4350,4365,616.0,624.2,6.992950977250881,6.85710716909506,0.27739119656126937,0.48971924790632665,1.94
2018-11-22,4345,4380,619.1,619.1,7.074785979647876,6.858931993583437,0.2787258096978414,0.7744312817619586,3.05
2018-11-21,4275,4360,618.0,618.6,7.048173294536049,6.860775035442685,0.28059774820754957,0.6678537525352902,2.66
2018-11-20,4330,4355,618.1,627.3,6.942451777458952,6.862081067334127,0.28169276833637136,0.2853133596559133,1.16
2018-11-19,4435,4400,627.0,623.7,7.054673721340388,6.865820437146085,0.2845814838585339,0.6636176100908312,2.68
2018-11-16,4440,4455,631.8,625.8,7.118887823585811,6.86948132372673,0.2887232525515211,0.8638254718143131,3.5
2018-11-15,4370,4395,633.5,631.8,6.956315289648623,6.881303241456916,0.31559485972045076,0.23768463231039996,1.08
2018-11-14,4355,4395,636.9,637.5,6.894117647058824,6.894172967958322,0.33732401964194525,-0.00016399928933759337,-0.0
2018-11-13,4265,4330,636.1,633.4,6.836122513419641,6.908339772370986,0.3586608488313234,-0.20135250107911407,-1.06
2018-11-12,4265,4365,640.1,643.1,6.78743585756492,6.923174378174961,0.3778621766192368,-0.3592275941045612,-2.0
2018-11-09,4310,4275,644.4,642.8,6.6505911636589925,6.936250574508913,0.3897216555569026,-0.7329831606142594,-4.3
2018-11-08,4235,4285,648.8,644.7,6.646502249108112,6.950767197744827,0.39897812301008073,-0.7626106071711284,-4.58
2018-11-07,4195,4145,647.3,638.8,6.488728866624922,6.963423084822108,0.4041469365569422,-1.1745584965736937,-7.32
2018-11-06,4185,4180,649.1,652.3,6.408094435075886,6.980339332626956,0.41042716140636737,-1.394266635741697,-8.93
2018-11-05,4215,4170,646.7,647.6,6.439159975293391,6.997631958619272,0.4132648115384548,-1.351365922607506,-8.67
2018-11-02,3965,4285,644.0,653.7,6.554994645862016,7.016351655680721,0.41929769145910806,-1.1003089671522752,-7.04
2018-11-01,3950,3990,647.1,645.9,6.177426846261032,7.034727230105003,0.4287681452067268,-1.9994498038809094,-13.88
2018-10-31,4040,4050,635.0,646.9,6.260627608594837,7.059337337072488,0.43181507506230477,-1.8496568892654077,-12.76
2018-10-30,3790,4005,625.0,635.9,6.2981600880641615,7.082152863893759,0.43421062185517373,-1.8055587228151453,-12.45
2018-10-29,4000,3930,653.6,650.5,6.041506533435818,7.103987699176778,0.43541061108008206,-2.4401820688415534,-17.59
2018-10-26,4065,4005,653.9,650.5,6.156802459646426,7.128225308292638,0.42608750197944656,-2.279867032319271,-15.78
2018-10-25,4070,4035,651.1,649.3,6.214384722008317,7.152431190686251,0.4217590494903919,-2.2241288475288625,-15.09
2018-10-24,4245,4225,669.0,665.3,6.350518563054262,7.176736262649031,0.41951951645462054,-1.969438052792334,-13.01
2018-10-23,4440,4215,675.4,664.4,6.3440698374473214,7.199033772131229,0.41945520792834984,-2.03827230780253,-13.48
2018-10-22,4530,4595,672.3,680.4,6.753380364491476,7.223074060387254,0.4214293969096467,-1.1145252308928957,-6.95
2018-10-19,4560,4570,672.2,674.6,6.77438482063445,7.2383420818398285,0.4248652412013968,-1.092010398152226,-6.85
2018-10-18,4615,4625,682.6,680.1,6.800470519041317,7.251795500524392,0.4259347857430776,-1.0596105239343203,-6.64
2018-10-17,4595,4620,670.9,676.0,6.834319526627219,7.267656577577102,0.4309523172253524,-1.005533637085153,-6.34
2018-10-16,4475,4555,654.0,660.9,6.892116810410047,7.288170021276837,0.4461846376622649,-0.8876442114678512,-5.75
2018-10-15,4535,4490,661.2,655.2,6.8528693528693525,7.307751566983035,0.4603741910343213,-0.9880706237934413,-6.64
2018-10-12,4480,4580,663.1,665.9,6.877909596035441,7.328656283849562,0.4746204376563741,-0.9496992797863082,-6.55
2018-10-11,4630,4550,669.9,666.3,6.828755815698635,7.348762508151267,0.48688211175176715,-1.0680340885428807,-7.61
2018-10-10,4765,4765,689.2,691.9,6.886833357421593,7.374954551722957,0.5104702025480198,-0.9562187799893109,-7.09
2018-10-09,4800,4820,687.0,687.5,7.010909090909091,7.4019973217458785,0.5369325596997643,-0.7283749584034762,-5.58
2018-10-05,4825,4865,685.3,693.3,7.017164286744555,7.425023388236022,0.5563460317687651,-0.7331032814142298,-5.81
2018-10-04,4875,4880,683.6,686.4,7.10955710955711,7.444696804289541,0.5675510088239104,-0.5905014518904901,-4.71
2018-10-03,4820,4845,687.0,680.0,7.125,7.464773219102797,0.5817937439532661,-0.5840097502493777,-4.77
2018-10-02,4845,4815,691.0,688.6,6.992448446122567,7.485456169737204,0.5967285682300779,-0.826184214838111,-7.05
2018-10-01,4785,4795,690.0,690.8,6.941227562246671,7.508460729981363,0.610379928400722,-0.9293116325448635,-8.17
2018-09-28,4755,4715,692.1,691.2,6.8214699074074066,7.535637252463287,0.6295923258865077,-1.1343329892884029,-10.47
2018-09-27,4745,4715,689.2,687.4,6.8591795170206575,7.562337439408461,0.641096164630594,-1.0968056918465112,-10.25
2018-09-26,4755,4815,700.0,695.2,6.926064441887227,7.588413946551941,0.65165276011636,-1.016414792053431,-9.56
2018-09-25,4645,4745,713.5,714.3,6.642867142657147,7.613105295763503,0.6611034379303792,-1.467604156081444,-14.61
2018-09-21,4680,4655,705.0,713.9,6.520521081383947,7.640921214010991,0.6635791574009344,-1.6884197162179675,-17.18
2018-09-20,4900,4835,697.6,700.8,6.89925799086758,7.6695337124386755,0.6609117633806291,-1.165474370785986,-11.16
2018-09-19,4880,4895,697.8,692.0,7.073699421965318,7.694780317851711,0.6671413679668134,-0.9309584530475226,-8.78
2018-09-18,4700,4810,680.0,690.6,6.964958007529684,7.71995633028916,0.678755083001358,-1.1123280571557297,-10.84
2018-09-14,4780,4725,673.4,678.5,6.963890935887989,7.746122952310923,0.6869236982496413,-1.1387465862892046,-11.23
2018-09-13,4625,4735,664.6,669.4,7.0734986555124,7.773581347029927,0.696203842907878,-1.0055714266003588,-9.9
2018-09-12,4575,4585,661.7,664.0,6.905120481927711,7.7990019562350685,0.704929840061885,-1.2680431775010184,-12.95
2018-09-11,4605,4580,652.4,661.7,6.921565664198277,7.827357127501077,0.7111476073189781,-1.2737038752301064,-13.09
2018-09-10,4550,4585,643.3,650.4,7.049507995079951,7.855259681893094,0.7160977700905142,-1.1251978716695301,-11.43
2018-09-07,4560,4575,655.0,647.6,7.064546016059295,7.8812272135604005,0.7216982688825317,-1.1316103040757515,-11.56
2018-09-06,4650,4600,660.0,656.8,7.003654080389769,7.905168938114775,0.7239890438898938,-1.245205110952081,-12.87
2018-09-05,4610,4615,663.3,662.2,6.969193597100573,7.928142425774635,0.7223531399277126,-1.32753465814522,-13.76
2018-09-04,4595,4605,663.4,664.1,6.9341966571299505,7.951693557706043,0.7194928271587031,-1.4141863020291883,-14.67
2018-09-03,4700,4585,666.5,661.3,6.933313171026766,7.97624930344776,0.7157653260578628,-1.4570922821381302,-15.04
2018-08-31,4645,4700,668.4,666.4,7.052821128451381,7.999547943711356,0.7098529324262548,-1.3336943076703125,-13.42
2018-08-30,4720,4660,676.4,673.0,6.924219910846954,8.02180918269126,0.7059831486769998,-1.554696133896637,-15.85
2018-08-29,4710,4710,673.3,675.0,6.977777777777778,8.045228379482166,0.6982756171502632,-1.528695225047049,-15.3
2018-08-28,4750,4720,672.0,674.8,6.994665085951394,8.070878589560369,0.6939129885259957,-1.5509343698769193,-15.39
2018-08-27,4695,4730,666.0,668.7,7.073426050545835,8.093661737193992,0.6862124217471588,-1.4867636526464287,-14.42
2018-08-24,4735,4665,670.0,663.0,7.036199095022624,8.117298883275428,0.6811765217440108,-1.5871066511289502,-15.36
2018-08-23,4720,4775,664.0,665.1,7.179371523079236,8.140213223836827,0.673283769718554,-1.4270976725894384,-13.38
2018-08-22,4625,4740,654.2,664.0,7.13855421686747,8.161129491569817,0.6674510236543747,-1.5320603886463822,-14.32
2018-08-21,4545,4590,650.1,654.1,7.017275645925699,8.180665749810327,0.6586194031990961,-1.766407272901043,-16.58
2018-08-20,4540,4585,655.0,650.6,7.0473409160774665,8.203185281025482,0.6472318641150137,-1.7858273503398165,-16.4
2018-08-17,4570,4530,652.2,654.0,6.926605504587156,8.220651469769985,0.6333306464209891,-2.0432391397694136,-18.68
2018-08-16,4540,4560,636.1,647.1,7.046824292999536,8.237924136560535,0.6152088990706784,-1.9360900750302044,-16.9
2018-08-15,4650,4595,644.0,636.1,7.223706964313787,8.267052550377477,0.609818549721973,-1.7109115269441526,-14.44
2018-08-14,4545,4630,638.6,643.3,7.1972641069485475,8.289581293545412,0.6020186126550725,-1.8144242779794408,-15.18
2018-08-13,4575,4515,648.0,635.7,7.102406795658329,8.311928727558232,0.5920824395309302,-2.042826895623069,-17.03
2018-08-10,4720,4630,654.8,650.5,7.1176018447348195,8.336030262894347,0.5790029019350467,-2.104356323755028,-17.12
2018-08-09,4675,4700,660.0,653.8,7.188742734781279,8.360134233561352,0.565243786775806,-2.072365103669304,-16.29
2018-08-08,4665,4675,660.5,660.6,7.07689978807145,8.384720838367441,0.5537441131399403,-2.361778697528985,-18.48
2018-08-07,4630,4685,653.0,657.1,7.129812813879166,8.411045781001706,0.5376412440790691,-2.383063020615496,-17.97
2018-08-06,4700,4700,654.9,651.6,7.213014119091467,8.43641429047499,0.5212251914492814,-2.3471624001553444,-16.96
2018-08-03,4700,4685,651.2,655.6,7.146125686394143,8.459070476313961,0.5042072400568349,-2.603978454914335,-18.37
2018-08-02,4780,4705,652.9,651.4,7.222904513355849,8.481587767519608,0.48230397305263906,-2.609730220958361,-17.43
2018-08-01,4840,4775,651.8,651.5,7.329240214888718,8.501936704134028,0.4604706866762853,-2.546734294228213,-16.0
2018-07-31,5190,5210,667.3,650.8,8.005531653349724,8.521989289590739,0.44131385400447204,-1.1702728830166773,-6.45
2018-07-30,5210,5210,655.0,657.7,7.921544777254066,8.535591565294633,0.4409076324370524,-1.3926880436306184,-7.75
2018-07-27,5270,5210,655.0,654.8,7.9566279780085525,8.551508588235736,0.4399999619837538,-1.3520015036936486,-7.48
2018-07-26,5250,5270,670.5,663.0,7.948717948717949,8.566178698229553,0.43825989548478367,-1.408891746365696,-7.77
2018-07-25,5240,5200,670.0,669.4,7.768150582611294,8.5786253996485,0.4337800648437761,-1.8684003316959592,-10.43
2018-07-24,5160,5190,671.9,670.6,7.73933790635252,8.592370708566834,0.42410584937221685,-2.0113676891677326,-11.02
2018-07-23,5100,5080,659.8,668.8,7.595693779904307,8.602815900118497,0.41245501499986365,-2.4417744568205153,-13.26
2018-07-20,5100,5130,663.1,661.3,7.757447451988508,8.614176798973503,0.3959629982719147,-2.1636601165361014,-11.04
2018-07-19,5220,5120,668.0,664.5,7.705041384499624,8.62182239455299,0.3847232297832438,-2.382962449576771,-11.9
2018-07-18,5320,5200,670.0,663.0,7.8431372549019605,8.62929920634691,0.3720746783624996,-2.112914415205164,-10.02
2018-07-17,5280,5270,663.1,664.3,7.933162727683277,8.632960032893509,0.3656163062136648,-1.914021046975059,-8.82
2018-07-13,5240,5260,656.0,655.6,8.023184868822453,8.633403545221205,0.36478637850323425,-1.6728110268331786,-7.61
2018-07-12,5160,5200,652.0,652.3,7.971792120190097,8.63314064305037,0.36523290140638937,-1.8107583416325348,-8.3
2018-07-11,5090,5140,648.7,647.7,7.935772734290566,8.63197752367733,0.3674692333819098,-1.894593413928616,-8.77
2018-07-10,5220,5140,654.9,654.0,7.859327217125382,8.630866804134657,0.36969109761748364,-2.086984490515323,-9.82
2018-07-09,5120,5170,636.4,648.5,7.972243639167309,8.632331130185667,0.36683867187406016,-1.799394506708316,-8.28
2018-07-06,5100,5090,634.5,633.3,8.037265119216801,8.630643215091697,0.3701483279796859,-1.6030819296513485,-7.38
2018-07-05,5120,5060,631.6,630.7,8.02283177421912,8.63081454960045,0.3698764992873459,-1.6437453489279545,-7.58
2018-07-04,4985,5140,628.0,630.9,8.147091456649232,8.631660170867825,0.368555686388369,-1.3147774735673845,-5.95
2018-07-03,4950,4995,637.6,632.4,7.898481973434535,8.631032284779169,0.36941978250778346,-1.9829753197616022,-9.27
2018-07-02,5020,4930,641.1,633.4,7.783391221976634,8.634084663399337,0.3642641802577216,-2.3353749490845517,-10.93
2018-06-29,5290,5140,635.0,643.3,7.990051297994715,8.639601941778853,0.3543359347398703,-1.8331492239447693,-8.13
2018-06-28,5300,5300,636.3,633.0,8.372827804107425,8.642677965671835,0.3496542154032871,-0.7717629294220513,-3.22
2018-06-27,5370,5340,638.9,638.7,8.360732738374823,8.641237951967433,0.35098247182952197,-0.7992000629845016,-3.36
2018-06-26,5240,5380,627.0,638.9,8.42072311785882,8.63923188363848,0.35300413557370675,-0.618997750336655,-2.59
2018-06-25,5450,5320,632.5,634.4,8.385876418663305,8.635369341608806,0.35693688714447347,-0.6989832990965623,-2.98
2018-06-22,5430,5450,616.8,619.8,8.793159083575347,8.634228819931405,0.3578677185998925,0.44410338061710203,1.81
2018-06-21,5490,5530,623.0,620.3,8.91504110914074,8.62494733410889,0.36262086052759357,0.7999919657401354,3.25
2018-06-20,5370,5490,628.1,628.3,8.737864077669904,8.612131992519195,0.36906886535455796,0.34067377921440295,1.44
2018-06-19,5430,5330,634.9,627.6,8.492670490758444,8.601083221612832,0.37744805260769043,-0.287225566817454,-1.28
2018-06-18,5610,5500,650.0,638.4,8.61528822055138,8.593130353164625,0.385839056363612,0.057427746158162346,0.26
2018-06-15,5700,5630,648.5,648.9,8.676221297580522,8.582763857708857,0.39542980594153676,0.23634394389957203,1.08
2018-06-14,5810,5650,648.0,648.1,8.7177904644345,8.571955958282972,0.4037184232426092,0.36122826642442124,1.67
2018-06-13,5700,5860,649.9,652.6,8.97946674839105,8.562157467104988,0.4089442759039023,1.0204551228004612,4.65
2018-06-12,5750,5710,653.9,647.1,8.823983928295473,8.548813226281284,0.41143062376734274,0.6688143422444722,3.12
2018-06-11,5620,5720,644.6,648.9,8.814917552781631,8.538926736743106,0.41360267361198544,0.6672848935629514,3.13
2018-06-08,5600,5660,646.1,644.8,8.777915632754343,8.525699138467608,0.420373063704876,0.5999825299553544,2.87
2018-06-07,5600,5680,645.8,650.7,8.729061011218686,8.5146728489138,0.4244388519376203,0.5051096555515001,2.46
2018-06-06,5630,5550,645.8,640.4,8.666458463460337,8.503888514389832,0.42910442805547294,0.37885870767450774,1.88
2018-06-05,5820,5630,649.5,640.3,8.79275339684523,8.49286271720384,0.43536390602374053,0.6888276117796424,3.41
2018-06-04,5780,5810,648.5,648.3,8.961900354774025,8.477298373166848,0.44512126307079064,1.0886965458895812,5.41
2018-06-01,5660,5710,631.2,639.6,8.927454659161976,8.45894798557022,0.4530631171245397,1.0340869867431106,5.25
2018-05-31,5700,5700,640.0,631.7,9.023270539813202,8.442148089248743,0.45870465795389037,1.266877151753001,6.44
2018-05-30,5680,5670,634.9,631.4,8.980044345898005,8.421796623568007,0.46626822270756,1.1972673563047573,6.22
2018-05-29,5890,5830,652.3,645.5,9.03175832687839,8.398417918946146,0.48140374084486154,1.3156117291916622,7.01
2018-05-28,5840,5880,650.0,652.3,9.014257243599571,8.374114759189727,0.4946441548809457,1.2941474757018376,7.1
2018-05-25,5740,5840,649.0,649.1,8.99707287012787,8.351198437086834,0.5041776431124897,1.281045365387078,7.18
2018-05-24,5760,5760,656.0,650.1,8.860175357637287,8.33055497166107,0.5089835163861379,1.0405452611444173,5.98
2018-05-23,5730,5750,665.0,658.9,8.726665654879344,8.313864942408573,0.5118580703092529,0.8064749515844625,4.73
2018-05-22,5830,5810,667.7,665.1,8.735528491956096,8.303705599099164,0.5111250559377805,0.8448478270443035,4.94
2018-05-21,5820,5850,669.0,666.6,8.775877587758776,8.293960825502904,0.5097645294437306,0.9453713124798105,5.49
2018-05-18,5860,5810,667.0,669.3,8.680711190796355,8.283677070202824,0.5077144507203019,0.7820027971042645,4.57
2018-05-17,5830,5810,667.3,666.1,8.722414051944153,8.275488454867544,0.5061952165471872,0.8829115378156615,5.12
2018-05-16,5900,5790,667.3,667.0,8.680659670164918,8.265142130771126,0.5048831135593416,0.8229974983010664,4.79
2018-05-15,5900,5940,674.0,667.3,8.90154353364304,8.256073304477543,0.5034446074290324,1.2821077426208898,7.25
2018-05-14,5830,5860,663.0,673.3,8.703401158473193,8.247710321246014,0.49783117770458063,0.9153521467423874,5.24
2018-05-11,5750,5850,654.5,661.3,8.846212006653563,8.240583744197762,0.49507491271805687,1.223306305566534,6.85
2018-05-10,5700,5730,654.5,654.5,8.754774637127579,8.231896098063226,0.4900626139512906,1.0669627190053796,5.97
2018-05-09,5700,5730,659.2,655.0,8.748091603053435,8.226105940508363,0.4864022879880842,1.0731562647539592,5.97
2018-05-08,5700,5700,659.0,662.5,8.60377358490566,8.220660972859307,0.48280091492056104,0.7935208907161873,4.45
2018-05-07,5510,5720,659.9,657.0,8.706240487062406,8.219811347455051,0.4821816430750967,1.0088089138051157,5.59
2018-05-02,5520,5520,663.0,660.5,8.357305071915215,8.218112292554341,0.4806868206750828,0.2895706172376224,1.67
2018-05-01,5590,5480,675.0,666.5,8.22205551387847,8.221879882650146,0.48286548089938663,0.00036372703220841947,0.0
2018-04-27,6150,6210,680.0,672.7,9.231455329270105,8.231212880473123,0.48949781384072927,2.0434053442421227,10.84
2018-04-26,6120,6070,684.6,681.0,8.913362701908957,8.22977292177971,0.4867041521626784,1.4045283507274449,7.67
2018-04-25,6000,6080,680.5,685.2,8.873321657910099,8.233270164149074,0.4925112812181245,1.2995671737264374,7.21
2018-04-24,6080,6090,683.7,683.5,8.910021945866863,8.237611634166438,0.49951943870888976,1.3461144043531255,7.55
2018-04-23,6120,6030,669.6,675.6,8.925399644760212,8.244169019712666,0.5113903846878076,1.3321146533942392,7.63
2018-04-20,6020,6070,669.0,672.0,9.032738095238095,8.250593973569769,0.5228083765472533,1.4960435921738389,8.66
2018-04-19,6120,6020,667.5,665.1,9.051270485641256,8.256742157273715,0.5345496629176596,1.4863508173045608,8.78
2018-04-18,5970,6040,664.1,668.7,9.032451024375654,8.261766365068034,0.5436865366172341,1.4175165419816094,8.53
2018-04-17,5910,5940,668.1,666.5,8.912228057014254,8.266767898399937,0.5524087209324813,1.1684467209800047,7.24
2018-04-16,5940,5930,672.5,671.2,8.834922526817639,8.273432874613952,0.5630688850912008,0.997195311392036,6.36
2018-04-13,5930,5910,672.8,675.5,8.749074759437454,8.278458302665422,0.5697006983152398,0.8260766717747977,5.38
2018-04-12,5980,5920,671.2,670.2,8.833184124142047,8.282964703649444,0.57472012725847,0.9573693253397257,6.23
2018-04-11,6140,6040,669.3,669.2,9.02570233114166,8.28246426148497,0.5742569559136198,1.294260456060526,8.23
2018-04-10,6100,6110,666.1,670.3,9.11532149783679,8.282030328806469,0.5737072030771961,1.4524676778691175,9.14
2018-04-09,5920,6050,667.5,668.0,9.05688622754491,8.281206792145031,0.5725536227662732,1.3547716834839147,8.56
2018-04-06,5930,5920,670.0,666.5,8.882220555138785,8.279948789418494,0.5709493388183584,1.054860256019838,6.78
2018-04-05,5780,5920,670.6,672.8,8.799048751486326,8.281052848445386,0.5721916083665246,0.9052839913533507,5.89
2018-04-04,5690,5700,669.8,668.8,8.522727272727273,8.28078267528065,0.5719516946579171,0.42301578910668386,2.84
2018-04-03,5590,5660,669.8,670.0,8.447761194029852,8.287461332044703,0.5776341408048183,0.2775110587504443,1.9
2018-04-02,5620,5630,678.3,675.8,8.330867120449838,8.295514171296718,0.5839877626680937,0.060537140353081005,0.42
2018-03-30,5580,5610,682.6,678.7,8.265802269043759,8.303517859858779,0.5885133670528789,-0.06408620929697863,-0.46
2018-03-29,5490,5490,682.0,676.3,8.117699245896793,8.31243793515395,0.5929276046721604,-0.3284358625279919,-2.4
2018-03-28,5420,5410,671.2,679.1,7.966426152260344,8.32254283325272,0.5959728002300155,-0.5975384797006394,-4.47
2018-03-27,5400,5540,682.2,692.2,8.003467206009823,8.336487240143516,0.5997007141858003,-0.555310384423714,-4.16
2018-03-26,5180,5300,668.4,672.2,7.8845581672121385,8.348935587736559,0.6023429162788145,-0.7709519079153042,-5.89
2018-03-23,5380,5280,683.0,672.4,7.852468768590125,8.364044014915951,0.6047119497939192,-0.8459817050087511,-6.51
2018-03-22,5480,5580,700.0,700.2,7.969151670951156,8.378542139071138,0.6053075697933094,-0.6763346248251514,-5.14
2018-03-20,5520,5510,695.5,702.3,7.845650007119465,8.39221316144935,0.607481727016496,-0.8997194977603713,-6.97
2018-03-19,5630,5590,705.3,694.4,8.050115207373272,8.403698967538986,0.6051784602241925,-0.5842636237164264,-4.39
2018-03-16,5750,5700,703.0,704.9,8.086253369272237,8.40947314683124,0.6038417851624756,-0.5352722940033623,-4.0
2018-03-15,5680,5670,698.3,700.0,8.1,8.414437314015812,0.6026934927587748,-0.5217201078055514,-3.88
2018-03-14,5740,5690,700.0,700.1,8.12741036994715,8.418474085058614,0.6015868115569262,-0.48382662239250596,-3.58
2018-03-13,5690,5770,698.0,703.9,8.197187100440404,8.42182758840893,0.600655249224535,-0.37399238291606524,-2.74
2018-03-12,5770,5720,690.0,695.8,8.220753089968381,8.423853708537152,0.600150158908327,-0.33841633723501874,-2.47
2018-03-09,5630,5630,681.9,681.2,8.264826776277157,8.424670184985755,0.5999149026276283,-0.2664434705797166,-1.93
2018-03-08,5580,5560,683.8,677.2,8.210277613703484,8.42329658459156,0.6003970635407186,-0.3547968233419396,-2.59
2018-03-07,5630,5560,682.0,683.8,8.131032465633227,8.420775029677362,0.6016821600095444,-0.4815541880775363,-3.56
2018-03-06,5640,5660,694.0,681.9,8.30033729285819,8.418736286837772,0.6029182546451646,-0.19637652877049402,-1.43
2018-03-05,5450,5540,690.0,684.2,8.097047646886875,8.41395624895835,0.6052546022411655,-0.5235955264082436,-3.91
2018-03-02,5440,5520,700.0,694.0,7.953890489913545,8.410743130033325,0.6075636999084956,-0.7519419612932535,-5.74
2018-03-01,5600,5610,715.0,709.3,7.909206259692655,8.409345069679183,0.6087328666648089,-0.8216063849595351,-6.32
2018-02-28,5720,5660,734.5,716.8,7.896205357142858,8.408792687896714,0.6092050700622318,-0.8414035863186334,-6.49
2018-02-27,5840,5760,738.8,734.9,7.837801061368894,8.408830849417493,0.6091730484285269,-0.937385180650514,-7.29
2018-02-26,5880,5760,735.9,732.3,7.865628840639083,8.410099647183971,0.6080804955164338,-0.8953926504129641,-6.92
2018-02-23,5720,5790,719.2,725.3,7.982903626085758,8.413342815204782,0.6058123560009644,-0.7105156982277513,-5.39
2018-02-22,5700,5680,713.8,711.9,7.978648686613289,8.414440207726411,0.6051057801696911,-0.7201906433465444,-5.46
2018-02-21,5690,5800,723.2,717.6,8.082497212931996,8.4125407721184,0.6066922633238848,-0.5440048919994366,-4.08
2018-02-20,5770,5670,724.6,724.8,7.822847682119206,8.407352696931365,0.6111398180154816,-0.9564178238462491,-7.47
2018-02-19,5700,5770,717.3,725.7,7.950943916218823,8.396500775215664,0.6284046734825469,-0.7090285572314659,-5.6
2018-02-16,5550,5640,712.0,712.1,7.920235921921078,8.383631664453429,0.6470051867391055,-0.7162164261276741,-5.85
2018-02-15,5450,5530,712.0,705.4,7.839523674510916,8.376819640508353,0.6544943919183343,-0.8209328798412059,-6.85
2018-02-14,5300,5350,707.0,701.6,7.625427594070695,8.371072842398618,0.6610463470030785,-1.1279772616676311,-9.78
2018-02-13,5550,5360,725.0,706.6,7.585621285026889,8.367691072768274,0.6654861117028269,-1.175185738647869,-10.31
2018-02-09,5300,5460,707.0,712.1,7.667462435051257,8.363971517984702,0.6706067880701926,-1.0386251605621102,-9.08
2018-02-08,5350,5460,743.3,728.3,7.496910613758067,8.3575446883001,0.6795017741332448,-1.2665663391973276,-11.48
2018-02-07,5520,5360,768.7,741.7,7.22664149925846,8.355222416368095,0.6827290764518785,-1.6530435805881218,-15.62
2018-02-06,5410,5370,747.0,744.9,7.209021345147,8.35583328799012,0.6817387841895556,-1.6821867399057229,-15.91
2018-02-05,5780,5700,781.1,781.3,7.295533085882504,8.357650382821308,0.6788551932843765,-1.5645712184953082,-14.56
2018-02-02,6000,5930,795.0,796.1,7.448812963195579,8.358931741422722,0.6769371952337394,-1.3444656086786444,-12.22
2018-02-01,5800,6070,790.2,797.8,7.608423163700176,8.359407836897969,0.676309199092498,-1.1104161738528728,-9.87
2018-01-31,6150,6230,765.0,782.2,7.964714906673485,8.35913878726182,0.6766118486795722,-0.5829396593601857,-4.95
2018-01-30,6260,6170,778.0,770.8,8.004670472236638,8.35574632682393,0.6792137946874854,-0.5168856365009867,-4.39
2018-01-29,6310,6270,789.1,783.3,8.004595940252777,8.350810390862788,0.6830812917123317,-0.5068422379745305,-4.33
2018-01-26,6390,6350,796.0,787.2,8.066565040650406,8.344881780609901,0.6879725105088313,-0.40454630920303625,-3.45
2018-01-25,6340,6350,796.9,799.1,7.9464397447128015,8.337483101063231,0.6938842280432906,-0.5635570611730825,-4.92
2018-01-24,6520,6430,810.0,803.7,8.000497698146074,8.33100673938226,0.6997458107274713,-0.47232728823711356,-4.13
2018-01-23,6540,6660,797.0,804.9,8.27431979127842,8.323400124263124,0.7063667557968968,-0.06948279004061045,-0.59
2018-01-22,6400,6500,796.1,795.7,8.168907879854215,8.31224422692578,0.7136236146364936,-0.20085706825239646,-1.75
2018-01-19,6430,6450,785.6,787.1,8.194638546563333,8.302424554293488,0.7205617372583374,-0.14958608285289987,-1.32
2018-01-18,6620,6490,788.5,780.0,8.320512820512821,8.290965535668363,0.728969364872035,0.04053295826724492,0.36
2018-01-17,6540,6530,770.0,783.0,8.339719029374201,8.274999723702551,0.7411585332180503,0.08732181142223916,0.78
2018-01-16,6600,6610,774.0,774.0,8.540051679586563,8.258379985362968,0.7533954456283931,0.3738696535239315,3.3
2018-01-15,6670,6640,770.7,774.0,8.578811369509044,8.238214149957829,0.7657266583755972,0.4448026143869065,3.97
2018-01-12,6770,6600,765.8,763.9,8.639874329100667,8.218126178374842,0.7762180553062916,0.5433372076863195,4.88
2018-01-11,6850,6820,751.1,764.4,8.92203035060178,8.195948670934031,0.7875303929163606,0.9219728993301999,8.14
2018-01-10,6940,6880,750.6,754.1,9.12345842726429,8.169823255482912,0.7954706225285688,1.1988314147291188,10.45
2018-01-09,6950,6890,756.7,750.9,9.175655879611133,8.141341480677617,0.7990498842977362,1.294430321884781,11.27
2018-01-05,6940,6890,738.0,749.0,9.198931909212282,8.110769487194625,0.8027468303256582,1.3555486996768475,11.83
2018-01-04,6750,6900,720.0,733.9,9.401825861834038,8.079340580977544,0.8056664315837875,1.641479933893657,14.07
2017-12-29,6680,6650,701.7,706.9,9.407271184043005,8.046260389730753,0.8016111257172989,1.697844192337513,14.47
2017-12-28,6660,6640,704.0,699.4,9.49385187303403,8.013002666760945,0.7961794967904798,1.859943909938164,15.6
2017-12-27,6620,6660,702.4,706.4,9.428086070215176,7.977047001054508,0.789354093799375,1.8382612829388443,15.39
2017-12-26,6590,6590,697.8,700.5,9.40756602426838,7.941875534302703,0.7826556804123702,1.8727143067477972,15.58
2017-12-25,6520,6580,706.0,699.1,9.41210127306537,7.9070052514107285,0.7747974835987157,1.9425669978481273,15.99
2017-12-22,6430,6510,705.3,706.7,9.211829630677798,7.872334382811517,0.7647864299111847,1.7514631477206484,14.54
2017-12-21,6310,6430,714.5,707.6,9.087054833239117,7.840859849994766,0.7575527236364603,1.6450273946112608,13.71
2017-12-20,6440,6310,715.8,717.4,8.795650961806524,7.81222503268742,0.7504621923485606,1.3104270130404405,11.18
2017-12-19,6450,6440,710.0,716.1,8.993157380254154,7.78767152102651,0.7480061011043789,1.6115989661686279,13.4
2017-12-18,6310,6390,702.0,705.8,9.053556248228961,7.761113849307549,0.7400515296077137,1.7464221709081666,14.28
2017-12-15,6310,6220,698.4,694.0,8.962536023054755,7.7323729173818645,0.731102807334909,1.6826130242300765,13.73
2017-12-14,6270,6280,710.8,700.5,8.965024982155603,7.703976579672256,0.7240974441146374,1.7415451645810542,14.07
2017-12-13,6370,6290,706.0,716.5,8.778785764131193,7.675682582665003,0.7156798368358986,1.5413361180372696,12.57
2017-12-12,6320,6340,695.0,702.6,9.023626530031311,7.65061284630469,0.7095047578313288,1.9351719189641137,15.22
2017-12-11,6260,6300,696.1,696.0,9.051724137931034,7.622646110864695,0.6960444052180667,2.0531420356990258,15.79
2017-12-08,6150,6200,680.0,694.2,8.931143762604437,7.595135773624074,0.6795980853244945,1.9658795659238,14.96
2017-12-07,6110,6140,687.5,687.2,8.934807916181606,7.569406982304771,0.6648997278399139,2.0535441311017943,15.28
2017-12-06,6190,6070,693.4,683.9,8.875566603304577,7.541075903776796,0.6512458726957385,2.0491349818523212,15.04
2017-12-05,6360,6250,690.1,693.5,9.012256669069934,7.5134034114748856,0.6379110948389854,2.3496271968327704,16.63
2017-12-04,6310,6180,697.0,691.5,8.937093275488069,7.483187931044266,0.619607610862342,2.346493682381214,16.27
2017-12-01,6300,6270,704.9,695.3,9.01769020566662,7.453157238040103,0.6027655995304408,2.5955910039413332,17.35
2017-11-30,6190,6240,694.0,698.0,8.939828080229226,7.421155091859329,0.5822162031076079,2.608434770904528,16.99
2017-11-29,6010,6190,691.0,688.2,8.994478349317058,7.3921685165605595,0.5595621894094066,2.863506260935297,17.81
2017-11-28,5950,5960,685.8,684.5,8.70708546384222,7.360793688221784,0.5342373639716701,2.5200254913129387,15.46
2017-11-27,5940,5850,695.0,689.6,8.483178654292344,7.333889256341244,0.516267291219052,2.2261518742303124,13.55
2017-11-24,5810,5910,694.0,698.7,8.45856590811507,7.309724904943773,0.5041805482659708,2.278630159617437,13.58
2017-11-22,5880,5850,696.2,696.2,8.402757828210284,7.2862802954359704,0.49092142624456353,2.27424893901069,13.29
2017-11-21,5740,5820,692.2,694.6,8.378923121220847,7.26484719893385,0.476590652070219,2.3375949936232763,13.3
2017-11-20,5680,5720,692.2,685.1,8.349146110056926,7.244175903109508,0.4611943696297976,2.395888327592511,13.23
2017-11-17,5780,5780,707.3,697.9,8.281988823613698,7.225323675881154,0.44422744920040674,2.3786579366819924,12.76
2017-11-16,5590,5710,697.4,699.6,8.161806746712406,7.208069091367176,0.42767361533481235,2.2300596088879097,11.69
2017-11-15,5650,5610,710.0,699.4,8.02116099513869,7.190522259977988,0.4149922037714301,2.0015767226754986,10.36
2017-11-14,5690,5690,715.2,713.2,7.978126752664049,7.168902050512804,0.4133901766424729,1.9575324907904523,10.14
2017-11-13,5680,5680,726.2,715.2,7.941834451901565,7.1469821074111755,0.4134863096913119,1.922318407793928,10.01
2017-11-10,5650,5720,722.0,728.1,7.856063727509957,7.124863770296474,0.4147428673234667,1.7630199692939013,9.31
2017-11-09,5750,5740,732.1,731.3,7.849035963352933,7.104955535124309,0.41500222147733373,1.7929552896845493,9.48
2017-11-08,5750,5760,726.5,732.1,7.867777626007376,7.085673133490298,0.4135765267109261,1.89107563414434,9.94
2017-11-07,5670,5760,716.5,729.2,7.899067471201316,7.0668981716107435,0.40958823189323446,2.031721701924996,10.54
2017-11-06,5760,5680,715.0,716.0,7.932960893854749,7.0475791943906385,0.40401447177396205,2.191460359270159,11.16
2017-11-02,5730,5780,706.2,712.8,8.108866442199776,7.027005011228372,0.3976426308169162,2.7206877410222097,13.34
2017-11-01,5540,5640,701.6,699.3,8.065208065208065,7.00491476613049,0.38266556443798827,2.770809285216981,13.15
2017-10-31,5480,5530,702.1,705.7,7.836191016012469,6.983315765512622,0.36763110343380656,2.3199213628381425,10.88
2017-10-30,5060,5460,714.1,709.7,7.693391573904466,6.964326352215477,0.3597855826072346,2.026388095947926,9.48
2017-10-27,4990,5010,709.0,714.8,7.008953553441523,6.946554851941432,0.35623537205789846,0.17516144210954235,0.89
2017-10-26,4965,4955,690.0,709.3,6.9857606090511775,6.936151898708289,0.3655321668746166,0.1357164015606462,0.71
2017-10-25,4985,4985,674.0,672.8,7.409334126040428,6.9266164550866565,0.37335788406481607,1.292908738656689,6.51
2017-10-24,4925,4960,668.0,669.5,7.408513816280807,6.911443165279849,0.37654243440069257,1.3200919885486448,6.71
2017-10-23,4935,4945,675.8,670.8,7.371794871794872,6.8968505708215995,0.3781996115992027,1.255803248884865,6.44
2017-10-20,4805,4875,665.0,667.2,7.306654676258992,6.882857983810312,0.3797791353588101,1.1159030420359526,5.8
2017-10-19,4860,4820,675.0,670.8,7.1854502087060235,6.8704197884247,0.3809699511173149,0.8269167144479435,4.38
2017-10-18,4890,4885,669.0,667.1,7.322740218857742,6.860525470832701,0.3822937327772455,1.2090565667064288,6.31
2017-10-17,4960,4890,678.0,672.4,7.2724568709101725,6.848098255276368,0.3822154553475017,1.1102602202414522,5.84
2017-10-16,4875,4950,661.6,673.9,7.345303457486274,6.8376902591869175,0.381144803184654,1.3318119361932692,6.91
2017-10-13,4830,4860,646.1,657.5,7.391634980988593,6.826165215790615,0.3786819285205054,1.493257857345464,7.65
2017-10-12,4895,4835,645.0,646.0,7.484520123839009,6.814623395948646,0.37443919328188424,1.7890667961835207,8.95
2017-10-11,4950,4880,641.0,643.1,7.58824444098896,6.802142072898468,0.36743746131771904,2.1394181346434844,10.36
2017-10-10,4915,4950,642.4,642.0,7.710280373831775,6.788504515307122,0.3568360907290548,2.583191225532612,11.96
2017-10-06,4885,4925,644.0,645.1,7.634475275151139,6.771797168611873,0.34232610190500845,2.5200477022889984,11.3
2017-10-05,4850,4855,641.4,642.2,7.559950171286203,6.755362141790213,0.32987729885085737,2.439052436462917,10.64
2017-10-04,4800,4830,644.9,643.0,7.511664074650078,6.740804282306238,0.31792418519080734,2.4246654650736814,10.26
2017-10-03,4770,4795,638.0,642.7,7.460712618640112,6.726036614588113,0.307321332998026,2.390579257498916,9.85
2017-10-02,4770,4750,634.8,639.3,7.430001564210857,6.713556923594901,0.2960309131720176,2.420168329513764,9.64
2017-09-29,4725,4740,632.7,637.3,7.437627490977562,6.700579950616721,0.2854846253622836,2.5817416241785995,9.91
2017-09-28,4720,4730,644.4,636.4,7.4324324324324325,6.687481685506529,0.273658838285354,2.7221877853223817,10.02
2017-09-27,4600,4685,638.1,638.7,7.335212149679035,6.674832124002926,0.2605444362333903,2.5346157270637493,9.0
2017-09-26,4630,4630,649.7,650.0,7.123076923076923,6.663319132983353,0.24997225415231034,1.8392352849426055,6.45
2017-09-25,4545,4595,650.7,647.8,7.0932386539055265,6.654553394871081,0.24517732208389634,1.789257078533282,6.18
2017-09-22,4545,4530,643.5,644.6,7.027614024201054,6.644794773389077,0.2420683039513309,1.581451369564455,5.45
2017-09-21,4455,4505,641.9,637.0,7.07221350078493,6.636586252768512,0.23937086361331744,1.8198841807252484,6.16
2017-09-20,4400,4435,636.0,635.7,6.976561271039798,6.628340129305227,0.23483149504584241,1.4828553625934786,4.99
2017-09-19,4350,4415,626.0,634.1,6.962624191767859,6.619625969411622,0.23387224881726548,1.466605055071055,4.93
2017-09-15,4230,4300,611.0,615.4,6.987325316867079,6.610933375010057,0.23307652932432435,1.6148856469939745,5.39
2017-09-14,4220,4215,615.7,612.4,6.8827563683866755,6.601312714759427,0.23223181566100357,1.2119082513572612,4.09
2017-09-13,4225,4220,616.1,616.8,6.841763942931259,6.592789760530822,0.23347284394453177,1.0663946101568351,3.64
2017-09-12,4180,4230,610.0,611.2,6.920811518324607,6.583850036421881,0.23658408489664717,1.4242778927835715,4.87
2017-09-11,4100,4145,600.9,599.6,6.9129419613075385,6.572434027729192,0.24067111925669918,1.4148267338016651,4.93
2017-09-08,4055,4045,597.0,595.1,6.797176945051252,6.56114596053488,0.24426286841880054,0.966299077892123,3.47
2017-09-07,4090,4085,602.7,601.6,6.790226063829787,6.551159739567992,0.24965947776144706,0.9575695920113494,3.52
2017-09-06,4065,4055,604.0,597.0,6.792294807370184,6.541938699334964,0.25340287209858753,0.9879766001145311,3.69
2017-09-05,4170,4115,606.0,604.1,6.811786128124482,6.532474424927417,0.257104068501943,1.0863760531854596,4.1
2017-09-04,4205,4145,609.4,605.0,6.851239669421488,6.522912937301931,0.2598585434963021,1.2634825382380737,4.79
2017-09-01,4205,4240,605.1,611.0,6.939443535188216,6.515875304892965,0.2580121487468883,1.6416600239656705,6.1
2017-08-31,4190,4185,600.0,601.8,6.954137587238286,6.507615421036236,0.2542080261201074,1.7565226913452325,6.42
2017-08-30,4165,4205,602.5,600.6,7.001332001332001,6.499628418111883,0.24941851738032722,2.011492925583757,7.17
2017-08-29,4120,4145,602.1,600.9,6.897986353802629,6.491303210861945,0.24286806253877807,1.674502356092005,5.9
2017-08-28,4155,4140,607.0,605.9,6.832810694834131,,,,
2017-08-25,4150,4140,606.9,605.0,6.8429752066115705,,,,
2017-08-24,4175,4155,605.5,602.3,6.898555537107754,,,,
2017-08-23,4270,4200,613.1,606.4,6.926121372031663,,,,
2017-08-22,4245,4235,606.2,606.0,6.988448844884489,,,,
2017-08-21,4150,4245,612.4,606.3,7.001484413656606,,,,
2017-08-18,4130,4150,608.6,609.4,6.809977026583525,,,,
2017-08-17,4190,4195,618.0,616.9,6.800129680661372,,,,
2017-08-16,4160,4190,626.0,621.1,6.746095636773466,,,,
2017-08-15,4180,4180,629.3,625.3,6.684791300175916,,,,
2017-08-14,4170,4130,618.0,624.1,6.6175292421086365,,,,
2017-08-10,4205,4230,632.9,625.2,6.765834932821496,,,,
2017-08-09,4255,4200,635.2,632.4,6.641366223908919,,,,
2017-08-08,4240,4245,635.5,634.6,6.6892530728017645,,,,
2017-08-07,4280,4250,637.0,637.1,6.670852299482028,,,,
2017-08-04,4290,4260,634.0,635.8,6.7002201950298845,,,,
2017-08-03,4335,4315,634.6,635.0,6.7952755905511815,,,,
2017-08-02,4420,4330,639.5,634.1,6.8285759343952055,,,,
2017-08-01,4270,4390,633.7,633.0,6.935229067930489,,,,
2017-07-31,4420,4445,635.1,636.1,6.987894985065241,,,,
2017-07-28,4355,4395,650.0,642.0,6.845794392523365,,,,
2017-07-27,4240,4330,667.0,676.6,6.399645285249778,,,,
2017-07-26,4200,4235,667.9,668.6,6.334131020041879,,,,
2017-07-25,4185,4170,659.3,663.7,6.282959168298929,,,,
2017-07-24,4185,4190,656.0,658.5,6.36294608959757,,,,
2017-07-21,4230,4215,658.0,658.3,6.402855840802066,,,,
2017-07-20,4270,4275,660.0,661.8,6.459655485040798,,,,
2017-07-19,4230,4250,658.0,658.9,6.450144179693429,,,,
2017-07-18,4265,4225,662.6,661.2,6.389897156684815,,,,
2017-07-14,4285,4290,665.0,664.9,6.452098059858626,,,,
2017-07-13,4295,4270,670.0,662.5,6.445283018867925,,,,
2017-07-12,4255,4280,670.8,667.5,6.411985018726591,,,,
2017-07-11,4215,4280,671.7,672.9,6.360529053351167,,,,
2017-07-10,4200,4210,672.4,675.9,6.228732060955763,,,,
2017-07-07,4195,4185,667.7,667.4,6.270602337428828,,,,
2017-07-06,4210,4225,670.0,673.7,6.271337390529909,,,,
2017-07-05,4240,4250,672.4,673.1,6.314069231912049,,,,
2017-07-04,4305,4260,676.9,673.8,6.322350845948353,,,,
2017-07-03,4300,4280,666.4,671.5,6.373790022338049,,,,
2017-06-30,4300,4290,670.0,665.8,6.443376389306098,,,,
2017-06-29,4360,4315,677.0,675.2,6.390699052132701,,,,
2017-06-28,4310,4345,665.8,669.3,6.491857164201405,,,,
2017-06-27,4330,4315,663.6,665.8,6.4809252027635935,,,,
2017-06-26,4390,4330,667.4,663.5,6.525998492840995,,,,
2017-06-23,4360,4375,665.0,668.1,6.548420895075587,,,,
2017-06-22,4270,4345,663.0,661.8,6.565427621637958,,,,
2017-06-21,4265,4265,667.0,660.5,6.457229371688115,,,,
2017-06-20,4305,4295,673.0,670.9,6.401848263526606,,,,
2017-06-19,4280,4300,661.0,664.8,6.4681107099879664,,,,
2017-06-16,4300,4260,657.0,665.2,6.404088995790739,,,,
2017-06-15,4310,4260,659.9,652.9,6.524735794149181,,,,
2017-06-14,4285,4275,666.7,662.1,6.4567285908473036,,,,
2017-06-13,4260,4285,662.0,663.8,6.455257607713167,,,,
2017-06-12,4250,4300,662.8,663.2,6.4837153196622435,,,,
2017-06-09,4325,4305,658.0,665.2,6.471737823211064,,,,
2017-06-08,4295,4310,680.0,666.6,6.465646564656465,,,,
2017-06-07,4310,4285,670.5,673.6,6.361342042755344,,,,
2017-06-06,4370,4305,674.5,671.4,6.411974977658624,,,,
2017-06-05,4365,4375,688.0,677.9,6.453754241038501,,,,
2017-06-02,4335,4385,683.3,693.5,6.3229992790194665,,,,
2017-06-01,4250,4290,670.8,679.8,6.310679611650486,,,,
2017-05-31,4220,4220,673.6,673.5,6.265775798069785,,,,
2017-05-30,4180,4225,675.1,676.7,6.243534801241318,,,,
2017-05-29,4125,4165,680.0,674.9,6.171284634760705,,,,
2017-05-26,4160,4130,687.1,681.0,6.0646108663729805,,,,
2017-05-25,4160,4170,684.6,687.4,6.066336921734071,,,,
2017-05-24,4145,4140,680.0,684.5,6.0482103725346965,,,,
2017-05-23,4115,4105,675.7,673.1,6.098648046352697,,,,
2017-05-22,4135,4130,678.2,679.0,6.082474226804123,,,,
2017-05-19,4145,4120,658.0,676.0,6.094674556213017,,,,
2017-05-18,4165,4145,657.0,655.5,6.323417238749046,,,,
2017-05-17,4245,4235,675.9,670.1,6.319952245933442,,,,
2017-05-16,4290,4270,675.4,671.9,6.355112367911892,,,,
2017-05-15,4245,4270,665.3,669.6,6.376941457586619,,,,
