DATE,OPEN_5333,CLOSE_5333,OPEN_6028,CLOSE_6028,saya_divide,saya_divide_mean,saya_divide_std,saya_divide_sigma,deviation_rate(%)
2020-05-15,1410,1370,6090,6140,0.22312703583061888,0.25904635475800447,0.02100499617209216,-1.7100369185074655,-16.1
2020-05-14,1385,1378,6240,6020,0.22890365448504985,0.2594329749752436,0.02060331911736568,-1.4817671034596485,-13.34
2020-05-13,1379,1395,6150,6300,0.22142857142857142,0.25983169887570784,0.020295708772412095,-1.8921796660453511,-17.34
2020-05-12,1426,1409,6460,6410,0.21981279251170047,0.26037687673380183,0.019799922308378504,-2.048699161053593,-18.45
2020-05-11,1404,1430,6010,6320,0.22626582278481014,0.2609366561222964,0.019230474934759486,-1.8029109242028125,-15.32
2020-05-08,1345,1374,5790,5990,0.22938230383973288,0.2613814540644882,0.018804485663405198,-1.7016764402670073,-13.95
2020-05-07,1329,1315,5710,5660,0.23233215547703182,0.261837193387111,0.018433985336953267,-1.600578354097557,-12.7
2020-05-01,1400,1348,5900,5670,0.23774250440917108,0.2622449500778808,0.018112253050371816,-1.3528104759008275,-10.31
2020-04-30,1413,1424,6210,6210,0.22930756843800323,0.26254561221475364,0.017888801707621308,-1.858036346984032,-14.49
2020-04-28,1365,1342,5270,5210,0.25758157389635317,0.2629289236413504,0.0174757211199454,-0.30598735859284176,-2.08
2020-04-27,1323,1336,4955,5180,0.2579150579150579,0.26284652757818405,0.017515262602299204,-0.2815527106329987,-1.91
2020-04-24,1305,1293,4910,4885,0.2646878198567042,0.26271877125042775,0.017585570255284826,0.11196956241351952,0.74
2020-04-23,1264,1307,4920,4910,0.26619144602851325,0.2626011558745606,0.01760149909215378,0.20397638491786577,1.35
2020-04-22,1260,1257,4975,4850,0.25917525773195876,0.2623704551126989,0.017666202059757788,-0.18086498557709535,-1.23
2020-04-21,1278,1272,5000,5030,0.25288270377733596,0.2622189838099489,0.017741490347403206,-0.5262398958484048,-3.69
2020-04-20,1279,1308,5040,5060,0.258498023715415,0.2621149879468982,0.017818604577005858,-0.20298807439448446,-1.4
2020-04-17,1264,1297,4815,5020,0.25836653386454184,0.26191866855495455,0.017938084791282456,-0.19802195896291988,-1.37
2020-04-16,1251,1251,4480,4620,0.2707792207792208,0.2617471319080546,0.018032497478122567,0.5008784214235505,3.34
2020-04-15,1303,1268,4630,4600,0.2756521739130435,0.2614199892752124,0.018088146754055116,0.7868238151396236,5.16
2020-04-14,1263,1302,4560,4560,0.2855263157894737,0.26097572116845463,0.018142241556614775,1.353228295654996,8.6
2020-04-13,1304,1273,4700,4565,0.2788608981380066,0.26042834372742274,0.018012109205697607,1.0233423637445653,6.61
2020-04-10,1334,1319,4955,4745,0.2779768177028451,0.25994175058176583,0.01800052673082986,1.0019188544183129,6.49
2020-04-09,1331,1339,4860,4960,0.26995967741935484,0.2595062530894164,0.01795397466993058,0.5822345481775637,3.87
2020-04-08,1322,1336,4550,4720,0.2830508474576271,0.25923663365576216,0.01794680241824811,1.3269335253644352,8.41
2020-04-07,1312,1333,4645,4575,0.2913661202185792,0.2588471020741402,0.01774157037674443,1.8329278329873668,11.16
2020-04-06,1200,1254,4325,4395,0.28532423208191127,0.2582690987781041,0.017375086130641315,1.557122255416903,9.48
2020-04-03,1267,1221,4480,4300,0.283953488372093,0.2577346583433918,0.017149672604161798,1.5288239393175658,9.23
2020-04-02,1284,1275,4675,4505,0.2830188679245283,0.25724457011077306,0.016917032526283814,1.5235708611253174,9.11
2020-04-01,1387,1328,5000,4705,0.2822529224229543,0.2568025733377479,0.016669085202223606,1.5267993879958919,9.02
2020-03-31,1451,1417,5140,5070,0.2794871794871795,0.25639920103877517,0.016412402368193565,1.4067397283134917,8.26
2020-03-30,1440,1452,5000,5090,0.28526522593320236,0.25607711376931946,0.016191696609708643,1.8026592807069717,10.23
2020-03-27,1533,1527,5530,5240,0.291412213740458,0.2555740656614484,0.0158597363604105,2.2596938098208077,12.3
2020-03-26,1521,1501,5230,5230,0.2869980879541109,0.2549851150143572,0.015329229869984943,2.088361464422683,11.15
2020-03-25,1468,1525,5490,5410,0.28188539741219965,0.2544686342694432,0.01488814275909924,1.8415166744690183,9.73
2020-03-24,1297,1378,4535,4785,0.2879832810867294,0.2540160231098081,0.014560148923396818,2.3328922084264563,11.79
2020-03-23,1200,1243,4960,4655,0.2670247046186896,0.2534941598608512,0.01402493001782124,0.9647495381898766,5.07
2020-03-19,1277,1202,4865,5110,0.23522504892367907,0.25320525262834004,0.013966284556383272,-1.2874006420299622,-7.64
2020-03-18,1269,1252,4410,4655,0.2689581095596133,0.25336964328037215,0.013825532419682846,1.1275129091627958,5.8
2020-03-17,1255,1270,3960,4480,0.28348214285714285,0.25317242404179957,0.013706747151099041,2.2112991858110527,10.69
2020-03-16,1391,1279,4390,4185,0.3056152927120669,0.2528098049941805,0.013252305655124114,3.9846264561117124,17.28
2020-03-13,1322,1364,4550,4260,0.32018779342723,0.25210714874426904,0.011745258738639013,5.796436349162102,21.26
2020-03-12,1447,1430,5240,4960,0.28830645161290325,0.2512339895612507,0.008687849999505549,4.267161847150037,12.86
2020-03-11,1493,1477,5760,5440,0.27150735294117645,0.25085348289333914,0.0076144739543100555,2.7124487090991365,7.61
2020-03-10,1460,1495,5520,5730,0.26090750436300175,0.2506832415876478,0.0072864672888800245,1.4031851609294008,3.92
2020-03-09,1501,1490,5880,5600,0.26607142857142857,0.2506819004151613,0.007284594268666541,2.112612945715142,5.78
2020-03-06,1583,1568,6440,6180,0.2537216828478964,0.250604022001548,0.00714962258316252,0.4360594996567435,1.23
2020-03-05,1658,1617,6830,6570,0.2461187214611872,0.250765734818139,0.0073525921353376,-0.6320238184595609,-1.89
2020-03-04,1638,1634,6630,6630,0.2464555052790347,0.25106548142685076,0.007610749785532956,-0.6057190523565782,-1.87
2020-03-03,1738,1667,6880,6730,0.24769687964338782,0.2512831533414824,0.007708617661294552,-0.465229157245852,-1.45
2020-03-02,1676,1704,6410,6690,0.2547085201793722,0.2514982587760244,0.00782968314003426,0.4100116627878947,1.26
2020-02-28,1712,1697,6410,6420,0.26433021806853585,0.25167122729923663,0.008039180714668989,1.5746617993299392,4.79
2020-02-27,1785,1774,6950,6700,0.26477611940298507,0.2517515441556679,0.008193854176214694,1.5895541911308577,4.92
2020-02-26,1802,1814,7180,6920,0.26213872832369944,0.2517107640677524,0.008136339641754345,1.2816530178303362,3.98
2020-02-25,1817,1826,7200,7300,0.2501369863013699,0.25153074123386204,0.008052557838679524,-0.17308226285534076,-0.56
2020-02-21,1892,1896,7690,7630,0.24849279161205767,0.25151700998793897,0.008055800159836906,-0.3754088130138671,-1.22
2020-02-20,1884,1882,7850,7730,0.24346701164294954,0.25148673572940783,0.008071359949051435,-0.993602582102758,-3.29
2020-02-19,1874,1864,7720,7770,0.2398970398970399,0.25157986633722074,0.008018410866130695,-1.4570002255095742,-4.87
2020-02-18,1878,1872,7870,7670,0.2440677966101695,0.2516632904206448,0.007928471693357699,-0.958002261247728,-3.11
2020-02-17,1890,1889,7870,7820,0.24156010230179029,0.25164601289405913,0.007946396418585081,-1.2692433225052626,-4.18
2020-02-14,1879,1899,8070,7950,0.23886792452830188,0.25169227980312764,0.007897489133486825,-1.6238522216444844,-5.37
2020-02-13,1910,1881,8100,8130,0.23136531365313653,0.2516585252939014,0.007957412104479733,-2.55022755819578,-8.77
2020-02-12,1895,1919,7840,7970,0.24077791718946048,0.25168409621226123,0.00789499599761389,-1.381403996417089,-4.53
2020-02-10,1881,1887,7710,7820,0.24130434782608695,0.251639118385104,0.007966287506590055,-1.2973132780442185,-4.28
2020-02-07,1900,1908,7870,7750,0.24619354838709678,0.2515268321858613,0.008167964676091334,-0.652951378986214,-2.17
2020-02-06,1892,1900,7830,7750,0.24516129032258063,0.2513788960187635,0.008361406351922849,-0.7436076461889729,-2.54
2020-02-05,1866,1853,7720,7700,0.24064935064935064,0.25125845279820225,0.008513773500891962,-1.2461104524028181,-4.41
2020-02-04,1824,1832,7420,7630,0.2401048492791612,0.2512452328403478,0.008530989143715606,-1.3058724344284496,-4.64
2020-02-03,1827,1838,7080,7470,0.24605087014725568,0.2512079215372655,0.008585576165417944,-0.6006645670190478,-2.1
2020-01-31,1880,1857,7340,7380,0.2516260162601626,0.25106221259378886,0.008762766471306457,0.06434082983038858,0.22
2020-01-30,1903,1888,7470,7350,0.2568707482993197,0.25085517651421146,0.008928860636130407,0.6737222172296424,2.34
2020-01-29,1910,1911,7370,7500,0.2548,0.25055368999367733,0.00910074116097847,0.4665894712542459,1.67
2020-01-28,1885,1910,7240,7370,0.2591587516960651,0.2503384119550754,0.009188292442512533,0.9599541804067577,3.4
2020-01-27,1904,1902,7590,7450,0.2553020134228188,0.2500175375018193,0.009294264108414503,0.5685738923875843,2.07
2020-01-24,1935,1924,7770,7690,0.25019505851755525,0.24977787317538297,0.009386204227786079,0.044446650855654614,0.17
2020-01-23,1940,1939,7790,7730,0.25084087968952135,0.24960078928874446,0.009501243087993607,0.1305187531033642,0.49
2020-01-22,1943,1959,7550,7770,0.25212355212355214,0.24946249422621758,0.009557505545786929,0.2784259851680223,1.06
2020-01-21,1962,1954,7550,7550,0.25880794701986753,0.24931457541371216,0.009600926484786075,0.9887974479545142,3.67
2020-01-20,1953,1970,7460,7510,0.2623169107856192,0.24914521504015544,0.00954383176281509,1.3801265647602508,5.02
2020-01-17,1957,1953,7430,7460,0.2617962466487936,0.24892938345453572,0.009425823623896927,1.3650651346410732,4.91
2020-01-16,1958,1942,7400,7480,0.2596256684491979,0.24867804331833995,0.009330217073260125,1.1733515999572184,4.22
2020-01-15,1977,1953,7520,7410,0.2635627530364372,0.2484188217267474,0.00929245504135109,1.6297018648247292,5.75
2020-01-14,1977,1985,7640,7550,0.2629139072847682,0.24813012677614343,0.00915277449771611,1.6152239424574233,5.62
2020-01-10,1960,1960,7480,7530,0.2602921646746348,0.24789902661699764,0.008994017563505001,1.3779312715515193,4.76
2020-01-09,1931,1938,7570,7510,0.25805592543275635,0.2476950283658659,0.00888344112106609,1.1663157244686109,4.01
2020-01-08,1884,1883,7670,7490,0.2514018691588785,0.24741291723158174,0.008885892893705663,0.44890839615255396,1.59
2020-01-07,1946,1937,7650,7800,0.24833333333333332,0.24747265701534568,0.008927473610160955,0.09640760147507438,0.35
2020-01-06,1890,1919,7260,7500,0.2558666666666667,0.24758479151826965,0.008990177692432825,0.9212137325570355,3.24
2019-12-30,1910,1904,7810,7650,0.24888888888888888,0.24753420887592584,0.008954037824281362,0.15129263909176852,0.54
2019-12-27,1920,1928,7730,7780,0.24781491002570694,0.24741049555221253,0.008998454224091413,0.04494266053070204,0.16
2019-12-26,1908,1919,7830,7830,0.24508301404853128,0.24729413605697292,0.009048756205847334,-0.24435645719052662,-0.9
2019-12-25,1914,1899,7820,7790,0.24377406931964057,0.2472184155164583,0.009090606690372097,-0.37889068509207846,-1.41
2019-12-24,1916,1910,7610,7780,0.2455012853470437,0.2471425912364917,0.009142587704020004,-0.17952312218195218,-0.67
2019-12-23,1919,1901,7830,7720,0.24624352331606217,0.246985443711188,0.009269855433163816,-0.08003581074970545,-0.3
2019-12-20,1915,1912,7860,7890,0.2423320659062104,0.24682136202743515,0.009389674007591406,-0.4781099021750095,-1.85
2019-12-19,1902,1902,7770,7780,0.24447300771208227,0.24667184534101413,0.009547916791322041,-0.23029501376995146,-0.9
2019-12-18,1923,1905,7870,7860,0.24236641221374045,0.24655299544408513,0.009629675506326115,-0.4347584949871207,-1.73
2019-12-17,1919,1911,7740,7790,0.24531450577663672,0.24645790860562003,0.009705457216982261,-0.1178103002692783,-0.47
2019-12-16,1915,1908,7630,7640,0.24973821989528797,0.2462569672277852,0.009881464670410008,0.3523012816032584,1.39
2019-12-13,1915,1919,7570,7560,0.25383597883597886,0.2459924837729722,0.010048795321319432,0.7805408322295085,3.09
2019-12-12,1888,1875,7610,7560,0.24801587301587302,0.24570408564399435,0.010129611364074196,0.2282207370835262,0.93
2019-12-11,1889,1881,7660,7670,0.2452411994784876,0.24552200474392316,0.01020884505440872,-0.027506075754797642,-0.11
2019-12-10,1900,1896,7580,7670,0.2471968709256845,0.24540027023235814,0.010265744604520064,0.1750092918282125,0.73
2019-12-09,1910,1909,7600,7640,0.24986910994764397,0.24527983530278538,0.010296897769552664,0.4456948828246901,1.84
2019-12-06,1901,1890,7400,7500,0.252,0.24517469345114187,0.010289757522529697,0.6633107275768102,2.71
2019-12-05,1874,1892,7470,7410,0.2553306342780027,0.24499181116291305,0.010288714858190879,1.0048702153368416,4.05
2019-12-04,1822,1859,7480,7510,0.24753661784287617,0.24482613392457084,0.010220717206286077,0.26519508011025855,1.09
2019-12-03,1820,1837,7340,7430,0.24724091520861372,0.24473173595311498,0.010227939388893414,0.2453259801503583,1.01
2019-12-02,1822,1857,7370,7480,0.2482620320855615,0.24478567640899557,0.0102516703553371,0.3391013909022261,1.4
2019-11-29,1830,1805,7310,7280,0.24793956043956045,0.24480773261993738,0.010260901266426934,0.305219564861249,1.26
2019-11-28,1826,1829,7370,7350,0.24884353741496598,0.24484642849196656,0.010278096994789872,0.3888958165140515,1.61
2019-11-27,1825,1823,7400,7430,0.24535666218034993,0.2449263641221326,0.010332044272228818,0.041646942935961676,0.18
2019-11-26,1847,1822,7290,7360,0.24755434782608696,0.24520972051450646,0.01062715939428204,0.2206259664122503,0.95
2019-11-25,1833,1830,7150,7200,0.25416666666666665,0.24554947206730152,0.011093764060746837,0.7767602188201777,3.39
2019-11-22,1791,1794,6990,7000,0.2562857142857143,0.24577130578913525,0.011425249430343124,0.9202782451869203,4.1
2019-11-21,1788,1778,6930,7030,0.2529160739687055,0.24605836461266467,0.011944481439397771,0.5741320283207382,2.71
2019-11-20,1794,1788,6910,7020,0.2547008547008547,0.24618454257604014,0.01206562743750721,0.7058325121444358,3.34
2019-11-19,1806,1795,6980,6910,0.2597684515195369,0.24606453967259778,0.012025017782244178,1.1396167635755163,5.28
2019-11-18,1810,1806,6980,6980,0.25873925501432665,0.24584936796231602,0.011921819507398545,1.0812013253523356,4.98
2019-11-15,1790,1810,6890,6940,0.260806916426513,0.24575881858809903,0.01184914249863991,1.2699735732050852,5.77
2019-11-14,1831,1806,6930,6940,0.2602305475504323,0.2456813930357455,0.01176926388414726,1.236199192906529,5.59
2019-11-13,1877,1845,6970,6940,0.265850144092219,0.2457568548421169,0.011879931614649302,1.6913640500526803,7.56
2019-11-12,1874,1899,7130,7070,0.2685997171145686,0.24570037955460503,0.011794034360353282,1.9416034293525353,8.53
2019-11-11,1870,1871,6990,7120,0.2627808988764045,0.24564607702010444,0.011697455748415974,1.4648332273982219,6.52
2019-11-08,1862,1860,7080,7050,0.26382978723404255,0.2455806954386236,0.011614912787963925,1.5711776858393427,6.92
2019-11-07,1848,1847,6760,6900,0.26768115942028986,0.24549799319075727,0.011506252744458826,1.9279227322914096,8.29
2019-11-06,1816,1833,6840,6780,0.270353982300885,0.24531789087966516,0.011260714877435645,2.2233127908590813,9.26
2019-11-05,1750,1798,7000,6870,0.2617176128093159,0.2450605509103589,0.010900398670714679,1.528114925164006,6.36
2019-11-01,1724,1733,6780,6970,0.24863701578192252,0.24493124122098966,0.010758634014929346,0.34444656782547756,1.49
2019-10-31,1664,1674,6760,6720,0.24910714285714286,0.2449762527765329,0.010781082422092607,0.38316097761621193,1.66
2019-10-30,1659,1662,6780,6750,0.24622222222222223,0.24502369873391425,0.010806956512260654,0.11090296208264015,0.49
2019-10-29,1645,1663,6660,6640,0.25045180722891563,0.2451454976757132,0.010871065059487706,0.488113126374068,2.12
2019-10-28,1652,1632,6690,6630,0.24615384615384617,0.24525724775544863,0.010967685922869183,0.08174909499623804,0.36
2019-10-25,1623,1629,6710,6710,0.2427719821162444,0.24544015099453168,0.011094759214390923,-0.24048911983834803,-1.1
2019-10-24,1589,1627,6690,6640,0.2450301204819277,0.24568838240153318,0.01123960982067378,-0.05856626076064335,-0.27
2019-10-23,1568,1574,6590,6660,0.23633633633633633,0.2459426256038506,0.01143579654080124,-0.8400192529869215,-4.06
2019-10-21,1558,1549,6600,6640,0.23328313253012048,0.2463222982388424,0.011582320541565903,-1.1257818035624032,-5.59
2019-10-18,1562,1555,6660,6550,0.23740458015267177,0.2468069347715504,0.011785253798897468,-0.7978067150117931,-3.96
2019-10-17,1554,1551,6590,6660,0.2328828828828829,0.2473035450315195,0.012157450599690074,-1.1861583997720893,-6.19
2019-10-16,1568,1554,6580,6610,0.2350983358547655,0.24781946823375117,0.012353978154437827,-1.0297195138244561,-5.41
2019-10-15,1570,1549,6580,6560,0.2361280487804878,0.24831196239875547,0.012571370111973273,-0.9691794537703912,-5.16
2019-10-11,1548,1541,6430,6430,0.2396578538102644,0.2486457008511315,0.012575734005715464,-0.7146976102374843,-3.75
2019-10-10,1530,1533,6550,6460,0.2373065015479876,0.248883990944716,0.012572491258353037,-0.920858814599408,-4.88
2019-10-09,1511,1533,6450,6520,0.23512269938650307,0.24920708374458897,0.012582174388967459,-1.1193919208778125,-5.99
2019-10-08,1533,1537,6500,6510,0.23609831029185868,0.2494743366416578,0.012492730346946365,-1.0707048001775419,-5.67
2019-10-07,1525,1518,6390,6480,0.23425925925925925,0.24973152190959577,0.012413007414456728,-1.2464556036852803,-6.6
2019-10-04,1506,1525,6350,6390,0.23865414710485133,0.24999040130180844,0.012289476193391156,-0.9224359133429415,-4.75
2019-10-03,1515,1514,6420,6440,0.23509316770186336,0.25021473870114097,0.012233934421321691,-1.2360349891138251,-6.43
2019-10-02,1542,1545,6610,6510,0.23732718894009217,0.25043363069330404,0.012107633292147398,-1.0824941123474787,-5.52
2019-10-01,1539,1566,6500,6610,0.23691376701966718,0.2506330583602281,0.012012921914207664,-1.1420444949646367,-5.79
2019-09-30,1549,1539,6310,6400,0.24046875,0.250855883231669,0.011910938778493743,-0.872066713198451,-4.32
2019-09-27,1557,1545,6430,6410,0.24102964118564743,0.25104952042851053,0.011858433656966413,-0.8449580722641875,-4.16
2019-09-26,1589,1580,6510,6420,0.24610591900311526,0.2512983062969003,0.011841327049552099,-0.43849707655709486,-2.11
2019-09-25,1550,1558,6310,6330,0.24612954186413902,0.2515629933343056,0.011943730318864237,-0.45492080992358347,-2.21
2019-09-24,1565,1567,6430,6450,0.24294573643410852,0.251898930961235,0.01213891654735898,-0.7375612553390848,-3.69
2019-09-20,1577,1566,6590,6520,0.2401840490797546,0.2523057150815075,0.012341567402177418,-0.9821820524688206,-5.05
2019-09-19,1585,1570,6460,6490,0.24191063174114022,0.25287801837533086,0.012754491194578714,-0.8598842922759882,-4.53
2019-09-18,1582,1584,6590,6450,0.24558139534883722,0.2532555395401306,0.012843007805385751,-0.5975348070780733,-3.12
2019-09-17,1580,1590,6560,6490,0.24499229583975346,0.2535032236833887,0.012871714416015824,-0.661211674572687,-3.47
2019-09-13,1573,1573,6220,6640,0.23689759036144578,0.25375712757511587,0.012889130629541551,-1.3080430091249498,-7.12
2019-09-12,1575,1566,6110,6120,0.25588235294117645,0.253909751315109,0.0127556698601791,0.15464508314263797,0.77
2019-09-11,1548,1561,6010,6080,0.2567434210526316,0.2537942829055229,0.012776470788295823,0.23082572613168745,1.15
2019-09-10,1498,1520,6170,6030,0.25207296849087896,0.25376029903645425,0.012771970184872491,-0.13211200160597145,-0.67
2019-09-09,1465,1476,6160,6160,0.2396103896103896,0.2537908250046743,0.01277063676472309,-1.110393761527692,-5.92
2019-09-06,1468,1468,6100,6140,0.23908794788273616,0.25394255446333447,0.01266844896279293,-1.1725671093774857,-6.21
2019-09-05,1433,1446,6000,6040,0.23940397350993378,0.25403544516359894,0.01258445119941725,-1.162662671721648,-6.11
2019-09-04,1418,1419,6050,5960,0.23808724832214764,0.25414559293494265,0.012491716108510553,-1.285519497345487,-6.74
2019-09-03,1423,1428,6070,6110,0.2337152209492635,0.2542085962906473,0.012422288413561682,-1.6497262548670766,-8.77
2019-09-02,1425,1420,6120,6070,0.23393739703459637,0.25430638511420445,0.012288728156157985,-1.65753427212083,-8.71
2019-08-30,1421,1426,6140,6170,0.23111831442463535,0.25450870608858434,0.012074758471250304,-1.937131224582332,-10.12
2019-08-29,1407,1411,5990,5990,0.23555926544240402,0.25470464304422846,0.011809939177428445,-1.6211241492602888,-8.13
2019-08-28,1407,1402,6170,5960,0.23523489932885905,0.25490357594802093,0.011609731713916884,-1.6941542753812766,-8.36
2019-08-27,1423,1416,6150,6150,0.2302439024390244,0.2551925848783787,0.011384109981099871,-2.19153561242597,-10.84
2019-08-26,1398,1407,6020,6120,0.2299019607843137,0.2555754349088334,0.011015499951839359,-2.330668080138545,-11.17
2019-08-23,1438,1442,6220,6210,0.2322061191626409,0.2560464992727688,0.010657121687387519,-2.2370374299415663,-10.27
2019-08-22,1453,1446,6220,6170,0.23435980551053484,0.2563007361552712,0.010307042634308797,-2.1287319188631413,-9.36
2019-08-21,1449,1445,6130,6120,0.2361111111111111,0.2565643942866856,0.009990469131837602,-2.0472795527082925,-8.66
2019-08-20,1458,1479,6080,6210,0.23816425120772947,0.2567124867400412,0.00976598389491451,-1.8992695187599544,-7.79
2019-08-19,1462,1464,6160,6050,0.24198347107438017,0.25693828251795137,0.009527382177692004,-1.569666374734846,-6.18
2019-08-16,1442,1444,6080,6060,0.2382838283828383,0.25711152995824593,0.009370716703993753,-2.009206144006399,-7.9
2019-08-15,1441,1455,5930,5990,0.24290484140233723,0.2573481527044901,0.009112820124473007,-1.584944189051257,-5.95
2019-08-14,1491,1474,5900,6130,0.24045676998368679,0.2574711236134518,0.008978323500068306,-1.8950479596369616,-7.08
2019-08-13,1464,1465,5820,5830,0.25128644939965694,0.2576399699274187,0.008773502312920657,-0.724171522517867,-2.53
2019-08-09,1508,1492,6030,5970,0.24991624790619765,0.25772245774127844,0.008742407020709147,-0.8929131092374585,-3.12
2019-08-08,1492,1490,5900,5940,0.25084175084175087,0.2577834546753834,0.00870360253594451,-0.7975667322771659,-2.77
2019-08-07,1519,1501,5700,5890,0.25483870967741934,0.2577507259544827,0.008734205733614614,-0.33340367354252926,-1.14
2019-08-06,1487,1525,5400,5720,0.2666083916083916,0.25775806611287555,0.008731986454532608,1.013552361951046,3.32
2019-08-05,1548,1529,5660,5600,0.27303571428571427,0.2575646489194584,0.008694385130547915,1.7794317981035752,5.67
2019-08-02,1613,1549,5850,5720,0.2708041958041958,0.2573672621598765,0.008506933602065593,1.5795272742056718,4.96
2019-08-01,1649,1653,5920,5950,0.2778151260504202,0.2572317820198022,0.0083716966179853,2.458682507246843,7.41
2019-07-31,1622,1632,6210,6220,0.262379421221865,0.25704496275221783,0.008060848604081888,0.6617738071579529,2.03
2019-07-30,1530,1543,6370,6280,0.24570063694267516,0.2570116160619648,0.00804386693568339,-1.4061618882720495,-4.6
2019-07-29,1548,1530,6250,6280,0.24363057324840764,0.2572120154841599,0.00794620680714018,-1.7091730136633805,-5.57
2019-07-26,1563,1552,6210,6160,0.2519480519480519,0.25739648868549336,0.007787786922784127,-0.6996129698286134,-2.16
2019-07-25,1583,1581,6110,6200,0.255,0.2575050712344429,0.007767810980739426,-0.3224938455189365,-0.98
2019-07-24,1590,1598,6040,6010,0.2658901830282862,0.25746870759807927,0.007785815671529478,1.0816433095124365,3.17
2019-07-23,1568,1588,5970,6070,0.2616144975288303,0.25723876620187885,0.007788365644656398,0.5618292112355628,1.67
2019-07-22,1552,1566,6000,5920,0.264527027027027,0.2569990577499793,0.00792545836855726,0.9498465485496107,2.85
2019-07-19,1538,1555,5910,6030,0.25787728026533996,0.2567192102101317,0.008024637484560924,0.1443143141900575,0.45
2019-07-18,1554,1520,6050,5900,0.2576271186440678,0.2565475131399272,0.008135025734275417,0.1327107669238076,0.42
2019-07-17,1545,1553,6090,6110,0.2541734860883797,0.2564015080534746,0.008212239756447238,-0.2713050314131111,-0.88
2019-07-16,1553,1549,6270,6170,0.2510534846029173,0.25634893376891676,0.008238913474380053,-0.642736348969596,-2.11
2019-07-12,1574,1560,6240,6190,0.2520193861066236,0.2564263905755184,0.008216040730440802,-0.5363902898590379,-1.75
2019-07-11,1565,1565,6340,6210,0.25201288244766507,0.2565356442892187,0.008211190763102623,-0.5508046240841088,-1.79
2019-07-10,1565,1564,6160,6190,0.25266558966074315,0.2567116139689077,0.008253687062609916,-0.4902081066888825,-1.6
2019-07-09,1597,1573,6230,6160,0.25535714285714284,0.2568777188639661,0.008295838903768945,-0.18329382048781534,-0.6
2019-07-08,1615,1597,6160,6170,0.2588330632090762,0.25710951609898913,0.00849070252649323,0.2029922853508436,0.67
2019-07-05,1616,1619,6280,6230,0.25987158908507224,0.25733272552942554,0.008749189369238025,0.2901827184782731,0.98
2019-07-04,1617,1618,6190,6190,0.261389337641357,0.2575741727742956,0.009060258217739118,0.42108787358749633,1.46
2019-07-03,1605,1611,6180,6100,0.2640983606557377,0.25789342605018867,0.009595132262993307,0.6466752552729641,2.35
2019-07-02,1605,1618,6060,6110,0.26481178396072014,0.2581751706019435,0.010071598464165173,0.6589434023198757,2.51
2019-07-01,1603,1607,5870,5960,0.2696308724832215,0.2583677869507079,0.010331467193388667,1.0901728981650438,4.18
2019-06-28,1570,1571,5710,5720,0.2746503496503496,0.25852907631427596,0.010597051538705786,1.5212980022972074,5.87
2019-06-27,1538,1567,5630,5770,0.27157712305025994,0.25862105298121146,0.010765179126595336,1.203516440988943,4.77
2019-06-26,1538,1537,5640,5650,0.2720353982300885,0.25876059578864674,0.010997539581521111,1.2070702126634818,4.88
2019-06-25,1533,1533,5910,5870,0.26115843270868827,0.2588443525069597,0.011121542542581424,0.20807187428080032,0.89
2019-06-24,1516,1522,5830,5910,0.2575296108291032,0.25905454776315157,0.011310658569324835,-0.1348230012162235,-0.59
2019-06-21,1542,1530,5950,5850,0.26153846153846155,0.2593900930519305,0.011629244768463626,0.18473843566841328,0.82
2019-06-20,1545,1531,5970,6000,0.25516666666666665,0.25965428870226476,0.011897044355059888,-0.37720478310980576,-1.76
2019-06-19,1509,1517,5990,5940,0.2553872053872054,0.26006571040683124,0.012262661732948947,-0.3815244293214929,-1.83
2019-06-18,1495,1484,5910,5850,0.2536752136752137,0.26044967452171247,0.012557460785178495,-0.5394769661152085,-2.67
2019-06-17,1495,1492,5980,5840,0.2554794520547945,0.2608659960574971,0.01284036843122262,-0.4195007356334649,-2.11
2019-06-14,1494,1499,5950,5960,0.25151006711409396,0.26124778619509426,0.01309765311710181,-0.743470528188413,-3.87
2019-06-13,1498,1491,5980,5910,0.25228426395939085,0.2616642795492626,0.013276809234633478,-0.7064962239122413,-3.72
2019-06-12,1493,1504,5970,5930,0.25362563237774033,0.26198974556148447,0.013341911114000104,-0.6269051796460703,-3.3
2019-06-11,1494,1507,5920,5910,0.25499153976311334,0.2622523694265625,0.013368516615652623,-0.5431290450690512,-2.85
2019-06-10,1513,1501,5830,5780,0.2596885813148789,0.262497373351999,0.013401543392516677,-0.20958720610407852,-1.08
2019-06-07,1506,1500,5710,5640,0.26595744680851063,0.2626289669541072,0.013421757560416699,0.2479913557833699,1.25
2019-06-06,1500,1495,5590,5510,0.2713248638838475,0.2626312199053584,0.013422330253153477,0.6477000501791847,3.2
2019-06-05,1511,1504,5350,5500,0.27345454545454545,0.26251875483463566,0.013384299304512674,0.8170611229698562,4.0
2019-06-04,1447,1458,5290,5150,0.28310679611650486,0.26245260290437417,0.01334228055164539,1.5480257016169234,7.3
2019-06-03,1448,1443,5480,5340,0.2702247191011236,0.2622592409716579,0.013145179908323399,0.6059618951599152,2.95
2019-05-31,1495,1474,5610,5580,0.26415770609318995,0.26231122524007033,0.013184228793389288,0.14005224591107365,0.7
2019-05-30,1491,1505,5860,5700,0.26403508771929823,0.2624793581823968,0.013286710660651157,0.11708914091948582,0.59
2019-05-29,1500,1500,6040,6040,0.24834437086092714,0.2625029763676449,0.0132910287705115,-1.065275363644622,-5.7
2019-05-28,1515,1513,5890,6120,0.24722222222222223,0.2629667620262303,0.013395354327732416,-1.1753731494367528,-6.37
2019-05-27,1516,1515,5950,5960,0.25419463087248323,0.26357689847847204,0.013702941382612412,-0.6846900489477334,-3.69
2019-05-24,1501,1516,5900,5960,0.2543624161073825,0.2641636127094815,0.014220916576102928,-0.6892099077895649,-3.85
2019-05-23,1522,1521,6120,6060,0.250990099009901,0.26474088259681855,0.014682588179101315,-0.9365367617195683,-5.48
2019-05-22,1542,1528,6240,6210,0.2460547504025765,0.26543586198486724,0.01523834319072653,-1.2718647519426751,-7.88
2019-05-21,1538,1538,6270,6210,0.24766505636070854,0.26615998046434813,0.015586544884971227,-1.186595505298462,-7.47
2019-05-20,1567,1554,6470,6400,0.2428125,0.26679497778050487,0.015788930454197925,-1.5189425179923113,-9.88
2019-05-17,1547,1562,6420,6480,0.2410493827160494,0.26753071379023724,0.015939182322230395,-1.661398341447811,-10.99
2019-05-16,1556,1542,6320,6190,0.24911147011308563,0.2683265985638998,0.016086620749023707,-1.1944788623167064,-7.71
2019-05-15,1568,1556,6300,6330,0.2458135860979463,0.2690493927385297,0.016421392337494903,-1.4149717735888423,-9.45
2019-05-14,1544,1568,6050,6260,0.2504792332268371,0.2697522704140865,0.016539558844250013,-1.1652691204608345,-7.69
2019-05-13,1581,1580,6150,6150,0.25691056910569104,0.27039503636005513,0.01671388223422916,-0.8067824737180809,-5.25
2019-05-10,1599,1590,6010,6140,0.25895765472312704,0.2710259723617228,0.01708204101559115,-0.7064915502533197,-4.66
2019-05-09,1591,1602,6190,6040,0.2652317880794702,0.2715885293025792,0.0173676911712656,-0.36600957262679196,-2.4
2019-05-08,1613,1578,6110,6280,0.25127388535031847,0.2721961054615196,0.017922870812695512,-1.167347593465946,-8.33
2019-05-07,1660,1629,6750,6410,0.25413416536661465,0.2730597787597293,0.018446905115952303,-1.0259506011525146,-7.45
2019-04-26,1692,1644,6550,6650,0.24721804511278195,0.2739064546184649,0.019007583463875138,-1.4040927168046176,-10.8
2019-04-25,1663,1676,6530,6570,0.25509893455098936,0.2748729673363183,0.019463445748949093,-1.0159574538026797,-7.75
2019-04-24,1685,1665,6530,6530,0.2549770290964778,0.2756931738098077,0.019904039836290514,-1.0408010074195433,-8.12
2019-04-23,1659,1677,6590,6550,0.25603053435114503,0.27665416005895743,0.020608094032512687,-1.000753668693243,-8.06
2019-04-22,1654,1659,6610,6580,0.2521276595744681,0.277633789766688,0.02133781642436176,-1.1953486563460696,-10.12
2019-04-19,1672,1663,6520,6570,0.25312024353120244,0.27851529221699695,0.021629526657042954,-1.174091744514688,-10.03
2019-04-18,1701,1671,6650,6490,0.25747303543913713,0.2795993210197003,0.02235480395578362,-0.9897776614068082,-8.59
2019-04-17,1694,1700,6780,6680,0.25449101796407186,0.2806076507081522,0.02302941612144826,-1.1340553579974098,-10.26
2019-04-16,1705,1694,6740,6820,0.24838709677419354,0.2815897565949547,0.023461261163160007,-1.4152120634033767,-13.37
2019-04-15,1710,1706,6760,6680,0.2553892215568862,0.28266113638823454,0.023753456647043276,-1.1481240493367528,-10.68
2019-04-12,1696,1679,6650,6660,0.2521021021021021,0.2836593081120139,0.024155998358136994,-1.3063921243098484,-12.52
2019-04-11,1694,1694,6520,6560,0.2582317073170732,0.2847938381404346,0.02464055156717163,-1.0779844254277924,-10.29
2019-04-10,1697,1702,6470,6530,0.26064318529862174,0.2856656015500605,0.024841152968456764,-1.0072968949232008,-9.6
2019-04-09,1711,1720,6520,6520,0.26380368098159507,0.2864028424791466,0.02490800216533534,-0.9073052646913192,-8.57
2019-04-08,1723,1710,6650,6580,0.25987841945288753,0.2871154342262654,0.025015532330434305,-1.0888041243176292,-10.48
2019-04-05,1707,1713,6650,6570,0.26073059360730594,0.2878109064329129,0.024973668571464658,-1.084354617268742,-10.39
2019-04-04,1710,1707,6580,6630,0.25746606334841626,0.2884552334262853,0.024889929833912403,-1.245048510970347,-12.04
2019-04-03,1676,1701,6540,6540,0.26009174311926603,0.2891466244263,0.024739258935147026,-1.1744442864355877,-11.17
2019-04-02,1667,1665,6700,6600,0.25227272727272726,0.2896492142228402,0.02452585778635348,-1.5239624756737236,-14.82
2019-04-01,1635,1651,6700,6640,0.248644578313253,0.29032282180706226,0.024181414787614906,-1.7235651371050367,-16.76
2019-03-29,1607,1608,6650,6600,0.24363636363636362,0.29095508610575976,0.02369851457276843,-1.9966957137376575,-19.42
2019-03-28,1595,1583,6520,6500,0.24353846153846154,0.291561773671068,0.02305301275840932,-2.0831685921437075,-19.72
2019-03-27,1606,1617,6710,6600,0.245,0.29229591350671397,0.02237884895073603,-2.113420293011023,-19.3
2019-03-26,1666,1633,6640,6620,0.24667673716012084,0.2929799510653994,0.021696397493206832,-2.134142957132684,-18.77
2019-03-25,1672,1629,6570,6510,0.2502304147465438,0.2937510963749853,0.021055304991577393,-2.0669698988378844,-17.39
2019-03-22,1715,1703,6600,6630,0.2568627450980392,0.29479452057653105,0.020810360979427067,-1.8227351037298616,-14.77
2019-03-20,1694,1707,6500,6560,0.2602134146341463,0.2958035464090863,0.02078135445791768,-1.71259923634959,-13.68
2019-03-19,1709,1700,6430,6410,0.26521060842433697,0.2967313675472976,0.020724989571395635,-1.5209059099583433,-11.89
2019-03-18,1718,1718,6300,6480,0.26512345679012345,0.29744635878772396,0.02054947158622429,-1.572931053821781,-12.19
2019-03-15,1690,1691,6150,6200,0.272741935483871,0.29830211450987776,0.020521970839440348,-1.2455031354436823,-9.37
2019-03-14,1700,1681,6100,6100,0.27557377049180326,0.29894720911686284,0.02046872496501605,-1.141909848562043,-8.48
2019-03-13,1702,1679,5960,6040,0.27798013245033115,0.2994136329177129,0.020328886627569053,-1.0543371538269422,-7.71
2019-03-12,1699,1712,5980,6000,0.2853333333333333,0.2997365351810125,0.02017764739496434,-0.7138196820345734,-5.05
2019-03-11,1655,1680,5970,5890,0.28522920203735147,0.3000218103627363,0.020123169857536535,-0.735103287906934,-5.19
2019-03-08,1687,1656,5930,5930,0.27925801011804385,0.30034477828012107,0.020077492415812793,-1.0502690139466586,-7.55
2019-03-07,1695,1696,5970,6020,0.28172757475083055,0.3006410912316335,0.019927529643947596,-0.9491149589907849,-6.71
2019-03-06,1705,1709,6110,6070,0.2815485996705107,0.3008634469725444,0.019807930062425955,-0.9751068002139409,-6.86
2019-03-05,1712,1712,6200,6070,0.2820428336079077,0.3009046874866077,0.019770858418753444,-0.9540230109992983,-6.69
2019-03-04,1721,1720,6200,6180,0.2783171521035599,0.3008739059620903,0.01980197341216867,-1.1391164602144586,-8.1
2019-03-01,1697,1692,6060,6110,0.27692307692307694,0.30092877636647525,0.019745013318281174,-1.2157854267524004,-8.67
2019-02-28,1709,1699,6130,6010,0.2826955074875208,0.3010985376396848,0.019592030843859822,-0.9393120243035721,-6.51
2019-02-27,1719,1705,6040,6060,0.28135313531353134,0.3011028491121782,0.019588015719847567,-1.008254949409473,-7.02
2019-02-26,1730,1719,6070,6010,0.2860232945091514,0.30108846654184573,0.01960290209772218,-0.7685174346937564,-5.27
2019-02-25,1711,1725,6020,6070,0.2841845140032949,0.3009524276812632,0.01974188832472857,-0.8493571335303763,-5.9
2019-02-22,1683,1698,5850,5960,0.2848993288590604,0.300749741505852,0.019989483433898076,-0.7929375813640358,-5.56
2019-02-21,1694,1699,5930,5980,0.28411371237458194,0.3007037339644096,0.02002984174510336,-0.8282652354896093,-5.84
2019-02-20,1678,1688,5970,5970,0.2827470686767169,0.3008271533426932,0.019955618091416907,-0.9060147665259607,-6.39
2019-02-19,1669,1674,6060,6050,0.2766942148760331,0.3009167162365275,0.01988923517604498,-1.2178699254191794,-8.75
2019-02-18,1671,1670,6160,6110,0.2733224222585925,0.3009500707607911,0.019850645900491296,-1.3917757961475121,-10.11
2019-02-15,1631,1632,5970,5970,0.2733668341708543,0.3009451707956738,0.01985750911895209,-1.3888114798093498,-10.09
2019-02-14,1647,1647,6110,6110,0.2695581014729951,0.30095468324084274,0.0198444624414128,-1.5821331447269185,-11.65
2019-02-13,1619,1642,6120,6170,0.2661264181523501,0.3010114208294952,0.019760520597880468,-1.7653888471383146,-13.11
2019-02-12,1562,1601,5870,6090,0.2628899835796388,0.3011594382244276,0.019538993753601765,-1.9586195239831286,-14.56
2019-02-08,1601,1568,5830,5840,0.2684931506849315,0.3013591564761526,0.019220762884869295,-1.709922024848108,-12.24
2019-02-07,1636,1617,6010,6020,0.2686046511627907,0.3014566671551922,0.019071753181060875,-1.7225482985499763,-12.23
2019-02-06,1646,1642,5980,5990,0.2741235392320534,0.3015311159621992,0.01895390030686251,-1.446012498030421,-10.0
2019-02-05,1643,1644,6110,5940,0.2767676767676768,0.3014232253861951,0.019131799789250448,-1.288720815088787,-8.91
2019-02-04,1634,1648,6260,6200,0.2658064516129032,0.3011702985644609,0.01957630681680382,-1.8064616213106264,-13.3
2019-02-01,1670,1611,5760,5690,0.283128295254833,0.30112310695289346,0.01966556238733977,-0.9150418047360336,-6.36
2019-01-31,1670,1670,5650,5700,0.2929824561403509,0.30086030689422333,0.020032552148748033,-0.393252477037219,-2.69
2019-01-30,1666,1655,5530,5550,0.2981981981981982,0.300494792309358,0.020419318102170386,-0.11247163591205732,-0.77
2019-01-29,1656,1652,5480,5550,0.29765765765765767,0.3001196029607173,0.020714454580258973,-0.11885156297602475,-0.83
2019-01-28,1663,1655,5500,5460,0.3031135531135531,0.2997310091190622,0.021027990987806684,0.16085911376185677,1.12
2019-01-25,1635,1652,5540,5500,0.3003636363636364,0.2991833572116369,0.021463125702201387,0.054991018939912296,0.39
2019-01-24,1621,1630,5410,5520,0.29528985507246375,0.29871580806578746,0.021811433950334184,-0.15707142414959013,-1.16
2019-01-23,1610,1633,5450,5480,0.297992700729927,0.2982797820562887,0.022198987422529126,-0.012932181134997695,-0.1
2019-01-22,1622,1624,5400,5400,0.30074074074074075,0.2978507540843814,0.022509157791314346,0.12839159435252312,0.96
2019-01-21,1645,1644,5510,5420,0.3033210332103321,0.2974683285215637,0.022699652507213338,0.25783234729732474,1.93
2019-01-18,1607,1624,5430,5440,0.2985294117647059,0.29698469755344886,0.022954773905757727,0.06729381076019028,0.52
2019-01-17,1586,1592,5300,5330,0.29868667917448405,0.2965662374864953,0.023207475000199807,0.09136890971424051,0.71
2019-01-16,1588,1582,5400,5200,0.30423076923076925,0.29627651951517286,0.023314577778114014,0.3411706525975881,2.61
2019-01-15,1540,1572,5060,5220,0.30114942528735633,0.2958619908976093,0.023445484060446706,0.2255203763810158,1.76
2019-01-11,1562,1554,4985,5000,0.3108,0.29542999856044455,0.02364174584548923,0.6501212533120948,4.95
2019-01-10,1538,1536,4830,4860,0.3160493827160494,0.2949371853509502,0.023701372676354485,0.8907584237161763,6.68
2019-01-09,1540,1531,4840,4820,0.3176348547717842,0.29434435760256694,0.023721934672227513,0.9818127185252159,7.33
2019-01-08,1541,1525,4950,4770,0.319706498951782,0.2937510816532905,0.023688415966592283,1.0957008410818332,8.12
2019-01-07,1523,1515,4735,4785,0.3166144200626959,0.29305726652727726,0.02368008881974932,0.9948084956409395,7.44
2019-01-04,1439,1475,4455,4510,0.3270509977827051,0.29237062464737157,0.02373363127305713,1.4612333332532779,10.6
2018-12-28,1477,1491,4565,4525,0.32950276243093923,0.2915230417493546,0.023614775713089592,1.608303256529876,11.53
2018-12-27,1465,1483,4425,4660,0.3182403433476395,0.2905605173547531,0.023518128204051435,1.176957015997475,8.7
2018-12-26,1416,1433,4125,4285,0.33442240373395565,0.2897416886945525,0.023609062503415736,1.8925238997922416,13.36
2018-12-25,1443,1414,4145,4245,0.3330977620730271,0.288676838120888,0.02336964615223308,1.9007957443075987,13.34
2018-12-21,1520,1498,4675,4565,0.3281489594742607,0.2876261745501722,0.02311894503661123,1.7527955907986503,12.35
2018-12-20,1553,1527,4715,4645,0.328740581270183,0.28665847413813444,0.022920616281894148,1.8359937016741912,12.8
2018-12-19,1579,1572,4690,4760,0.3302521008403361,0.28575770987030885,0.022573975671141288,1.9710480607502907,13.47
2018-12-18,1562,1573,4730,4665,0.3371918542336549,0.2849203309304631,0.02206708190723329,2.3687555755189313,15.5
2018-12-17,1578,1576,4905,4870,0.32361396303901435,0.2840420720320133,0.021265448648163886,1.8608538038259435,12.23
2018-12-14,1619,1586,5050,5020,0.31593625498007966,0.28335221919149317,0.02080476188405637,1.566181625638172,10.31
2018-12-13,1621,1637,5250,5160,0.3172480620155039,0.28270512418900556,0.020534223806587606,1.6822129802352963,10.89
2018-12-12,1594,1607,5100,5150,0.3120388349514563,0.2821137042456663,0.02016628675113163,1.483918734028254,9.59
2018-12-11,1598,1570,5050,5080,0.3090551181102362,0.28159467687934475,0.01988843920201052,1.3807237939574213,8.89
2018-12-10,1583,1593,5220,5150,0.3093203883495146,0.2811027871552728,0.019658069671767753,1.4354207541937307,9.12
2018-12-07,1634,1614,5430,5420,0.2977859778597786,0.28051474719467057,0.019463866077441747,0.8873484125091202,5.8
2018-12-06,1641,1626,5490,5370,0.3027932960893855,0.27999128097734943,0.019520182383398945,1.1681251058098805,7.53
2018-12-05,1650,1655,5710,5590,0.2960644007155635,0.2793295644556513,0.01957710059999697,0.8548168905008727,5.65
2018-12-04,1716,1677,6110,5800,0.28913793103448276,0.2787247357419906,0.019750695281884563,0.5272318338100845,3.6
2018-12-03,1696,1705,5770,5710,0.29859894921190894,0.2780637819370502,0.020215150679753966,1.0158305322663388,6.88
2018-11-30,1689,1683,5540,5680,0.2963028169014085,0.2773267859566408,0.020459171857342667,0.9275072850985074,6.4
2018-11-29,1686,1687,5490,5540,0.30451263537906137,0.27667403331415646,0.020623645878218515,1.3498390260039523,9.14
2018-11-28,1684,1672,5020,5090,0.3284872298624754,0.275992758380325,0.0205365361094627,2.556150229150004,15.98
2018-11-27,1670,1676,5120,5040,0.3325396825396825,0.27500319494818254,0.019756506392067073,2.9122804634428126,17.3
2018-11-26,1635,1649,5050,5000,0.3298,0.27395548916277185,0.01873461479513476,2.980819805899107,16.93
2018-11-22,1640,1642,4990,5150,0.3188349514563107,0.2729222028032416,0.017736612437981025,2.5885861132508,14.4
2018-11-21,1620,1635,4990,4965,0.3293051359516616,0.27211966393919523,0.01698690580921491,3.3664442868367996,17.37
2018-11-20,1643,1657,5300,5160,0.32112403100775194,0.27124677765733635,0.015655829425705176,3.185858250890403,15.53
2018-11-19,1651,1677,5480,5400,0.31055555555555553,0.27053741586779545,0.01454576662141923,2.7511880761809935,12.89
2018-11-16,1645,1650,5380,5460,0.3021978021978022,0.2700020232137306,0.013781880942978247,2.3360946968907776,10.65
2018-11-15,1625,1641,5250,5350,0.30672897196261684,0.2696511394947228,0.013283716627113413,2.7912242867492685,12.09
2018-11-14,1630,1637,5380,5290,0.30945179584120985,0.2691923049909651,0.012570246745544396,3.2027605873778895,13.01
2018-11-13,1649,1628,5140,5400,0.30148148148148146,0.26873294771308226,0.011689259901254915,2.801591721378651,10.86
2018-11-12,1660,1683,5960,5640,0.29840425531914894,0.2684109229530418,0.011100491682445797,2.701982328723175,10.05
2018-11-09,1671,1668,6030,5860,0.28464163822525596,0.2681719906219109,0.010635446521252699,1.5485619311266294,5.79
2018-11-08,1707,1684,6120,6020,0.27973421926910297,0.26818265113184864,0.010652336937463902,1.084416330901801,4.13
2018-11-07,1685,1672,5860,5920,0.28243243243243243,0.2682335761769341,0.010716376213147244,1.3249680650515654,5.03
2018-11-06,1669,1680,5830,5800,0.2896551724137931,0.26821623808412437,0.010694419201939647,2.004684305416079,7.4
2018-11-05,1613,1650,5800,5830,0.2830188679245283,0.268133238886049,0.010550902781379158,1.410839370518161,5.26
2018-11-02,1597,1634,5780,5830,0.28027444253859346,0.26813229367210345,0.01054957228552796,1.1509612463764778,4.33
2018-11-01,1574,1597,5740,5790,0.27582037996545766,0.26816475355448993,0.010590548168494708,0.7228734801227826,2.78
2018-10-31,1553,1587,5930,5900,0.2689830508474576,0.2683344318950386,0.010811485244144475,0.059993510398612046,0.24
2018-10-30,1560,1593,5500,5660,0.2814487632508834,0.2685933727431769,0.011053770755603237,1.1629868930645244,4.57
2018-10-29,1633,1593,5660,5430,0.29337016574585634,0.2686925744183503,0.011201099607565698,2.203140065894756,8.41
2018-10-26,1615,1621,5820,5600,0.28946428571428573,0.2686845866662369,0.011183698715704498,1.8580345891175811,7.18
2018-10-25,1589,1597,5810,5720,0.2791958041958042,0.2687418563625477,0.011300350331384532,0.9250994461846612,3.74
2018-10-24,1647,1635,5970,5990,0.27295492487479134,0.2689552621518049,0.01164173070785393,0.3435625529705946,1.47
2018-10-23,1674,1639,6070,5980,0.27408026755852843,0.2692577115439208,0.01202989949946462,0.40088082322069685,1.76
2018-10-22,1668,1673,6050,6110,0.27381342062193126,0.2695476665545263,0.012399056404941027,0.34403860488166477,1.56
2018-10-19,1678,1680,5930,6060,0.27722772277227725,0.26986801436187174,0.012808736501501689,0.5745850427591089,2.65
2018-10-18,1710,1695,6160,6100,0.2778688524590164,0.27012241395567727,0.013137639124723799,0.5896370291341804,2.79
2018-10-17,1705,1710,6250,6200,0.27580645161290324,0.270280442569978,0.013300146045580415,0.4154848393383987,2.0
2018-10-16,1663,1689,6240,6160,0.2741883116883117,0.27043733120734204,0.013433140369507473,0.2792333272630872,1.37
2018-10-15,1678,1676,6440,6300,0.266031746031746,0.2705904539130963,0.01354005267386883,-0.3366831718570926,-1.71
2018-10-12,1651,1686,6470,6540,0.25779816513761467,0.27087718605789296,0.013667578575816481,-0.9569376790282673,-5.07
2018-10-11,1698,1689,6410,6440,0.2622670807453416,0.2712390974622959,0.013675829790191982,-0.6560491651767151,-3.42
2018-10-10,1776,1757,6740,6670,0.2634182908545727,0.2714932884358602,0.013683876457318021,-0.5901103833021709,-3.07
2018-10-09,1800,1774,6720,6680,0.2655688622754491,0.271698558682093,0.013676674160431307,-0.4481861843559924,-2.31
2018-10-05,1825,1831,6800,6780,0.2700589970501475,0.2718196903799162,0.013662071905569503,-0.12887454713592345,-0.65
2018-10-04,1859,1842,7100,6860,0.2685131195335277,0.27184505476547227,0.013660545340361421,-0.24390938640641624,-1.24
2018-10-03,1857,1850,7130,7060,0.26203966005665724,0.27188106901525716,0.013655273144046938,-0.7207039254934503,-3.76
2018-10-02,1874,1873,7200,7060,0.2652974504249292,0.27207218856615006,0.013616449164160493,-0.49754073617463246,-2.55
2018-10-01,1884,1867,7120,7110,0.26258790436005625,0.2722785499002722,0.013629486045122777,-0.7110059402191262,-3.69
2018-09-28,1865,1874,6900,7050,0.26581560283687944,0.2726288170250537,0.013713245534770291,-0.4968345510112237,-2.56
2018-09-27,1852,1850,6880,6800,0.27205882352941174,0.27295984176190274,0.013843812483686243,-0.065084544705642,-0.33
2018-09-26,1841,1864,6950,6980,0.2670487106017192,0.2732646897942045,0.014070493548559443,-0.4417740693340277,-2.33
2018-09-25,1844,1862,6950,6970,0.2671449067431851,0.2736850739847591,0.014346779504293942,-0.45586309036230566,-2.45
2018-09-21,1815,1839,6650,6640,0.2769578313253012,0.27415772402741484,0.014703030916864673,0.19044422294416852,1.01
2018-09-20,1823,1800,6730,6590,0.2731411229135053,0.2744135243716489,0.014914883752675447,-0.08531085318820324,-0.47
2018-09-19,1800,1806,6630,6720,0.26875,0.2746396295314821,0.015022034033050425,-0.3920660490133452,-2.19
2018-09-18,1719,1769,6250,6460,0.2738390092879257,0.2749707041867364,0.015161558758278671,-0.07464238452347581,-0.41
2018-09-14,1702,1711,6190,6300,0.2715873015873016,0.27508665354646555,0.015185693931476497,-0.23043740871864882,-1.29
2018-09-13,1689,1688,6210,6180,0.27313915857605175,0.2752234091470509,0.015199741550446856,-0.13712407964843795,-0.76
2018-09-12,1710,1689,6350,6310,0.2676703645007924,0.2752932654110819,0.015202041300700212,-0.5014392974934481,-2.85
2018-09-11,1711,1710,6530,6450,0.2651162790697674,0.27557406568659204,0.015253060190216553,-0.685618917542352,-3.94
2018-09-10,1710,1710,6730,6490,0.26348228043143296,0.27587417485328625,0.015265770134369094,-0.811743810681021,-4.7
2018-09-07,1730,1724,6710,6700,0.2573134328358209,0.27618368150046657,0.015246697130525223,-1.2376614097531826,-7.33
2018-09-06,1753,1749,6840,6810,0.25682819383259914,0.2765658668907954,0.015127682124434839,-1.3047387495216571,-7.69
2018-09-05,1765,1759,7080,6910,0.25455861070911723,0.27698993222002977,0.01501379914166957,-1.4940469963166247,-8.81
2018-09-04,1788,1775,7020,6980,0.25429799426934097,0.2776416626827812,0.015086666486646957,-1.5473045973476933,-9.18
2018-09-03,1810,1789,6870,7000,0.25557142857142856,0.2783576119064768,0.015235252103232863,-1.4956223356627676,-8.92
2018-08-31,1806,1810,6870,6930,0.2611832611832612,0.2790156933419495,0.015302609097004986,-1.165319720685961,-6.83
2018-08-30,1822,1824,6780,6820,0.26744868035190617,0.2795562714422398,0.015379038561689703,-0.7872788043131996,-4.53
2018-08-29,1830,1826,6700,6730,0.2713224368499257,0.27997104901830777,0.015466153526201894,-0.5591960634381451,-3.19
2018-08-28,1838,1827,6850,6720,0.271875,0.2803903994953453,0.015651247953143436,-0.5440715986890391,-3.13
2018-08-27,1812,1813,6680,6780,0.2674041297935103,0.28082618380907076,0.015861683299039298,-0.8461935446897618,-5.02
2018-08-24,1807,1812,6560,6640,0.2728915662650602,0.2813791386070902,0.016105141582270065,-0.527010104113199,-3.11
2018-08-23,1806,1808,6620,6620,0.2731117824773414,0.2818893939140323,0.01643108648614694,-0.5342076097092714,-3.21
2018-08-22,1776,1799,6660,6610,0.27216338880484114,0.28229320136381747,0.01658186199187161,-0.6108971696870916,-3.72
2018-08-21,1781,1769,6820,6670,0.26521739130434785,0.28271563823103496,0.016721400947698823,-1.0464581874101402,-6.6
2018-08-20,1800,1789,7100,6920,0.25852601156069366,0.28325514127472984,0.0168006915401928,-1.4719114183410806,-9.57
2018-08-17,1789,1800,7180,7110,0.25316455696202533,0.28391923889836507,0.016794464029808023,-1.8312392632330579,-12.15
2018-08-16,1765,1785,7360,7120,0.25070224719101125,0.28469701454835195,0.016702656188429744,-2.035291092256903,-13.56
2018-08-15,1790,1768,7420,7380,0.23956639566395663,0.28557234726924324,0.016618201012215988,-2.7684074570687756,-19.2
2018-08-14,1776,1786,7310,7340,0.24332425068119892,0.28640738675861416,0.01584078793561941,-2.7197596642613338,-17.71
2018-08-13,1804,1771,7230,7160,0.2473463687150838,0.28720283317025364,0.015139758913926727,-2.6325692953080484,-16.11
2018-08-10,1845,1817,7200,7170,0.2534170153417015,0.28795745782292737,0.014532683090006182,-2.3767422895899086,-13.63
2018-08-09,1858,1846,7360,7260,0.2542699724517906,0.2885870031036034,0.014037006445560423,-2.444754213436047,-13.5
2018-08-08,1864,1859,7340,7320,0.25396174863387977,0.28922823286723837,0.013544531817997701,-2.6037433192409947,-13.89
2018-08-07,1859,1862,7300,7380,0.25230352303523035,0.2899503564735637,0.013080865637366894,-2.8780078078924034,-14.92
2018-08-06,1898,1870,7150,7230,0.25864453665283543,0.290634909605413,0.012419496432546424,-2.5758188446951737,-12.37
2018-08-03,1914,1897,7170,7190,0.2638386648122392,0.2911546200622976,0.0118734894583476,-2.300583610730712,-10.35
2018-08-02,1946,1921,7230,7170,0.2679218967921897,0.2915740752733695,0.011449186444916583,-2.0658392275270625,-8.83
2018-08-01,1940,1955,7240,7230,0.27040110650069155,0.29198267503588554,0.011140462284319778,-1.9372237869850424,-7.98
2018-07-31,1947,1956,7070,7090,0.2758815232722144,0.2922839086901863,0.010854611797265011,-1.5110982985227288,-5.95
2018-07-30,1942,1928,7210,7080,0.27231638418079096,0.2926054883798901,0.01072034738282847,-1.8925789878411594,-7.45
2018-07-27,1994,2002,7300,7280,0.275,0.2927262572014999,0.010540614954044814,-1.6817099646257063,-6.45
2018-07-26,1998,1994,7140,7190,0.2773296244784423,0.29271771019295295,0.010555234831747048,-1.4578629428715146,-5.55
2018-07-25,1940,1969,6850,7020,0.28048433048433047,0.29276106239664507,0.01049846865521247,-1.169383108670732,-4.38
2018-07-24,1948,1941,6890,6800,0.28544117647058825,0.2927816399871151,0.010475873583442144,-0.7007018038217796,-2.57
2018-07-23,1917,1931,6870,6810,0.28355359765051397,0.29270003746956486,0.010556263154476065,-0.8664467421099309,-3.23
2018-07-20,1950,1937,6870,6890,0.2811320754716981,0.2926472981047038,0.010611563185741402,-1.0851579952403738,-4.1
2018-07-19,1957,1950,6950,6880,0.28343023255813954,0.2926721831571471,0.010586689051754696,-0.872978374431027,-3.26
2018-07-18,1976,1958,6970,6920,0.28294797687861273,0.29270798598460906,0.010559879994334342,-0.9242537899325411,-3.45
2018-07-17,1965,1962,6850,6940,0.28270893371757927,0.29274846965247425,0.010528157682408074,-0.9535890549654714,-3.55
2018-07-13,1938,1965,6660,6810,0.28854625550660795,0.29285183119336755,0.010466961707178028,-0.4113491390540699,-1.49
2018-07-12,1899,1915,6520,6640,0.2884036144578313,0.2928969528499039,0.010455591771517666,-0.4297545744195009,-1.56
2018-07-11,1926,1898,6490,6570,0.28888888888888886,0.2929036613559538,0.010452867664760997,-0.3840833535661851,-1.39
2018-07-10,1950,1944,6570,6640,0.2927710843373494,0.292979559914611,0.010444103373631173,-0.019961079453499418,-0.07
2018-07-09,1913,1930,6530,6570,0.2937595129375951,0.29271390166115924,0.010696380722421043,0.09775374526863419,0.36
2018-07-06,1894,1907,6400,6460,0.2952012383900929,0.29250768699764,0.010822575103699777,0.2488826704036504,0.91
2018-07-05,1912,1898,6470,6420,0.2956386292834891,0.292360288371951,0.010860102696915574,0.3018701574957675,1.11
2018-07-04,1922,1914,6380,6470,0.29582689335394124,0.29221532283721086,0.010887903754367703,0.3317048532213192,1.22
2018-07-03,1935,1930,6420,6480,0.2978395061728395,0.29210203514905275,0.010893937701161194,0.5266664066910519,1.93
2018-07-02,1962,1926,6830,6500,0.2963076923076923,0.2919811411346125,0.010879897226950925,0.3976647097697218,1.46
2018-06-29,1974,1973,6760,6810,0.28972099853157124,0.2919109689187686,0.010868732338884654,-0.20149271496569995,-0.76
2018-06-28,1961,1967,6810,6840,0.2875730994152047,0.29177634597110297,0.010957194449620443,-0.3836060932590154,-1.46
2018-06-27,1969,1954,6890,6840,0.285672514619883,0.2916048510810197,0.011121068187049846,-0.5334322532114942,-2.08
2018-06-26,1933,1961,6800,6820,0.2875366568914956,0.29148250222428745,0.011235546749116738,-0.351192996736189,-1.37
2018-06-25,1953,1949,7010,6840,0.2849415204678363,0.2914142042257938,0.011274825012258415,-0.574082857243475,-2.27
2018-06-22,1948,1944,6630,6910,0.2813314037626628,0.29146594064976744,0.011253888425544426,-0.9005364638324432,-3.6
2018-06-21,1964,1974,7220,7080,0.2788135593220339,0.2916316519381321,0.011194786619953486,-1.14500553259777,-4.6
2018-06-20,1970,1983,7170,7220,0.27465373961218836,0.2919099776474317,0.011131956829849332,-1.5501531580658225,-6.28
2018-06-19,1974,1969,7350,7240,0.27196132596685085,0.29242065027145453,0.01120687687474705,-1.825604451022887,-7.52
2018-06-18,2005,1988,7230,7330,0.2712141882673943,0.29298258703285784,0.01122352853463203,-1.9395325363403852,-8.03
2018-06-15,2037,2012,7240,7280,0.2763736263736264,0.2936791289705921,0.011469307612425256,-1.5088532962720294,-6.26
2018-06-14,2050,2030,7220,7230,0.28077455048409405,0.294276525204931,0.011716561792534006,-1.1523836907035871,-4.81
2018-06-13,2062,2074,7100,7180,0.28885793871866294,0.2947978353850159,0.011971254945805632,-0.4961799488226699,-2.06
2018-06-12,2100,2081,7090,7160,0.29064245810055866,0.2951735724229072,0.012218611313135787,-0.37083709484049976,-1.56
2018-06-11,2093,2091,7020,7090,0.29492242595204515,0.2956300678451298,0.012671949879470259,-0.05584317329340836,-0.24
2018-06-08,2096,2099,6900,7030,0.29857752489331435,0.2960737817984002,0.013210586888410095,0.1895255007262938,0.84
2018-06-07,2094,2100,7000,6940,0.3025936599423631,0.2965393927976225,0.013888623876281965,0.4359155520857377,2.0
2018-06-06,2061,2073,6980,7000,0.29614285714285715,0.2968901927248583,0.014361338019373842,-0.05203801908937407,-0.25
2018-06-05,2070,2051,6990,7070,0.2900990099009901,0.29747265577904547,0.015181663824430099,-0.4856941876284886,-2.54
2018-06-04,2036,2058,7170,7010,0.2935805991440799,0.29805989717216225,0.01572710329027224,-0.28481392570575514,-1.53
2018-06-01,1979,2006,7150,7100,0.2825352112676056,0.2986895639062832,0.01646330411825741,-0.9812339323041968,-5.72
2018-05-31,1984,1987,7150,7050,0.28184397163120567,0.2994783677791165,0.017076264384407635,-1.032684652271655,-6.26
2018-05-30,1978,1957,7010,7030,0.27837837837837837,0.30017809392194356,0.017411259095125222,-1.2520470475147107,-7.83
2018-05-29,2032,2024,6970,7010,0.28873038516405136,0.30094495761368206,0.017698447299204174,-0.6901493810804488,-4.23
2018-05-28,2011,2022,7010,7030,0.287624466571835,0.3016548624001235,0.01825338504333293,-0.7686462425999795,-4.88
2018-05-25,2017,2004,7100,6990,0.28669527896995706,0.30249956549512663,0.019033753007854284,-0.830329495115752,-5.51
2018-05-24,2036,2019,7050,7060,0.28597733711048157,0.3035420024259337,0.020242226694086558,-0.8677239703368889,-6.14
2018-05-23,2100,2006,6950,6950,0.28863309352517985,0.30470366873420757,0.02165178650782141,-0.7422286010081636,-5.57
2018-05-22,2125,2118,6980,6980,0.3034383954154728,0.30580951957193203,0.02288561973023539,-0.10360760094805825,-0.78
2018-05-21,2104,2119,6860,6880,0.30799418604651163,0.30663555449939295,0.02388152050432076,0.05689049601648574,0.44
2018-05-18,2110,2104,6910,6900,0.30492753623188407,0.3074134754779956,0.024843968185174974,-0.10006208459061446,-0.82
2018-05-17,2088,2097,6990,6950,0.301726618705036,0.30819068687229845,0.02565265704321621,-0.25198435220073545,-2.14
2018-05-16,2066,2069,6850,6930,0.2985569985569986,0.30900396998972673,0.02639110373040759,-0.39585200904997586,-3.5
2018-05-15,2071,2074,6900,6850,0.3027737226277372,0.3098914766756334,0.027133637478565967,-0.26232214731691555,-2.35
2018-05-14,2065,2071,6730,6800,0.30455882352941177,0.31060281412070023,0.027632446579265554,-0.21872802952684134,-1.98
2018-05-11,2095,2088,6660,6760,0.3088757396449704,0.3112492580961064,0.02804749093114636,-0.08462498328148921,-0.77
2018-05-10,2078,2091,6780,6720,0.3111607142857143,0.31194066582823804,0.028613893719059005,-0.027257791273763023,-0.25
2018-05-09,2057,2054,6800,6770,0.303397341211226,0.31270892947516016,0.029346779128894555,-0.31729506747696323,-3.07
2018-05-08,2047,2054,6700,6760,0.3038461538461538,0.31354965309772015,0.029964660857605026,-0.32383143923030855,-3.19
2018-05-07,2045,2045,6660,6690,0.30568011958146485,0.31437505386819364,0.030533220346938346,-0.28476964394620957,-2.84
2018-05-02,2064,2035,6690,6600,0.30833333333333335,0.31517815577404334,0.03108117896457837,-0.2202240284549917,-2.22
2018-05-01,2019,2059,6600,6610,0.31149773071104386,0.316004990846348,0.031706642345658,-0.14215507546232978,-1.45
2018-04-27,1947,2012,6520,6360,0.3163522012578616,0.3167362406157292,0.03222249282151822,-0.011918362741044965,-0.12
2018-04-26,1930,1928,6360,6380,0.30219435736677114,0.3174279897637335,0.03275924259249853,-0.4650178450844485,-5.04
2018-04-25,1900,1930,6390,6370,0.3029827315541601,0.3182640027336795,0.03315745550348513,-0.4608698389993524,-5.04
2018-04-24,1915,1927,6320,6340,0.30394321766561516,0.31898000324264064,0.03339866251087001,-0.45022118990937354,-4.95
2018-04-23,1920,1900,6340,6320,0.30063291139240506,0.3196602183350124,0.03360436594929853,-0.5662153236670288,-6.33
2018-04-20,1928,1920,6280,6350,0.30236220472440944,0.32028794509378905,0.033682703822827904,-0.5321942224017874,-5.93
2018-04-19,1928,1935,6500,6280,0.30812101910828027,0.32081363060261264,0.03370649020191747,-0.3765628345846085,-4.12
2018-04-18,1883,1916,6310,6310,0.3036450079239303,0.32126573682126547,0.03376057266982883,-0.521932168321377,-5.8
2018-04-17,1888,1878,6340,6310,0.2976228209191759,0.3217479018306479,0.03376370563624138,-0.7145270478124454,-8.11
2018-04-16,1878,1884,6330,6380,0.29529780564263325,0.32231250284867574,0.03370956877079288,-0.8013955144228646,-9.15
2018-04-13,1858,1875,6330,6280,0.29856687898089174,0.3229059638884754,0.033620428173233005,-0.7239373865845443,-8.15
2018-04-12,1862,1840,6300,6280,0.2929936305732484,0.32344430293796095,0.03354957066588782,-0.9076322516303872,-10.39
2018-04-11,1859,1869,6530,6230,0.3,0.3240968609819305,0.03342668989788109,-0.7208868438827389,-8.03
2018-04-10,1800,1843,6640,6550,0.2813740458015267,0.32454484399679256,0.03332573477817215,-1.2954192452957434,-15.34
2018-04-09,1830,1819,6540,6630,0.2743589743589744,0.32537111213069425,0.03301188417723045,-1.54526586540325,-18.59
2018-04-06,1847,1835,6460,6540,0.2805810397553517,0.3263190530786352,0.03255099567566554,-1.4051187183031788,-16.3
2018-04-05,1830,1836,6550,6510,0.2820276497695853,0.3272346558541656,0.03221564713511855,-1.4032623928047623,-16.03
2018-04-04,1814,1810,6500,6480,0.279320987654321,0.32815210212925566,0.03189332671675999,-1.5310762313570077,-17.48
2018-04-03,1803,1809,6390,6470,0.2795981452859351,0.3292597311257735,0.031619567991406305,-1.5705965955428505,-17.76
2018-04-02,1835,1831,6450,6470,0.2829984544049459,0.3304821353065495,0.03144773674306648,-1.5099236326465586,-16.78
2018-03-30,1848,1834,6380,6410,0.2861154446177847,0.3315162687707954,0.03114304399104213,-1.457815882290427,-15.87
2018-03-29,1841,1816,6390,6350,0.2859842519685039,0.33254449860336344,0.030899210555425518,-1.5068425955848288,-16.28
2018-03-28,1797,1827,6300,6290,0.2904610492845787,0.3337017321705832,0.030758723599885397,-1.4058022513705861,-14.89
2018-03-27,1821,1845,6210,6320,0.29193037974683544,0.3348265200985873,0.030699296809817783,-1.3973004208367887,-14.69
2018-03-26,1781,1797,6030,6220,0.28890675241157554,0.3359700862583178,0.030677527592735253,-1.5341306011207807,-16.29
2018-03-23,1830,1794,6300,6090,0.29458128078817736,0.33715186431885513,0.03054868610684535,-1.393532388980178,-14.45
2018-03-22,1861,1869,6680,6850,0.27284671532846716,0.33830404286038873,0.030550949840251463,-2.142562763979282,-23.99
2018-03-20,1850,1859,6470,6680,0.2782934131736527,0.339786373909151,0.030031687818430172,-2.0476025559163094,-22.1
2018-03-19,1880,1864,6540,6560,0.2841463414634146,0.3411314503630654,0.029501862236794338,-1.9315766727627017,-20.05
2018-03-16,1912,1888,6690,6630,0.28476621417797887,0.3424543454365008,0.029139201045453998,-1.9797430673728722,-20.26
2018-03-15,1918,1905,6670,6630,0.2873303167420814,0.34378585317753946,0.028751768691035826,-1.9635500355517133,-19.65
2018-03-14,1930,1929,6770,6680,0.28877245508982036,0.34512880189548817,0.028433963063167693,-1.9820081597654513,-19.52
2018-03-13,1922,1950,6640,6700,0.291044776119403,0.3463892102982833,0.027999728581614695,-1.9766060952183944,-19.02
2018-03-12,1931,1935,7010,6920,0.2796242774566474,0.34755763289120106,0.027489617428909277,-2.4712368446099937,-24.29
2018-03-09,1907,1901,6900,6920,0.27471098265895955,0.3489067010260265,0.026590684341860057,-2.790289915565101,-27.01
2018-03-08,1917,1894,6790,6850,0.2764963503649635,0.35052197957488007,0.02569914830625388,-2.880470135732181,-26.77
2018-03-07,1900,1895,6970,6710,0.28241430700447095,0.3521789120170126,0.024865573574905094,-2.80567045044759,-24.7
2018-03-06,1928,1912,6570,6620,0.28882175226586104,0.3537218456350625,0.02406616104491532,-2.6967364361967268,-22.47
2018-03-05,1906,1883,6410,6410,0.2937597503900156,0.35514440918740553,0.023329893595387136,-2.6311589697746025,-20.9
2018-03-02,1935,1921,6250,6410,0.29968798751950076,0.3566925411313053,0.02305596580142154,-2.472442668538736,-19.02
2018-03-01,1997,1981,6370,6330,0.31295418641390205,0.3582148775145942,0.023011148250598922,-1.9669027641640664,-14.46
2018-02-28,2031,2004,6370,6380,0.3141065830721003,0.3594663416466323,0.02306782833001535,-1.9663644936836506,-14.44
2018-02-27,2042,2041,6300,6310,0.32345483359746435,0.3607185523798004,0.023120534121868985,-1.6117153083885485,-11.52
2018-02-26,2035,2017,6310,6280,0.3211783439490446,0.36170717427869764,0.023091237784056508,-1.755160581198312,-12.62
2018-02-23,2000,2012,6300,6290,0.319872813990461,0.3628061094906902,0.023097508119085255,-1.8587847346508255,-13.42
2018-02-22,1998,1991,6270,6280,0.31703821656050957,0.3639715345506386,0.023106963378022188,-2.031133092752848,-14.8
2018-02-21,2031,2024,6150,6230,0.32487961476725524,0.36544948653496,0.023597514459655924,-1.7192434329075656,-12.49
2018-02-20,2011,2025,6120,6170,0.32820097244732577,0.36691202917139665,0.024422543797377592,-1.5850542451776681,-11.79
2018-02-19,1993,2021,6060,6060,0.3334983498349835,0.3683677187494636,0.02530941446983147,-1.3777232561442303,-10.46
2018-02-16,1985,1980,5900,6020,0.3289036544850498,0.36971976689545466,0.026106529060985404,-1.5634446201200296,-12.41
2018-02-15,1977,1971,5770,5800,0.33982758620689657,0.3711809456822148,0.026837749522954406,-1.1682559094048341,-9.23
2018-02-14,1948,1928,5710,5770,0.3341421143847487,0.3724530608057554,0.027572579197640123,-1.3894582057918483,-11.47
2018-02-13,2010,1946,5830,5710,0.34080560420315237,0.3737967744129005,0.028122964756353595,-1.1731042760096868,-9.68
2018-02-09,1942,1975,5860,5780,0.3416955017301038,0.3749981065143388,0.02860823579917416,-1.1640915230849824,-9.75
2018-02-08,2019,2026,5960,6060,0.3343234323432343,0.3762708884939058,0.02921532677641812,-1.4358030793799097,-12.55
2018-02-07,2104,2012,6190,5990,0.3358931552587646,0.37754423688137617,0.029439644358103867,-1.4147956787781724,-12.4
2018-02-06,2061,2045,6100,5980,0.3419732441471572,0.3788104531445926,0.029662410123533947,-1.2418818580156115,-10.77
2018-02-05,2200,2155,6140,6140,0.3509771986970684,0.3800076726343952,0.029961990566614295,-0.9689100553177056,-8.27
2018-02-02,2261,2244,6100,6150,0.3648780487804878,0.380997247485101,0.030211427397427593,-0.5335464125070006,-4.42
2018-02-01,2226,2261,6050,6060,0.3731023102310231,0.3817844944163939,0.03054853250225362,-0.28420953395160015,-2.33
2018-01-31,2200,2222,6000,5980,0.37157190635451504,0.38254604611828374,0.031030728115216143,-0.3536539562662553,-2.95
2018-01-30,2222,2196,6090,6010,0.3653910149750416,0.38332376723487704,0.03147372486540867,-0.5697689846537515,-4.91
2018-01-29,2225,2231,6160,6090,0.3663382594417077,0.38420039002922174,0.031875091134844165,-0.5603789652537833,-4.88
2018-01-26,2251,2212,6190,6090,0.3632183908045977,0.3850789763330954,0.032276248486750446,-0.6772963573344515,-6.02
2018-01-25,2266,2238,6190,6170,0.3627228525121556,0.38598989013767016,0.03260877996956447,-0.7135206422083548,-6.41
2018-01-24,2300,2282,6380,6250,0.36512,0.38679681460417475,0.032771427376006725,-0.6614546981876419,-5.94
2018-01-23,2274,2297,6400,6450,0.3561240310077519,0.3873947037484915,0.03277954657600484,-0.9539690449418913,-8.78
2018-01-22,2259,2263,6390,6410,0.35304212168486737,0.38791967914493597,0.032589267319758676,-1.0702160658555997,-9.88
2018-01-19,2267,2269,6230,6290,0.36073131955484894,0.3887410966891377,0.03247602271072833,-0.8624755988064954,-7.76
2018-01-18,2290,2268,6230,6150,0.36878048780487804,0.3894577645484325,0.032443057590058444,-0.6373405677364583,-5.61
2018-01-17,2248,2272,6150,6200,0.3664516129032258,0.3900538577232371,0.032468369563572005,-0.7269303983311775,-6.44
2018-01-16,2265,2264,6200,6190,0.36575121163166396,0.3906942197442443,0.03247016723175865,-0.7681823113058651,-6.82
2018-01-15,2264,2265,6160,6190,0.36591276252019383,0.39142700437811007,0.03251910330215768,-0.7845924169816617,-6.97
2018-01-12,2254,2248,6110,6070,0.3703459637561779,0.3921418559074266,0.0325396562737982,-0.6698255189867925,-5.89
2018-01-11,2255,2253,6140,6150,0.36634146341463414,0.3927477693731337,0.03255125319830737,-0.8112224066344909,-7.21
2018-01-10,2272,2272,6170,6170,0.3682333873581848,0.3932268528912416,0.03242324764955739,-0.7708501567515862,-6.79
2018-01-09,2247,2266,6250,6210,0.3648953301127214,0.39358715661957144,0.032293390964493365,-0.8884736365529636,-7.86
2018-01-05,2197,2215,6160,6210,0.35668276972624796,0.3939065106301668,0.032126070987209925,-1.1586770420428443,-10.44
2018-01-04,2153,2183,6180,6150,0.35495934959349595,0.39435552927704304,0.0318367059018125,-1.2374452245483165,-11.1
2017-12-29,2107,2128,6240,6120,0.3477124183006536,0.3948383489536083,0.03150847250151748,-1.4956590057066426,-13.55
2017-12-28,2124,2102,6210,6150,0.34178861788617887,0.3953260658794591,0.0310550773386477,-1.7239515268137326,-15.66
2017-12-27,2119,2124,6160,6210,0.34202898550724636,0.3959474787628336,0.03043773156063899,-1.7714359937819,-15.76
2017-12-26,2124,2117,6290,6230,0.3398073836276084,0.39663969645607033,0.029787028507163516,-1.9079550957825246,-16.72
2017-12-25,2119,2118,6240,6230,0.3399678972712681,0.3973156496872888,0.029055922655068858,-1.9737026800632769,-16.87
2017-12-22,2107,2117,6200,6230,0.3398073836276084,0.3981081569315927,0.02828120639324189,-2.0614669860022636,-17.16
2017-12-21,2122,2115,6240,6240,0.3389423076923077,0.39899241157940374,0.027469660362080858,-2.1860519240343153,-17.72
2017-12-20,2090,2120,6200,6200,0.3419354838709677,0.39990547247683966,0.02658224542613155,-2.1807784736230302,-16.95
2017-12-19,2120,2095,6460,6280,0.3335987261146497,0.4008100718801835,0.02573501007664214,-2.61166968908774,-20.15
2017-12-18,2108,2115,6150,6160,0.34334415584415584,0.40172203563844194,0.024520323917372557,-2.380795620441441,-17.0
2017-12-15,2089,2090,6110,6050,0.34545454545454546,0.4025580920551435,0.02356601721935982,-2.4231309885357564,-16.53
2017-12-14,2098,2099,5880,6010,0.3492512479201331,0.4033660913212659,0.02261392863548139,-2.392987272287852,-15.49
2017-12-13,2124,2098,5990,5980,0.35083612040133777,0.4041391268911661,0.021724308645980538,-2.453611176238307,-15.19
2017-12-12,2120,2120,5780,5850,0.3623931623931624,0.404770788426968,0.020835843975021435,-2.033880945000791,-11.69
2017-12-11,2081,2120,5740,5710,0.3712784588441331,0.4052935036802222,0.02024965783822415,-1.679783683647278,-9.16
2017-12-08,2060,2066,5530,5730,0.36055846422338567,0.4057572656431085,0.019859869998359602,-2.2758860669005476,-12.54
2017-12-07,2066,2045,5510,5630,0.3632326820603908,0.4063778113398731,0.01915239640575291,-2.25272745850867,-11.88
2017-12-06,2078,2054,5490,5510,0.37277676950998184,0.4069434631211555,0.01848462152734885,-1.8483848079130234,-9.17
2017-12-05,2097,2084,5590,5560,0.3748201438848921,0.40751489976457567,0.018077526920247285,-1.808585655766034,-8.72
2017-12-04,2128,2100,5670,5560,0.3776978417266187,0.40811270480321954,0.017724340436273633,-1.715994069621655,-8.05
2017-12-01,2159,2118,5610,5610,0.3775401069518717,0.40866480946095673,0.017410471437956595,-1.787700156196233,-8.24
2017-11-30,2146,2145,5590,5630,0.38099467140319715,0.4092121466798075,0.017065224105720086,-1.6535074547982134,-7.41
2017-11-29,2150,2139,5640,5570,0.38402154398563737,0.40969090317377427,0.016767965006897464,-1.5308571539586266,-6.68
2017-11-28,2127,2112,5530,5570,0.3791741472172352,0.41025118560527135,0.01660211680286615,-1.8718720484288545,-8.2
2017-11-27,2138,2120,5610,5530,0.3833634719710669,0.4108628649783802,0.016288005959094257,-1.6883216445509261,-7.17
2017-11-24,2119,2127,5500,5530,0.38462929475587704,0.4114243710759375,0.016054543831575716,-1.6690026575131023,-6.97
2017-11-22,2127,2111,5470,5440,0.3880514705882353,0.4120479342678435,0.015909274937066828,-1.508331697989523,-6.18
2017-11-21,2081,2112,5500,5510,0.38330308529945556,0.41275376361296984,0.016003019943223173,-1.8403200407174276,-7.68
2017-11-20,2075,2060,5500,5440,0.3786764705882353,0.41364028955724813,0.016187580331574098,-2.1599163218245434,-9.23
2017-11-17,2120,2083,5400,5470,0.3808043875685558,0.41457056601565756,0.01615631081084049,-2.089968362359401,-8.87
2017-11-16,2092,2102,5180,5310,0.3958568738229755,0.41575012595895333,0.016862048475051433,-1.1797648527349007,-5.03
2017-11-15,2122,2092,5270,5220,0.40076628352490423,0.4167894609605077,0.017969787101114926,-0.8916731926450755,-4.0
2017-11-14,2135,2134,5340,5360,0.39813432835820894,0.4177665856189942,0.019032948725002833,-1.0314879498937097,-4.93
2017-11-13,2186,2116,5390,5350,0.3955140186915888,0.41884737065348204,0.020155787332784558,-1.1576502359667282,-5.9
2017-11-10,2211,2201,5350,5370,0.40986964618249533,0.4197914089911794,0.020691786432097778,-0.4795024751122069,-2.42
2017-11-09,2215,2239,5490,5410,0.41386321626617373,0.4203354800292722,0.020958499993125677,-0.3088133103619693,-1.56
2017-11-08,2208,2209,5390,5430,0.40681399631675874,0.4210067774966004,0.021538720362435804,-0.6589426363784515,-3.49
2017-11-07,2149,2187,5370,5360,0.4080223880597015,0.42175433991514594,0.02200116731798182,-0.6241465126362258,-3.37
2017-11-06,2143,2155,5300,5420,0.39760147601476015,0.4225017164777113,0.022469085276171953,-1.108200007116328,-6.26
2017-11-02,2134,2131,5280,5280,0.4035984848484849,0.42358385688289335,0.02318673633617963,-0.8619312241552566,-4.95
2017-11-01,2075,2126,5250,5220,0.40727969348659004,0.4246405984196669,0.02404208797921653,-0.722104708546308,-4.26
2017-10-31,2208,2225,5200,5200,0.42788461538461536,0.42571838135056905,0.025031160736395722,0.08654149349520857,0.51
2017-10-30,2238,2225,5150,5120,0.4345703125,0.42665180290496724,0.026364321268671165,0.3003494576756794,1.82
2017-10-27,2228,2235,5150,5110,0.43737769080234834,0.42749476533138375,0.027586423950111155,0.35825322951744043,2.26
2017-10-26,2216,2218,5040,5100,0.4349019607843137,0.4285028501829484,0.029259833155654367,0.21869949043536052,1.47
2017-10-25,2226,2210,5090,5040,0.4384920634920635,0.4294593129780402,0.030595352890949182,0.295232761204575,2.06
2017-10-24,2184,2211,5100,5080,0.4352362204724409,0.4303481781404479,0.0317899265101495,0.153760730791008,1.12
2017-10-23,2195,2192,5100,5040,0.43492063492063493,0.4313522034220411,0.033090962578446285,0.10783704131103472,0.82
2017-10-20,2195,2189,5030,5080,0.4309055118110236,0.43235598271153464,0.03430358627645021,-0.04228336037001474,-0.34
2017-10-19,2210,2212,5130,5060,0.43715415019762843,0.4332002055170172,0.0350289550079936,0.11287646690313576,0.9
2017-10-18,2203,2205,5110,5130,0.4298245614035088,0.433976203278394,0.03574527885319307,-0.11614518079257742,-0.97
2017-10-17,2212,2206,5100,5120,0.430859375,0.4348725315307188,0.036465523626273345,-0.11005344587530748,-0.93
2017-10-16,2187,2202,5140,5100,0.43176470588235294,0.4355796317559441,0.03689252389678473,-0.10340647563892065,-0.88
2017-10-13,2153,2177,5090,5120,0.4251953125,0.4360169505741128,0.03703881714001627,-0.29217018548957085,-2.55
2017-10-12,2162,2162,5080,5100,0.423921568627451,0.43651189026709525,0.03713878418657043,-0.33900737235757344,-2.97
2017-10-11,2171,2164,5100,5030,0.4302186878727634,0.4370386019806743,0.037236485038848355,-0.18315139307041883,-1.59
2017-10-10,2176,2171,4970,5050,0.4299009900990099,0.43754281357217634,0.03739640930493513,-0.20434644970467702,-1.78
2017-10-06,2155,2160,5040,5010,0.4311377245508982,0.4380751681869482,0.037567629884970255,-0.18466545952704494,-1.61
2017-10-05,2167,2159,4910,4995,0.4322322322322322,0.43871500763373766,0.037851609071281045,-0.17126815901794987,-1.5
2017-10-04,2167,2162,5120,5010,0.4315369261477046,0.43935725641555584,0.03814368858552519,-0.205022916184852,-1.81
2017-10-03,2150,2167,5200,5120,0.4232421875,0.44019238311453873,0.038645689984196714,-0.4386050713927001,-4.0
2017-10-02,2119,2140,5380,5220,0.4099616858237548,0.4410013474236876,0.03891648068031602,-0.7975968293462015,-7.57
2017-09-29,2117,2108,5140,5330,0.39549718574108816,0.44207765326627696,0.039158655058875676,-1.1895318533068693,-11.78
2017-09-28,2134,2123,5100,5120,0.4146484375,0.4433168901911508,0.03913558737123591,-0.7325417763429726,-6.91
2017-09-27,2124,2118,5170,5110,0.41448140900195696,0.4443470458559448,0.039383481211602345,-0.7583290236209352,-7.21
2017-09-26,2150,2146,5170,5190,0.41348747591522156,0.44539800802163293,0.03962345104383993,-0.8053445943187816,-7.72
2017-09-25,2145,2147,5140,5180,0.41447876447876447,0.4463749079012623,0.03972772020155345,-0.8028687088178442,-7.7
2017-09-22,2143,2133,5040,5070,0.42071005917159765,0.4473560088582668,0.03983634585701346,-0.6688853887932085,-6.33
2017-09-21,2141,2127,5110,5070,0.4195266272189349,0.4482585764135864,0.03998896595444319,-0.718496928062204,-6.85
2017-09-20,2112,2133,5300,5130,0.41578947368421054,0.4492470577606565,0.040182340201353,-0.8326439900909349,-8.05
2017-09-19,2110,2124,5290,5280,0.4022727272727273,0.45051801292634847,0.040609216760323544,-1.1880378274312917,-11.99
2017-09-15,2054,2083,5330,5270,0.3952561669829222,0.45171712811777986,0.04049454397735974,-1.3942856392314145,-14.28
2017-09-14,2059,2057,5300,5290,0.3888468809073724,0.4530440054760646,0.040252443538142814,-1.5948627940527298,-16.51
2017-09-13,2053,2065,5230,5290,0.390359168241966,0.45450234336026263,0.039879775170043465,-1.6084136594250198,-16.43
2017-09-12,2018,2038,5260,5210,0.39117082533589254,0.4559388952324927,0.03948188047495004,-1.6404504830435669,-16.56
2017-09-11,2029,2006,5230,5220,0.3842911877394636,0.45744340301049374,0.03913352765069864,-1.8692977521469163,-19.04
2017-09-08,2004,2008,5110,5170,0.388394584139265,0.4589919969052675,0.03850103146983296,-1.8336499067906349,-18.18
2017-09-07,2025,2017,5220,5120,0.3939453125,0.4605545488538743,0.037978694689099826,-1.753857969557645,-16.91
2017-09-06,2000,2015,5100,5160,0.3905038759689923,0.46208660545416935,0.03757626404335966,-1.9049985757651955,-18.33
2017-09-05,2049,2017,5160,5050,0.3994059405940594,0.4637108157057704,0.03707642343842648,-1.7343872236895579,-16.1
2017-09-04,2079,2055,5140,5060,0.4061264822134387,0.46515099932546133,0.03664594186133998,-1.6106699436286325,-14.53
2017-09-01,2072,2086,5030,5120,0.407421875,0.46625546008209595,0.036094490062939445,-1.6299879837478082,-14.44
2017-08-31,2025,2053,5000,5010,0.4097804391217565,0.46747834082922246,0.035631189395615735,-1.6193088888176561,-14.08
2017-08-30,2026,2014,4945,5010,0.40199600798403196,0.46870129691990237,0.03520133030868498,-1.8949650013486186,-16.59
2017-08-29,2007,2014,4920,4960,0.4060483870967742,0.47003802753156226,0.03454021508363473,-1.8526126800266094,-15.76
2017-08-28,2033,2012,4970,4955,0.4060544904137235,,,,
2017-08-25,2001,2028,5010,4980,0.4072289156626506,,,,
2017-08-24,2007,2003,4990,5030,0.3982107355864811,,,,
2017-08-23,2028,2012,5020,5010,0.40159680638722556,,,,
2017-08-22,2004,2010,4980,4950,0.40606060606060607,,,,
2017-08-21,2046,2007,4995,4930,0.4070993914807302,,,,
2017-08-18,2015,2008,4875,4950,0.40565656565656566,,,,
2017-08-17,2060,2047,4920,4925,0.41563451776649746,,,,
2017-08-16,2065,2071,4985,4935,0.4196555217831814,,,,
2017-08-15,2062,2062,4930,4920,0.4191056910569106,,,,
2017-08-14,2040,2049,4945,4895,0.41859039836567924,,,,
2017-08-10,2090,2072,4905,4970,0.4169014084507042,,,,
2017-08-09,2110,2094,4955,4915,0.42604272634791457,,,,
2017-08-08,2118,2121,4930,4990,0.4250501002004008,,,,
2017-08-07,2126,2121,4950,4985,0.4254764292878636,,,,
2017-08-04,2122,2116,4855,4905,0.4313965341488277,,,,
2017-08-03,2173,2141,4765,4855,0.44098867147270854,,,,
2017-08-02,2166,2168,4830,4820,0.44979253112033196,,,,
2017-08-01,2221,2166,4730,4830,0.4484472049689441,,,,
2017-07-31,2205,2222,4780,4735,0.46927138331573387,,,,
2017-07-28,2264,2234,4735,4715,0.47380699893955464,,,,
2017-07-27,2264,2247,4840,4740,0.4740506329113924,,,,
2017-07-26,2236,2257,4785,4710,0.4791932059447983,,,,
2017-07-25,2170,2222,4835,4765,0.4663168940188877,,,,
2017-07-24,2190,2170,4735,4815,0.45067497403946,,,,
2017-07-21,2200,2205,4755,4750,0.46421052631578946,,,,
2017-07-20,2201,2201,4770,4755,0.4628811777076761,,,,
2017-07-19,2227,2209,4695,4760,0.46407563025210086,,,,
2017-07-18,2251,2243,4705,4685,0.47876200640341515,,,,
2017-07-14,2250,2267,4590,4695,0.48285410010649626,,,,
2017-07-13,2244,2238,4545,4585,0.488113413304253,,,,
2017-07-12,2245,2243,4500,4505,0.4978912319644839,,,,
2017-07-11,2259,2255,4410,4530,0.4977924944812362,,,,
2017-07-10,2265,2252,4445,4390,0.5129840546697039,,,,
2017-07-07,2241,2252,4430,4445,0.506636670416198,,,,
2017-07-06,2261,2253,4460,4460,0.5051569506726458,,,,
2017-07-05,2269,2277,4425,4460,0.5105381165919283,,,,
2017-07-04,2254,2250,4495,4410,0.5102040816326531,,,,
2017-07-03,2251,2224,4485,4500,0.49422222222222223,,,,
2017-06-30,2224,2239,4550,4520,0.49535398230088495,,,,
2017-06-29,2260,2274,4600,4575,0.4970491803278689,,,,
2017-06-28,2219,2238,4700,4625,0.4838918918918919,,,,
2017-06-27,2204,2209,4760,4755,0.4645636172450053,,,,
2017-06-26,2195,2196,4800,4750,0.46231578947368424,,,,
2017-06-23,2181,2192,4700,4730,0.4634249471458774,,,,
2017-06-22,2170,2167,4620,4630,0.46803455723542114,,,,
2017-06-21,2182,2180,4625,4640,0.4698275862068966,,,,
2017-06-20,2185,2192,4545,4575,0.4791256830601093,,,,
2017-06-19,2161,2157,4400,4490,0.4804008908685969,,,,
2017-06-16,2156,2162,4490,4375,0.4941714285714286,,,,
2017-06-15,2185,2151,4450,4445,0.48391451068616426,,,,
2017-06-14,2188,2186,4450,4455,0.49068462401795737,,,,
2017-06-13,2178,2176,4460,4455,0.48843995510662175,,,,
2017-06-12,2196,2189,4465,4450,0.49191011235955057,,,,
2017-06-09,2202,2210,4565,4480,0.49330357142857145,,,,
2017-06-08,2234,2205,4555,4530,0.4867549668874172,,,,
2017-06-07,2200,2228,4590,4565,0.48806133625410736,,,,
2017-06-06,2267,2232,4665,4570,0.4884026258205689,,,,
2017-06-05,2316,2298,4565,4655,0.49366272824919444,,,,
2017-06-02,2259,2323,4595,4545,0.5111111111111111,,,,
2017-06-01,2206,2242,4510,4555,0.49220636663007683,,,,
2017-05-31,2229,2224,4485,4495,0.49477196885428254,,,,
2017-05-30,2222,2242,4480,4500,0.49822222222222223,,,,
2017-05-29,2267,2229,4495,4475,0.4981005586592179,,,,
2017-05-26,2284,2263,4600,4490,0.5040089086859688,,,,
2017-05-25,2304,2297,4620,4590,0.5004357298474945,,,,
2017-05-24,2320,2308,4590,4565,0.5055859802847754,,,,
2017-05-23,2310,2300,4545,4520,0.5088495575221239,,,,
2017-05-22,2300,2308,4495,4505,0.5123196448390677,,,,
2017-05-19,2272,2291,4590,4515,0.5074197120708749,,,,
2017-05-18,2286,2259,4430,4620,0.488961038961039,,,,
2017-05-17,2315,2316,4620,4640,0.4991379310344828,,,,
2017-05-16,2359,2337,4595,4660,0.5015021459227468,,,,
2017-05-15,2357,2343,4545,4665,0.5022508038585209,,,,
