DATE,OPEN_6645,CLOSE_6645,OPEN_6856,CLOSE_6856,saya_divide,saya_divide_mean,saya_divide_std,saya_divide_sigma,deviation_rate(%)
2020-03-03,5990,5780,6020.0,5800.0,0.996551724137931,0.9047437037923881,0.042915418776511984,2.1392782119556135,9.21
2020-03-02,5750,5900,5720.0,5900.0,1.0,0.9032137622558524,0.04164162248426393,2.324266730498372,9.68
2020-02-28,5900,5840,5980.0,5890.0,0.9915110356536503,0.9015048169955052,0.040240980447976485,2.2366805593741694,9.08
2020-02-27,6260,6120,6240.0,6140.0,0.996742671009772,0.8999954282308816,0.03893865156630147,2.4846069108006286,9.71
2020-02-26,6230,6260,6170.0,6300.0,0.9936507936507937,0.8984608450996874,0.03733029829629206,2.5499380635959534,9.58
2020-02-25,6260,6320,6260.0,6240.0,1.0128205128205128,0.8968314732186242,0.03577444089870951,3.242232070944053,11.45
2020-02-21,6690,6660,6800.0,6660.0,1.0,0.8948899820088404,0.03329207023731046,3.1572088260634112,10.51
2020-02-20,6760,6720,6880.0,6840.0,0.9824561403508771,0.8930930368156688,0.0311376772983575,2.8699347956799026,9.1
2020-02-19,6630,6620,6620.0,6790.0,0.9749631811487481,0.8919971677102811,0.029369425803029477,2.8249109803811345,8.51
2020-02-18,6730,6590,6960.0,6630.0,0.9939668174962293,0.8908435367644986,0.027742076588982444,3.7172156309555193,10.37
2020-02-17,6650,6730,7080.0,7090.0,0.9492242595204513,0.8891832883051052,0.025123250657827147,2.38985679174603,6.33
2020-02-14,6700,6730,7200.0,7310.0,0.920656634746922,0.8883582119472897,0.02413455045441319,1.3382649434734484,3.51
2020-02-13,6850,6730,7270.0,7230.0,0.9308437067773168,0.888155378498324,0.023925270925213016,1.7842359408355433,4.59
2020-02-12,6670,6820,7310.0,7200.0,0.9472222222222222,0.8879373657896025,0.02360768050303084,2.5112529130089043,6.26
2020-02-10,6720,6650,7140.0,7060.0,0.9419263456090652,0.8876094393229899,0.02294336676561191,2.3674339882622135,5.77
2020-02-07,6820,6840,7250.0,7210.0,0.9486823855755895,0.8873139181621201,0.022377602912800314,2.742405772977842,6.47
2020-02-06,6720,6810,7130.0,7250.0,0.9393103448275862,0.886829257528294,0.021416200650779423,2.450532106747993,5.59
2020-02-05,6780,6650,7180.0,7040.0,0.9446022727272727,0.8863391026057551,0.020615153662128263,2.826230212804664,6.17
2020-02-04,6440,6640,7040.0,7000.0,0.9485714285714286,0.8858341100193405,0.019621695097037255,3.1973444823103483,6.61
2020-02-03,6310,6470,6810.0,6980.0,0.9269340974212035,0.8855569776279225,0.01886587413966569,2.193225688190358,4.46
2020-01-31,6320,6410,6950.0,6920.0,0.9263005780346821,0.885583322363728,0.01892492285242312,2.1515150148018014,4.4
2020-01-30,6510,6290,7090.0,6880.0,0.9142441860465116,0.8857260863101423,0.019268805138589598,1.480013915302728,3.12
2020-01-29,6250,6210,7160.0,7130.0,0.8709677419354839,0.8856782745923224,0.019202317929378755,-0.7660810903631596,-1.69
2020-01-28,6160,6210,7030.0,7080.0,0.8771186440677966,0.8862492794124929,0.01939218618663125,-0.47084094886582845,-1.04
2020-01-27,6350,6250,7330.0,7120.0,0.8778089887640449,0.8867418641582556,0.019621850113259818,-0.45525143361349885,-1.02
2020-01-24,6560,6500,7460.0,7460.0,0.871313672922252,0.8874905744967477,0.02032542004974107,-0.7958950680924194,-1.86
2020-01-23,6500,6530,7410.0,7390.0,0.8836265223274695,0.8884760844185564,0.021286350364250074,-0.22782496802418584,-0.55
2020-01-22,6480,6580,7330.0,7410.0,0.8879892037786775,0.8893226025823953,0.02231425797920573,-0.05975546240257309,-0.15
2020-01-21,6530,6440,7330.0,7250.0,0.8882758620689655,0.8901504867359851,0.02337599902449366,-0.08019441928686526,-0.21
2020-01-20,6450,6530,7250.0,7310.0,0.893296853625171,0.8908470015011105,0.024077494707893332,0.10174863098432425,0.27
2020-01-17,6450,6460,7260.0,7250.0,0.8910344827586207,0.8915349721399711,0.024862040754241487,-0.020130663701249246,-0.06
2020-01-16,6450,6390,7170.0,7190.0,0.8887343532684284,0.8922793110816112,0.025658819088879643,-0.13815748109464318,-0.4
2020-01-15,6480,6430,7030.0,7170.0,0.8967921896792189,0.8929254939398035,0.0261666292111243,0.1477720232215309,0.43
2020-01-14,6470,6540,7410.0,7330.0,0.8922237380627558,0.8933659255627939,0.026503830581784432,-0.04309518567565633,-0.13
2020-01-10,6430,6490,7320.0,7320.0,0.8866120218579235,0.893808233393915,0.02675667615099133,-0.26895013025468273,-0.81
2020-01-09,6350,6400,7290.0,7330.0,0.8731241473396999,0.8942542423814729,0.02691135347512063,-0.7851739995651882,-2.42
2020-01-08,6200,6250,7220.0,7200.0,0.8680555555555556,0.894966753750277,0.027049544198202116,-0.9948854589760562,-3.1
2020-01-07,6280,6360,7330.0,7350.0,0.8653061224489796,0.8959179322014553,0.02733923793190018,-1.1197023790029266,-3.54
2020-01-06,6220,6270,7220.0,7260.0,0.8636363636363636,0.897040669244155,0.027784451618709467,-1.2022661474915572,-3.87
2019-12-30,6480,6420,7410.0,7330.0,0.8758526603001364,0.8984798098137304,0.028793958772647142,-0.7858297531178208,-2.58
2019-12-27,6500,6490,7470.0,7430.0,0.873485868102288,0.8997269444110891,0.029795123223367203,-0.8807171600559527,-3.0
2019-12-26,6430,6500,7410.0,7520.0,0.8643617021276596,0.9012051038508847,0.03117465433590143,-1.181838339769349,-4.26
2019-12-25,6470,6460,7490.0,7420.0,0.8706199460916442,0.9026596321882977,0.031956811916986544,-1.0025933181282998,-3.68
2019-12-24,6480,6460,7380.0,7410.0,0.8717948717948718,0.9039172948996956,0.03252221606222077,-0.9877070813184419,-3.68
2019-12-23,6440,6450,7460.0,7440.0,0.8669354838709677,0.9050650360474367,0.032885239926094524,-1.159473133301152,-4.4
2019-12-20,6560,6530,7480.0,7520.0,0.8683510638297872,0.9064941895465324,0.03352009156830013,-1.1379183030877227,-4.39
2019-12-19,6540,6580,7550.0,7490.0,0.8785046728971962,0.9077611082070679,0.033848547934917705,-0.8643335414601673,-3.33
2019-12-18,6630,6580,7750.0,7630.0,0.8623853211009175,0.9089247721375134,0.03431966342024456,-1.3560579096222476,-5.4
2019-12-17,6790,6690,7730.0,7730.0,0.8654592496765847,0.9100829427935112,0.03419500884731384,-1.3049767969406991,-5.16
2019-12-16,6750,6700,7870.0,7720.0,0.8678756476683938,0.9110045453211878,0.03391017551611464,-1.2718571047294793,-4.97
2019-12-13,6650,6790,7760.0,7770.0,0.8738738738738738,0.9120184213497409,0.03374186113853019,-1.1304814313372114,-4.36
2019-12-12,6480,6470,7490.0,7580.0,0.8535620052770448,0.9129675022988218,0.033656567121377025,-1.765049204440268,-6.96
2019-12-11,6450,6440,7440.0,7450.0,0.8644295302013423,0.9142066017610566,0.033153628231157216,-1.5014064588241565,-5.76
2019-12-10,6460,6470,7460.0,7470.0,0.8661311914323963,0.9153241279264557,0.03286829315808724,-1.496668423196034,-5.68
2019-12-09,6610,6530,7650.0,7550.0,0.8649006622516556,0.9162605605255388,0.03245125577392859,-1.5826782985435608,-5.94
2019-12-06,6520,6520,7530.0,7510.0,0.8681757656458056,0.9172790104111131,0.03201913191831081,-1.5335595259291483,-5.66
2019-12-05,6560,6540,7460.0,7550.0,0.866225165562914,0.9180894901842875,0.0315315614533248,-1.6448384485540541,-5.99
2019-12-04,6430,6460,7350.0,7360.0,0.8777173913043478,0.9188700965394733,0.0309573860285562,-1.3293339817891847,-4.69
2019-12-03,6400,6500,7280.0,7380.0,0.8807588075880759,0.9194213946314345,0.030585547622194346,-1.2640802617280305,-4.39
2019-12-02,6470,6540,7300.0,7350.0,0.889795918367347,0.9198981495502239,0.030256080627686747,-0.9949150900705543,-3.38
2019-11-29,6470,6430,7270.0,7190.0,0.894297635605007,0.9202123026482862,0.03006360286271994,-0.8619947237067347,-2.9
2019-11-28,6520,6420,7260.0,7230.0,0.8879668049792531,0.9205287713320227,0.029913694783596817,-1.088530406836437,-3.67
2019-11-27,6490,6480,7340.0,7270.0,0.8913342503438789,0.9210542046213124,0.02968233117367595,-1.0012675252336944,-3.33
2019-11-26,6590,6500,7300.0,7370.0,0.8819538670284939,0.9213817011231968,0.029487475557038952,-1.3371044265364773,-4.47
2019-11-25,6500,6550,7180.0,7210.0,0.9084604715672677,0.9219376483213519,0.02912976735551664,-0.4626599515746524,-1.48
2019-11-22,6270,6400,7100.0,7180.0,0.8913649025069638,0.9220648895679536,0.029091437321361786,-1.055292893295682,-3.44
2019-11-21,6400,6320,7200.0,7120.0,0.8876404494382022,0.9223261429226552,0.028901929374007738,-1.2001168861635516,-3.91
2019-11-20,6550,6480,7290.0,7230.0,0.8962655601659751,0.9223327448397504,0.028894061028306092,-0.9021641038356804,-2.91
2019-11-19,6620,6560,7350.0,7330.0,0.8949522510231923,0.9224073540657381,0.028833816630333204,-0.9521841452533565,-3.07
2019-11-18,6590,6590,7300.0,7420.0,0.8881401617250674,0.9224247707641136,0.0288176174281783,-1.1897100488787171,-3.86
2019-11-15,6490,6570,7210.0,7270.0,0.9037138927097662,0.9224693794035501,0.02876705667224009,-0.6519779519843181,-2.08
2019-11-14,6590,6500,7360.0,7220.0,0.9002770083102493,0.9228485091916527,0.02870468145638785,-0.7863351807508208,-2.51
2019-11-13,6570,6590,7070.0,7360.0,0.8953804347826086,0.9228836506989723,0.028678628434350435,-0.9590143398706286,-3.07
2019-11-12,6570,6610,7000.0,7010.0,0.9429386590584878,0.9229474634265519,0.028622630053451566,0.6984402060398798,2.12
2019-11-11,6620,6540,7560.0,7580.0,0.862796833773087,0.9225210666939,0.028559776592715597,-2.0912009842558126,-6.92
2019-11-08,6630,6640,7550.0,7530.0,0.8818061088977424,0.9234013681695181,0.027710197566876076,-1.5010812958438617,-4.72
2019-11-07,6540,6530,7430.0,7490.0,0.8718291054739653,0.9242755323315831,0.027416800322915307,-1.9129302558979655,-6.02
2019-11-06,6680,6640,7550.0,7560.0,0.8783068783068783,0.9251657641416379,0.026775883233214826,-1.7500407148710715,-5.34
2019-11-05,6640,6630,7540.0,7520.0,0.8816489361702128,0.9260816253166276,0.02632844050902459,-1.6876308770048372,-5.04
2019-11-01,6230,6440,7300.0,7390.0,0.871447902571042,0.9272072585486438,0.026209133321393373,-2.1274780548385364,-6.4
2019-10-31,6320,6400,7450.0,7380.0,0.8672086720867209,0.9284558996615417,0.02574967113161828,-2.3785634877338193,-7.06
2019-10-30,6700,6420,7460.0,7420.0,0.8652291105121294,0.9297569671323104,0.025078625922091455,-2.573022015665508,-7.46
2019-10-29,6660,6770,7480.0,7520.0,0.9002659574468085,0.9309742021805545,0.02411408855515277,-1.2734565796883157,-3.41
2019-10-28,6510,6610,7390.0,7440.0,0.8884408602150538,0.9317761638265305,0.024079620875378346,-1.7996671889376603,-4.88
2019-10-25,6380,6460,7320.0,7430.0,0.8694481830417228,0.9328748254273224,0.023956809357567187,-2.6475413081485804,-7.3
2019-10-24,6380,6380,7030.0,7190.0,0.8873435326842837,0.9341787347109041,0.023115726594567503,-2.026118531685146,-5.28
2019-10-23,6230,6320,6940.0,6980.0,0.9054441260744985,0.9354257484780122,0.023078165858366112,-1.2991336741192956,-3.31
2019-10-21,6320,6310,6940.0,6900.0,0.9144927536231884,0.936617527946444,0.023795877997386528,-0.9297733971272502,-2.42
2019-10-18,6230,6320,6820.0,6850.0,0.9226277372262773,0.9378268287170507,0.02491888871056907,-0.6099425888252729,-1.65
2019-10-17,6180,6190,6730.0,6730.0,0.9197622585438335,0.9390023437794532,0.026219712652667877,-0.7338022918287784,-2.09
2019-10-16,6100,6140,6750.0,6730.0,0.912332838038633,0.9400485815121432,0.026985464909569823,-1.0270619226456774,-3.04
2019-10-15,6000,6020,6680.0,6670.0,0.9025487256371814,0.9415159844676481,0.028393961941133413,-1.3723783567525352,-4.32
2019-10-11,5980,5930,6460.0,6540.0,0.9067278287461774,0.9428644446758498,0.028908182299359646,-1.2500480160066276,-3.99
2019-10-10,5880,5910,6310.0,6370.0,0.9277864992150706,0.9441080736259009,0.029330040570018732,-0.5564797761484938,-1.76
2019-10-09,5870,5880,6220.0,6330.0,0.9289099526066351,0.9451441803762933,0.03009767043573658,-0.5393848605100827,-1.75
2019-10-08,5900,5950,6350.0,6350.0,0.937007874015748,0.9462369752111035,0.030963837713107675,-0.2980606370846786,-0.98
2019-10-07,5830,5810,6460.0,6380.0,0.9106583072100314,0.9475279980437757,0.03253103198207481,-1.133369849873199,-4.05
2019-10-04,5770,5830,6330.0,6380.0,0.9137931034482759,0.9492169285383428,0.033835060682898606,-1.0469561565755172,-3.88
2019-10-03,5760,5850,6260.0,6400.0,0.9140625,0.9507805933078999,0.03485631754327804,-1.0534128644630987,-4.02
2019-10-02,5970,5940,6450.0,6360.0,0.9339622641509434,0.9523366830514894,0.03577533098860765,-0.5136058393533021,-1.97
2019-10-01,5940,6040,6260.0,6390.0,0.945226917057903,0.9538890208214665,0.03743193005013562,-0.23140948788806026,-0.92
2019-09-30,5830,5910,6150.0,6240.0,0.9471153846153846,0.9550226052165861,0.03842657857461709,-0.20577477606670627,-0.83
2019-09-27,5880,5900,6250.0,6210.0,0.9500805152979066,0.9563292371811127,0.03977785227093754,-0.1570904794116189,-0.66
2019-09-26,5900,5850,6310.0,6220.0,0.9405144694533762,0.9574511040747324,0.040760181268857595,-0.4155191192512301,-1.8
2019-09-25,5860,5830,6160.0,6170.0,0.9448946515397083,0.9588408722381816,0.041919495422139706,-0.33269056695533644,-1.48
2019-09-24,5810,5880,6150.0,6210.0,0.9468599033816425,0.9602369858790278,0.043157142428567045,-0.3099621926898162,-1.41
2019-09-20,5870,5820,6280.0,6210.0,0.9371980676328503,0.9616212839833871,0.0443543460621599,-0.5506386300072861,-2.61
2019-09-19,5880,5830,6340.0,6270.0,0.9298245614035088,0.9629653097482823,0.045114644402060346,-0.7345895946651866,-3.56
2019-09-18,5890,5830,6350.0,6300.0,0.9253968253968254,0.9644343155962357,0.04580014867545797,-0.8523441807150405,-4.22
2019-09-17,5860,5870,6450.0,6380.0,0.9200626959247649,0.9656657109814771,0.045975223850927505,-0.9919041439488777,-4.96
2019-09-13,5990,5930,6340.0,6400.0,0.9265625,0.9670157794285783,0.04610277107483804,-0.8774587402330124,-4.37
2019-09-12,5860,5890,6190.0,6270.0,0.9393939393939394,0.9683395451674782,0.0463469361904478,-0.6245419471655286,-3.08
2019-09-11,5780,5830,6060.0,6140.0,0.9495114006514658,0.9696191387456965,0.046852170615580065,-0.42917409866052525,-2.12
2019-09-10,5740,5810,5880.0,5980.0,0.9715719063545151,0.9707327605107842,0.047350949473634336,0.017721837746847127,0.09
2019-09-09,5620,5700,5750.0,5880.0,0.9693877551020408,0.9711380484785508,0.04748628985724631,-0.036858920369895194,-0.18
2019-09-06,5560,5660,5800.0,5750.0,0.9843478260869565,0.9716251072073677,0.04765288524597244,0.26698737786636045,1.29
2019-09-05,5320,5500,5490.0,5650.0,0.9734513274336283,0.9719110229367616,0.04779248958447117,0.03222900732434716,0.16
2019-09-04,5170,5230,5400.0,5420.0,0.9649446494464945,0.9721636110678115,0.04784998894965494,-0.15086652640426626,-0.75
2019-09-03,5250,5230,5440.0,5460.0,0.9578754578754579,0.9725054664637666,0.0478887646404065,-0.30549981186953556,-1.53
2019-09-02,5220,5270,5390.0,5410.0,0.9741219963031423,0.9731924403086352,0.048043271734812015,0.01934830749325542,0.1
2019-08-30,5230,5260,5420.0,5460.0,0.9633699633699634,0.9735622635053863,0.0481556271093127,-0.21165335698539525,-1.06
2019-08-29,5070,5080,5290.0,5260.0,0.9657794676806084,0.9739787215477437,0.04820072044944351,-0.170106458797338,-0.85
2019-08-28,5020,5050,5370.0,5320.0,0.9492481203007519,0.9738299924033345,0.048242981814888536,-0.5095429672424645,-2.59
2019-08-27,5000,5000,5300.0,5350.0,0.9345794392523364,0.9737748373630751,0.048273409207234205,-0.8119459295380552,-4.19
2019-08-26,4970,4965,5310.0,5260.0,0.9439163498098859,0.9736061369770308,0.04843193802412405,-0.6130208366296706,-3.15
2019-08-23,5090,5160,5420.0,5460.0,0.945054945054945,0.9732041124566247,0.04880045922506073,-0.576821772759551,-2.98
2019-08-22,5150,5130,5460.0,5420.0,0.9464944649446494,0.9727801392666939,0.04917982865808801,-0.5344808031925027,-2.78
2019-08-21,5070,5130,5450.0,5410.0,0.9482439926062847,0.9722337038810802,0.04969384441432981,-0.48275015864696974,-2.53
2019-08-20,5150,5150,5480.0,5500.0,0.9363636363636364,0.9714312466662303,0.05055324903018662,-0.6936766869653445,-3.75
2019-08-19,5200,5130,5550.0,5450.0,0.9412844036697248,0.9709132112609329,0.051105989916490104,-0.5797521511592508,-3.15
2019-08-16,5050,5100,5440.0,5490.0,0.9289617486338798,0.9707378799663354,0.051229744859613506,-0.815466316432691,-4.5
2019-08-15,4965,5040,5370.0,5450.0,0.9247706422018349,0.970651622000761,0.05130540321338441,-0.8942718880524623,-4.96
2019-08-14,5180,5110,5650.0,5560.0,0.9190647482014388,0.9705301821127688,0.0514245008416878,-1.0007959838009546,-5.6
2019-08-13,5070,5050,5510.0,5510.0,0.9165154264972777,0.970175838194678,0.051867558503585195,-1.0345659839317711,-5.85
2019-08-09,5140,5060,5550.0,5540.0,0.9133574007220217,0.9698296954765634,0.05230925578193106,-1.0795851309750175,-6.18
2019-08-08,4965,5040,5470.0,5490.0,0.9180327868852459,0.9696875249439822,0.05247676966970134,-0.9843353236843838,-5.63
2019-08-07,4925,4980,5390.0,5370.0,0.9273743016759777,0.96903606021659,0.05340898707333322,-0.7800514636873488,-4.49
2019-08-06,4795,4955,5140.0,5410.0,0.9158964879852126,0.9684596874137558,0.05408445732613255,-0.9718725494754229,-5.74
2019-08-05,5080,4960,5430.0,5370.0,0.9236499068901304,0.9681697984849588,0.054422625232086304,-0.8180401332161482,-4.82
2019-08-02,5120,5150,5550.0,5610.0,0.9180035650623886,0.9679602864989105,0.054623486607095456,-0.9145648610067434,-5.44
2019-08-01,5180,5320,5800.0,5840.0,0.910958904109589,0.9677496816566485,0.05484569052861754,-1.035464719282312,-6.23
2019-07-31,5260,5240,5900.0,5900.0,0.888135593220339,0.9677820406254761,0.05481288054072802,-1.4530607882568198,-8.97
2019-07-30,5320,5330,5850.0,5910.0,0.9018612521150592,0.9678855534309084,0.05466951546712871,-1.207698673597132,-7.32
2019-07-29,5340,5270,5940.0,5880.0,0.8962585034013606,0.9674121960294358,0.055388113163436135,-1.2846383197441467,-7.94
2019-07-26,5400,5340,6050.0,5990.0,0.8914858096828047,0.9671131729934302,0.05583021547172752,-1.3545955836212626,-8.48
2019-07-25,5590,5770,6260.0,6190.0,0.9321486268174475,0.966670101553838,0.05655578413683076,-0.6103968897835363,-3.7
2019-07-24,5460,5580,6100.0,6180.0,0.9029126213592233,0.9656276965825153,0.05788727350886904,-1.0834000536177142,-6.95
2019-07-23,5390,5410,6000.0,6010.0,0.9001663893510815,0.9649381949643925,0.0589287811651328,-1.0991540013665748,-7.2
2019-07-22,5330,5320,5770.0,5840.0,0.910958904109589,0.9641663287432344,0.06013883204361194,-0.8847432320444799,-5.84
2019-07-19,5230,5350,5590.0,5760.0,0.9288194444444444,0.9632853365344244,0.06138293468711585,-0.561489806013043,-3.71
2019-07-18,5300,5220,5540.0,5510.0,0.9473684210526315,0.9620838729740899,0.06290869402926644,-0.23391761899575383,-1.55
2019-07-17,5300,5350,5660.0,5700.0,0.9385964912280702,0.9609185213743326,0.06397105921681852,-0.3489395113907039,-2.38
2019-07-16,5370,5360,5700.0,5660.0,0.9469964664310954,0.9598485333069187,0.0649983518212721,-0.19772911951926117,-1.36
2019-07-12,5490,5410,5740.0,5600.0,0.9660714285714286,0.9584477202061169,0.06637771425859644,0.114853433120806,0.79
2019-07-11,5500,5530,5680.0,5730.0,0.9650959860383944,0.9571073840716632,0.0672198286009464,0.1188429386536514,0.83
2019-07-10,5480,5480,5690.0,5680.0,0.9647887323943662,0.955948405442251,0.06781878240958089,0.13035219209223578,0.92
2019-07-09,5610,5500,5760.0,5750.0,0.9565217391304348,0.9546758454592372,0.06853264779835411,0.02693451559946756,0.19
2019-07-08,5580,5580,5760.0,5810.0,0.9604130808950087,0.9537792003561834,0.06894133413151103,0.09622500960266664,0.69
2019-07-05,5620,5660,5770.0,5830.0,0.9708404802744426,0.9533697090139629,0.06899190584650393,0.2532292889451321,1.8
2019-07-04,5690,5610,5770.0,5800.0,0.9672413793103448,0.9528325766843776,0.06901061269486898,0.20879111289267732,1.49
2019-07-03,5670,5640,5720.0,5750.0,0.9808695652173913,0.9531076020832898,0.06910851989215797,0.4017154929294293,2.83
2019-07-02,5790,5770,5740.0,5800.0,0.9948275862068966,0.9531701354375514,0.06913572875254413,0.6025459125259063,4.19
2019-07-01,5800,5810,5710.0,5780.0,1.005190311418685,0.9513912748678363,0.06975460501994502,0.7712614319221793,5.35
2019-06-28,5560,5620,5540.0,5560.0,1.0107913669064748,0.9494306521516642,0.07027947610328054,0.8730957906492747,6.07
2019-06-27,5510,5640,5450.0,5650.0,0.9982300884955753,0.9474571503356214,0.07060610663585253,0.7191012304617329,5.09
2019-06-26,5400,5480,5320.0,5360.0,1.0223880597014925,0.9457566112246458,0.07089806218693098,1.0808680253460095,7.5
2019-06-25,5460,5450,5560.0,5430.0,1.003683241252302,0.9437061128632106,0.07087599116786973,0.8462263088079521,5.98
2019-06-24,5460,5480,5440.0,5480.0,1.0,0.9416873060101496,0.07129400150452911,0.8179186573802559,5.83
2019-06-21,5610,5490,5480.0,5460.0,1.0054945054945055,0.939713310738282,0.07170055319692076,0.9174433365327018,6.54
2019-06-20,5480,5580,5430.0,5520.0,1.0108695652173914,0.9375474263082466,0.07213292240494046,1.0164864595049712,7.25
2019-06-19,5500,5500,5260.0,5320.0,1.0338345864661653,0.9354174155821122,0.07229480334929395,1.3613311929012153,9.52
2019-06-18,5270,5280,5190.0,5090.0,1.037328094302554,0.9327967962371396,0.07224206872115953,1.4469588138302776,10.08
2019-06-17,5370,5310,5160.0,5150.0,1.0310679611650486,0.9302442937925577,0.07188472432588386,1.402574306544108,9.78
2019-06-14,5390,5360,5250.0,5200.0,1.0307692307692307,0.927775259789809,0.07155873814187373,1.4392927216690687,9.99
2019-06-13,5410,5420,5190.0,5160.0,1.050387596899225,0.9253330399092329,0.07112632118549649,1.75820364255662,11.91
2019-06-12,5490,5450,5340.0,5290.0,1.0302457466918715,0.9224239171483166,0.07041034793841473,1.5313349912410967,10.47
2019-06-11,5480,5560,5280.0,5320.0,1.0451127819548873,0.9195453930010058,0.07035650865871694,1.7847302452567642,12.01
2019-06-10,5470,5440,5340.0,5260.0,1.0342205323193916,0.9162014143252194,0.07026899230099048,1.6795333778040908,11.41
2019-06-07,5300,5370,5110.0,5140.0,1.0447470817120623,0.9129409943525593,0.07039028726699262,1.8725038990046785,12.62
2019-06-06,5440,5290,5130.0,5040.0,1.0496031746031746,0.9093015773729437,0.07053760881427776,1.9890325117149708,13.37
2019-06-05,5370,5390,5200.0,5130.0,1.050682261208577,0.9068462623176285,0.06879461707758248,2.09080310351519,13.69
2019-06-04,5060,5190,4870.0,5000.0,1.038,0.9043969139291871,0.06687330672064505,1.9978537419859208,12.87
2019-06-03,5030,5070,4970.0,4875.0,1.04,0.902048298361748,0.06521240842304105,2.1154210521307855,13.26
2019-05-31,5230,5160,5130.0,5070.0,1.017751479289941,0.9000970545806534,0.06321429808365085,1.8611995747164134,11.56
2019-05-30,5110,5270,4990.0,5160.0,1.0213178294573644,0.8982494636052384,0.06175677140288177,1.9927914470992443,12.05
2019-05-29,5130,5160,5040.0,5030.0,1.025844930417495,0.8961537656203603,0.06019198339242162,2.15462520900189,12.64
2019-05-28,5150,5270,5060.0,5090.0,1.0353634577603144,0.8942893708904004,0.05828126136973057,2.420573672470022,13.63
2019-05-27,5150,5160,5070.0,4995.0,1.033033033033033,0.8916164822603505,0.05631372363632536,2.51122713329973,13.69
2019-05-24,5010,5090,5000.0,5080.0,1.0019685039370079,0.8887367059322983,0.054501648277273475,2.077584836125514,11.3
2019-05-23,5220,5100,5130.0,5070.0,1.0059171597633136,0.8863938568965358,0.053348301998444744,2.240433123255962,11.88
2019-05-22,5300,5210,5320.0,5180.0,1.005791505791506,0.8840927392108027,0.05184406915564439,2.3473999738589884,12.1
2019-05-21,5190,5220,5260.0,5260.0,0.9923954372623575,0.8817891509743786,0.050197631427302866,2.2034164390437607,11.15
2019-05-20,5390,5260,5410.0,5310.0,0.9905838041431262,0.8797073092767673,0.04878517646249122,2.2727496937846876,11.19
2019-05-17,5490,5370,5480.0,5320.0,1.0093984962406015,0.8778767707305077,0.04713841881473841,2.790117462933905,13.03
2019-05-16,5540,5390,5580.0,5380.0,1.0018587360594795,0.8757276479234902,0.044704628201822416,2.821432437969531,12.59
2019-05-15,5530,5530,5710.0,5560.0,0.9946043165467626,0.8736818674007025,0.04233363749926088,2.8564152831934493,12.16
2019-05-14,5380,5470,5560.0,5730.0,0.9546247818499127,0.871711649108933,0.040036231968144556,2.070952451443255,8.69
2019-05-13,5510,5510,5940.0,5830.0,0.9451114922813036,0.8706015759456782,0.03885882142819568,1.9174517805000015,7.88
2019-05-10,5510,5550,6000.0,6020.0,0.9219269102990033,0.8696754638159226,0.03788756419020043,1.379118652779358,5.67
2019-05-09,5550,5510,6070.0,6030.0,0.9137645107794361,0.8689386605674914,0.03739842907461676,1.1986024900272925,4.91
2019-05-08,5570,5580,6150.0,6110.0,0.9132569558101473,0.868274901620719,0.03703698149845012,1.214517284334057,4.93
2019-05-07,5800,5750,6630.0,6350.0,0.905511811023622,0.8674438077884444,0.03671624215265098,1.0368164333622847,4.2
2019-04-26,6030,5950,6900.0,6700.0,0.8880597014925373,0.8670315310787583,0.036459172644092416,0.5767593965735884,2.37
2019-04-25,5970,6130,6610.0,6830.0,0.8975109809663251,0.8668017863685098,0.03638014517307273,0.8441196276628694,3.42
2019-04-24,6110,6070,6610.0,6540.0,0.9281345565749235,0.8666213452963251,0.03626074912870448,1.696413139735819,6.63
2019-04-23,6080,6070,6650.0,6580.0,0.9224924012158054,0.866167056059261,0.03569627953078742,1.5779052018002264,6.11
2019-04-22,6060,6080,6730.0,6640.0,0.9156626506024096,0.8657454053348097,0.03521195163340856,1.4176222263192924,5.45
2019-04-19,5970,6060,6810.0,6790.0,0.8924889543446245,0.8656754277761991,0.03511776945458213,0.7635315962508203,3.0
2019-04-18,5960,5940,6660.0,6670.0,0.8905547226386806,0.8656137253406213,0.03507464246111349,0.7110834365798845,2.8
2019-04-17,6020,6030,6600.0,6680.0,0.9026946107784432,0.8654374816867473,0.03498196297914235,1.0650382631160542,4.13
2019-04-16,5770,5780,6510.0,6650.0,0.869172932330827,0.8651800647274865,0.03477729141895122,0.11481249517795002,0.46
2019-04-15,5760,5800,6510.0,6560.0,0.8841463414634146,0.8656041499677908,0.03501650188711087,0.5295272370553098,2.1
2019-04-12,5670,5660,6300.0,6330.0,0.8941548183254344,0.8656337138997937,0.035033076406686715,0.8141193223954755,3.19
2019-04-11,5710,5720,6270.0,6300.0,0.9079365079365079,0.8654811969805576,0.03493333486721053,1.2153237335436922,4.68
2019-04-10,5670,5720,6270.0,6340.0,0.9022082018927445,0.865386283486871,0.034827365037322505,1.0572697178329056,4.08
2019-04-09,5700,5800,6380.0,6350.0,0.9133858267716536,0.865569955549066,0.0350566412021172,1.3639604246997796,5.24
2019-04-08,5670,5680,6520.0,6340.0,0.8958990536277602,0.8656048111921105,0.03510543123258048,0.8629503006228385,3.38
2019-04-05,5570,5640,6250.0,6510.0,0.8663594470046083,0.8655444312554156,0.03505713561693758,0.023248212806039104,0.09
2019-04-04,5600,5610,6430.0,6420.0,0.8738317757009346,0.8659736482905233,0.03526095875653398,0.2228563172280511,0.9
2019-04-03,5420,5510,6320.0,6420.0,0.8582554517133957,0.8664946890953852,0.035659694376084426,-0.23105182268514457,-0.96
2019-04-02,5370,5380,6340.0,6300.0,0.8539682539682539,0.8667861758600643,0.03568049777139744,-0.3592416780150877,-1.5
2019-04-01,5260,5320,6240.0,6250.0,0.8512,0.8674840876348991,0.03593397203961475,-0.45316692563090705,-1.91
2019-03-29,5190,5180,6130.0,6150.0,0.8422764227642277,0.8682871352539467,0.0362328314701263,-0.717876893258114,-3.09
2019-03-28,5160,5120,6030.0,6060.0,0.8448844884488449,0.869182476111237,0.0364082707315012,-0.6673754939250377,-2.88
2019-03-27,5180,5200,6150.0,6200.0,0.8387096774193549,0.8699819815554978,0.03652411386353889,-0.8562097975321795,-3.73
2019-03-26,5100,5220,5910.0,6070.0,0.8599670510708401,0.8713054515207334,0.03715980848172044,-0.3051253737077456,-1.32
2019-03-25,5100,5090,6010.0,5930.0,0.8583473861720068,0.872271994654673,0.03778974036417063,-0.3684758971212316,-1.62
2019-03-22,5200,5220,6030.0,6200.0,0.8419354838709677,0.8730434463258478,0.03808701012436586,-0.8167604218158109,-3.69
2019-03-20,5150,5150,5900.0,5950.0,0.865546218487395,0.8741784844039855,0.03841012812849325,-0.22473931583130918,-1.0
2019-03-19,5150,5190,5910.0,5910.0,0.8781725888324873,0.8749055744602808,0.038754430839867585,0.08430040904756601,0.37
2019-03-18,5170,5190,5870.0,5970.0,0.8693467336683417,0.8755194412548504,0.039163791104439655,-0.15761261646115074,-0.71
2019-03-15,5310,5140,5720.0,5780.0,0.889273356401384,0.876163445590253,0.03945304690382853,0.3322914664382692,1.47
2019-03-14,5230,5290,5920.0,5690.0,0.929701230228471,0.8768411544761363,0.04010361239105243,1.3180876385122935,5.69
2019-03-13,5500,5360,5780.0,5760.0,0.9305555555555556,0.8769995935186345,0.040334941963796625,1.3277808130972688,5.76
2019-03-12,5760,5700,5700.0,5770.0,0.9878682842287695,0.8772400355735928,0.04070552629079162,2.7177697658266857,11.2
2019-03-11,5460,5460,5520.0,5540.0,0.9855595667870036,0.8761733848740869,0.03879599860650573,2.81952226626211,11.1
2019-03-08,4765,4755,5630.0,5520.0,0.8614130434782609,0.8751032977209673,0.03682065200425515,-0.3718091206294859,-1.59
2019-03-07,4955,4900,5830.0,5710.0,0.8581436077057794,0.8757647924088263,0.037013901706485254,-0.4760693655800014,-2.05
2019-03-06,5030,5030,5790.0,5830.0,0.8627787307032591,0.8763526727977027,0.03707944538051043,-0.3660772688250163,-1.57
2019-03-05,5060,5050,5820.0,5800.0,0.8706896551724138,0.876565005771042,0.03704668933025628,-0.1585931349020644,-0.67
2019-03-04,4945,5090,5770.0,5860.0,0.8686006825938567,0.8769260705917916,0.03711955876711075,-0.22428574784976996,-0.96
2019-03-01,4870,4875,5710.0,5720.0,0.8522727272727273,0.8769623752160305,0.03711272930955115,-0.6652609065038282,-2.9
2019-02-28,4875,4805,5810.0,5640.0,0.8519503546099291,0.8770082972310994,0.03708427070285792,-0.6757027210255812,-2.94
2019-02-27,4920,4915,5860.0,5830.0,0.8430531732418525,0.8771277470484216,0.03701773428211436,-0.9204932302686254,-4.04
2019-02-26,4940,4945,5850.0,5810.0,0.851118760757315,0.8772883499382917,0.036895479461063155,-0.7092898523949063,-3.07
2019-02-25,4870,4940,5890.0,5900.0,0.8372881355932204,0.8773068283044464,0.03688271315211078,-1.0850257286165996,-4.78
2019-02-22,4940,4940,5790.0,5840.0,0.8458904109589042,0.877664999075153,0.03662186046218754,-0.8676399209443905,-3.76
2019-02-21,4935,4940,5840.0,5840.0,0.8458904109589042,0.878141884325484,0.036437398987890626,-0.8851200761420458,-3.81
2019-02-20,4995,4950,5950.0,5840.0,0.8476027397260274,0.8785709957859228,0.0362440505889308,-0.8544369505254286,-3.65
2019-02-19,4885,4910,5960.0,5900.0,0.8322033898305085,0.878917450520374,0.036070144033222694,-1.2950893860262698,-5.61
2019-02-18,4880,4935,6130.0,6060.0,0.8143564356435643,0.8795067985810608,0.03566084845512915,-1.8269437144624603,-8.0
2019-02-15,4765,4750,6040.0,5980.0,0.794314381270903,0.8801662225001066,0.034899152571365014,-2.4599978768437354,-10.81
2019-02-14,4845,4825,6300.0,6110.0,0.7896890343698855,0.8811447544852363,0.033478204007197344,-2.7317988771347816,-11.58
2019-02-13,4820,4870,6200.0,6310.0,0.7717908082408875,0.8821719630754905,0.03179596821911223,-3.4715456398102074,-14.3
2019-02-12,4645,4760,5300.0,5500.0,0.8654545454545455,0.8834344492686421,0.0291585443698694,-0.6166255621688694,-2.08
2019-02-08,4715,4595,5460.0,5300.0,0.8669811320754717,0.8833218466065068,0.029243942149493638,-0.5587726322088241,-1.88
2019-02-07,4745,4835,5500.0,5610.0,0.8618538324420677,0.8832234508358388,0.02931109541949509,-0.7290624279963932,-2.48
2019-02-06,4755,4790,5410.0,5360.0,0.8936567164179104,0.8833202647711372,0.02925228466979496,0.35335536227179987,1.16
2019-02-05,4720,4730,5390.0,5380.0,0.879182156133829,0.8826696393933533,0.029556235098054846,-0.11799484095164145,-0.4
2019-02-04,4615,4675,5290.0,5410.0,0.8641404805914972,0.8821160418137335,0.030001852584236807,-0.5991483749800439,-2.08
2019-02-01,4455,4625,5270.0,5220.0,0.8860153256704981,0.8819569326547272,0.030128137595199018,0.13470441055133947,0.46
2019-01-31,4475,4450,5300.0,5330.0,0.8348968105065666,0.8815754937445526,0.03025516971460734,-1.5428332968646106,-5.59
2019-01-30,4335,4265,5250.0,5220.0,0.8170498084291188,0.8818634022065369,0.029910380699121327,-2.1669264069020073,-7.93
2019-01-29,4335,4280,5250.0,5180.0,0.8262548262548263,0.8822417133388234,0.029260592861653834,-1.9133886776904048,-6.78
2019-01-28,4395,4425,5360.0,5310.0,0.8333333333333334,0.8819638985782501,0.029883133351853972,-1.627358305179187,-5.84
2019-01-25,4330,4465,5200.0,5360.0,0.8330223880597015,0.8815892850121473,0.0306565133671444,-1.5842276768661014,-5.83
2019-01-24,4260,4290,5000.0,5130.0,0.8362573099415205,0.8814409255025059,0.030917006875289706,-1.4614485724068653,-5.4
2019-01-23,4205,4275,4990.0,5010.0,0.8532934131736527,0.8809726462184371,0.03184973379046504,-0.8690569669084893,-3.24
2019-01-22,4330,4275,5110.0,5040.0,0.8482142857142857,0.8802266299453354,0.03311929709067592,-0.9665768009328358,-3.77
2019-01-21,4320,4310,5100.0,5080.0,0.8484251968503937,0.8797448466279815,0.03383652447845992,-0.925616630559252,-3.69
2019-01-18,4185,4285,4875.0,5060.0,0.8468379446640316,0.8790258224283364,0.035045787909338696,-0.9184521074992757,-3.8
2019-01-17,4255,4200,4880.0,4820.0,0.8713692946058091,0.8784939390089064,0.035824324768001785,-0.19887728377956626,-0.82
2019-01-16,4150,4190,4940.0,4785.0,0.8756530825496343,0.87772535495011,0.036579330352142225,-0.05665145809194219,-0.24
2019-01-15,4000,4160,4660.0,4800.0,0.8666666666666667,0.8767039889549333,0.03767593999952691,-0.2664119936594184,-1.16
2019-01-11,3955,3970,4600.0,4595.0,0.8639825897714908,0.8754580309225977,0.039488822019169825,-0.29059973340142015,-1.33
2019-01-10,3985,3910,4550.0,4595.0,0.8509249183895539,0.874135596392311,0.041462413727963665,-0.5598004533706884,-2.73
2019-01-09,4025,4010,4630.0,4585.0,0.8745910577971646,0.8731760102047569,0.04279972736336926,0.03306207024156945,0.16
2019-01-08,3995,4045,4570.0,4645.0,0.8708288482238966,0.8715762143029165,0.0449074688703185,-0.016642355889131374,-0.09
2019-01-07,3970,4000,4505.0,4525.0,0.8839779005524862,0.8698283266495317,0.04738535234266031,0.2986064934293169,1.6
2019-01-04,3860,3840,4300.0,4295.0,0.8940628637951106,0.8679888760859019,0.04943380961531327,0.5274525251465069,2.92
2018-12-28,4000,4000,4400.0,4490.0,0.89086859688196,0.8659203585770727,0.05150204966329704,0.4844125324718214,2.8
2018-12-27,4020,4065,4525.0,4465.0,0.910414333706607,0.8637599789572047,0.053759106725218254,0.8678409592605235,5.12
2018-12-26,3825,3840,4255.0,4325.0,0.8878612716763006,0.8610522588990007,0.0563909304514896,0.47541355609236413,3.02
2018-12-25,3860,3755,4380.0,4280.0,0.8773364485981309,0.8585008626128947,0.05937043294910641,0.3172553247402191,2.15
2018-12-21,3965,4015,4560.0,4545.0,0.8833883388338833,0.8563045095739128,0.06163669888338861,0.43941076908110943,3.07
2018-12-20,4220,4140,4760.0,4595.0,0.9009793253536452,0.8539817807023862,0.06381615000358745,0.7364522091761578,5.22
2018-12-19,4320,4290,4835.0,4840.0,0.8863636363636364,0.8516101958992213,0.06531301820720727,0.5321058713617993,3.92
2018-12-18,4235,4290,4800.0,4860.0,0.8827160493827161,0.8490877887289269,0.06753734892279252,0.49792094581965946,3.81
2018-12-17,4470,4405,4955.0,4890.0,0.9008179959100204,0.8465863066718892,0.06968573054717693,0.7782323412885318,6.02
2018-12-14,4520,4470,4995.0,4880.0,0.9159836065573771,0.8438263363893436,0.07155721907420899,1.008385612263694,7.88
2018-12-13,4445,4580,4925.0,5000.0,0.916,0.84076815121271,0.07328833304233971,1.0265187604120773,8.21
2018-12-12,4345,4390,4940.0,4925.0,0.8913705583756345,0.8378881512127101,0.07450926057283153,0.7177954357854118,6.0
2018-12-11,4465,4340,4930.0,4830.0,0.8985507246376812,0.8353077667892844,0.0759495883434911,0.8326965192013008,7.04
2018-12-10,4445,4455,5000.0,4880.0,0.9129098360655737,0.8328842680763537,0.07678820951492084,1.0421595775542873,8.77
2018-12-07,4620,4515,5140.0,5130.0,0.8801169590643275,0.8303847559764318,0.07719260886969406,0.6442612034507964,5.65
2018-12-06,4725,4595,5210.0,5070.0,0.9063116370808678,0.8282498631889075,0.07799761403146906,1.000822587476399,8.61
2018-12-05,4850,4785,5280.0,5250.0,0.9114285714285715,0.8257062749877511,0.07851930978987752,1.0917352262802427,9.41
2018-12-04,5050,4920,5510.0,5410.0,0.9094269870609981,0.8229950705059584,0.07902156200806078,1.0937763612698896,9.5
2018-12-03,5090,5040,5480.0,5570.0,0.9048473967684022,0.820260264635313,0.07953059983233317,1.0635797078283862,9.35
2018-11-30,4970,4990,5360.0,5320.0,0.9379699248120301,0.817498619876125,0.08013920102428566,1.5032755929198374,12.84
2018-11-29,5070,4970,5500.0,5330.0,0.9324577861163227,0.8145371412897913,0.07973550941720571,1.478897491072979,12.65
2018-11-28,4840,4975,5310.0,5430.0,0.916206261510129,0.8114637022845634,0.07957332257078169,1.3163024471222176,11.43
2018-11-27,4775,4830,5200.0,5210.0,0.927063339731286,0.808721303008288,0.07946041535394208,1.4893206409237187,12.77
2018-11-26,4635,4720,5080.0,5130.0,0.9200779727095516,0.8061789876093877,0.07867986556355276,1.4476255682994696,12.38
2018-11-22,4690,4695,5060.0,5080.0,0.9242125984251969,0.8035977260726331,0.07807413482987409,1.5448761951110597,13.05
2018-11-21,4490,4680,4920.0,5100.0,0.9176470588235294,0.800903434926475,0.0773486167802891,1.509317538653185,12.72
2018-11-20,4630,4630,4975.0,4925.0,0.9401015228426396,0.7971560696525383,0.07840286827827177,1.823217138979552,15.21
2018-11-19,4705,4755,4960.0,5050.0,0.9415841584158415,0.7931154605154824,0.07874007231661005,1.8855545027108127,15.77
2018-11-16,4740,4705,5210.0,4960.0,0.9485887096774194,0.7892285231627434,0.07851009361914461,2.0298050756089805,16.8
2018-11-15,4765,4730,5220.0,5210.0,0.9078694817658349,0.7853192952868537,0.07777375434273039,1.575726766885031,13.5
2018-11-14,4745,4780,5180.0,5280.0,0.9053030303030303,0.7820625364025763,0.07768785909803728,1.5863546161689448,13.61
2018-11-13,4690,4710,5160.0,5170.0,0.9110251450676983,0.778738632400923,0.07767690330887883,1.7030353558347158,14.52
2018-11-12,4710,4845,5140.0,5370.0,0.9022346368715084,0.7755920708013413,0.0770316096057611,1.6440337507980058,14.04
2018-11-09,4830,4745,5360.0,5400.0,0.8787037037037037,0.7725631598163525,0.0764564522407961,1.3882483528409921,12.08
2018-11-08,4890,4830,5500.0,5380.0,0.8977695167286245,0.7699549666253809,0.07612697753706625,1.6789652530341252,14.24
2018-11-07,4720,4740,5570.0,5440.0,0.8713235294117647,0.7669815575044467,0.07542859394177008,1.3833211843756317,11.98
2018-11-06,4745,4715,5510.0,5510.0,0.8557168784029038,0.7643594660011788,0.07517354131008708,1.2152867991795182,10.68
2018-11-05,4710,4735,5560.0,5500.0,0.860909090909091,0.7619494707504769,0.075103376482767,1.3176454214587943,11.49
2018-11-02,4570,4780,5360.0,5590.0,0.855098389982111,0.7595925466709722,0.07473361545138786,1.2779502601913146,11.17
2018-11-01,4545,4595,5370.0,5390.0,0.852504638218924,0.7572118996742656,0.0744968147603602,1.2791518516757268,11.18
2018-10-31,4540,4580,5130.0,5300.0,0.8641509433962264,0.755116573714771,0.07399544335062039,1.473528162603289,12.62
2018-10-30,4240,4470,4830.0,5070.0,0.8816568047337278,0.7528548351087574,0.0732164961104808,1.7591933029766036,14.61
2018-10-29,4305,4285,4955.0,4880.0,0.8780737704918032,0.7500176168503904,0.0722873602630783,1.7714874796281528,14.58
2018-10-26,4340,4250,4990.0,4865.0,0.8735868448098664,0.7470019496995292,0.07159669937080855,1.7680269652479048,14.49
2018-10-25,4310,4290,4910.0,4895.0,0.8764044943820225,0.7440373063276184,0.07089374714402984,1.867120774212752,15.1
2018-10-24,4530,4440,5240.0,5140.0,0.8638132295719845,0.7410698617871402,0.06994256651368237,1.7549165537245888,14.21
2018-10-23,4515,4460,5270.0,5140.0,0.867704280155642,0.7382723520595138,0.06916892054815943,1.8712440077189032,14.92
2018-10-22,4530,4585,5210.0,5290.0,0.8667296786389413,0.7353065068368593,0.06831918502194546,1.923664220524094,15.16
2018-10-19,4500,4575,5280.0,5280.0,0.8664772727272727,0.7326853566670883,0.066984796720042,1.9973474969157223,15.44
2018-10-18,4730,4585,5420.0,5350.0,0.8570093457943925,0.7299119727633682,0.06568129879391553,1.93506181157913,14.83
2018-10-17,4730,4745,5500.0,5520.0,0.8596014492753623,0.7273798051420235,0.06438049314499486,2.0537532049584515,15.38
2018-10-16,4510,4615,5340.0,5310.0,0.8691148775894538,0.7250093615759278,0.06272006222993631,2.297598422100169,16.58
2018-10-15,4520,4520,5390.0,5350.0,0.8448598130841122,0.7224906258555127,0.060641050265564066,2.01792658096637,14.48
2018-10-12,4435,4515,5140.0,5390.0,0.8376623376623377,0.720448489744299,0.059043641295141856,1.9852069646606145,13.99
2018-10-11,4420,4440,5120.0,5210.0,0.8522072936660269,0.7184125561789536,0.05758128383854533,2.323580312349863,15.7
2018-10-10,4660,4630,5450.0,5400.0,0.8574074074074074,0.7162196847365249,0.05553969420687562,2.5421047898640388,16.47
2018-10-09,4800,4685,5650.0,5470.0,0.856489945155393,0.7139202390323173,0.05316598506824386,2.6815962488059473,16.65
2018-10-05,4890,4895,6020.0,5790.0,0.8454231433506045,0.7115630044546254,0.050652409078769965,2.6427200863795477,15.83
2018-10-04,4990,4905,6210.0,6090.0,0.8054187192118226,0.7093479349338563,0.04832940056229151,1.9878331442191428,11.93
2018-10-03,4990,4920,6160.0,6110.0,0.8052373158756138,0.7075529130671376,0.04721512788074138,2.068921703552575,12.13
2018-10-02,5010,5030,6210.0,6120.0,0.8218954248366013,0.7057537892595032,0.0460141529369473,2.524041586427675,14.13
2018-10-01,4800,4935,6080.0,6160.0,0.8011363636363636,0.7035101816771018,0.04436946146709557,2.2003012597225577,12.19
2018-09-28,4905,4800,6060.0,6020.0,0.7973421926910299,0.70147782103363,0.04332992193631416,2.212428903017649,12.02
2018-09-27,4930,4840,6170.0,5960.0,0.8120805369127517,0.6993969965070946,0.042413862545551434,2.656762050016967,13.88
2018-09-26,4945,4910,6160.0,6180.0,0.7944983818770227,0.6970117596539348,0.041016998037063185,2.3767371306646687,12.27
2018-09-25,4945,4995,6140.0,6190.0,0.8069466882067852,0.6949059662509344,0.03999954786505713,2.801049710207537,13.88
2018-09-21,4995,4980,6290.0,6120.0,0.8137254901960784,0.6925654338905473,0.038482109435331216,3.1484775154838998,14.89
2018-09-20,5100,5050,6470.0,6320.0,0.7990506329113924,0.6901000401639154,0.03651359420744726,2.9838364344109323,13.64
2018-09-19,4930,4995,6430.0,6460.0,0.7732198142414861,0.6878010100800751,0.03497729393967675,2.4421215748916345,11.05
2018-09-18,4715,4780,6130.0,6250.0,0.7648,0.6860607340907786,0.033914893216840894,2.3216722342537817,10.3
2018-09-14,4625,4775,6060.0,6130.0,0.7789559543230016,0.6843563480477199,0.03311767990358332,2.8564684045106064,12.14
2018-09-13,4500,4505,6020.0,5970.0,0.7546063651591289,0.6824029397384244,0.03177368260017731,2.2724286111016183,9.57
2018-09-12,4700,4505,6260.0,6090.0,0.7397372742200329,0.6807579113480413,0.03118118500889893,1.89150485637923,7.97
2018-09-11,4650,4685,6270.0,6280.0,0.7460191082802548,0.6795144246374423,0.030659572264720714,2.169132793784535,8.91
2018-09-10,4665,4670,6380.0,6320.0,0.7389240506329114,0.6783624605537352,0.0297487298898149,2.035770612845922,8.2
2018-09-07,4690,4650,6510.0,6380.0,0.7288401253918495,0.6771848386738104,0.029068407705795597,1.777024983303099,7.09
2018-09-06,4750,4725,6870.0,6680.0,0.7073353293413174,0.676209660393732,0.028541164611843767,1.0905535695859143,4.4
2018-09-05,4830,4785,6830.0,6870.0,0.6965065502183406,0.6755673758310246,0.028375027472494832,0.7379437573272252,3.01
2018-09-04,4890,4860,6850.0,6820.0,0.7126099706744868,0.6751695107170023,0.028287704079286706,1.323559517327525,5.25
2018-09-03,4980,4865,6960.0,6860.0,0.7091836734693877,0.6746245661804728,0.027952882327649767,1.2363343029827918,4.87
2018-08-31,4940,4975,7000.0,6880.0,0.7231104651162791,0.6739039190026828,0.027748592368144243,1.7732988203785822,6.8
2018-08-30,4980,4950,7220.0,7100.0,0.6971830985915493,0.6728014532266643,0.02741220878696955,0.8894447563260509,3.5
2018-08-29,4980,4970,7100.0,7150.0,0.6951048951048951,0.6720628925091252,0.027491443444603973,0.8381517922913077,3.31
2018-08-28,4940,4940,7170.0,7120.0,0.6938202247191011,0.6713298590881938,0.02760002460888516,0.8148675934030548,3.24
2018-08-27,4725,4875,6950.0,7100.0,0.6866197183098591,0.6705764769165372,0.027746620424053653,0.5782052425892549,2.34
2018-08-24,4880,4865,6950.0,6950.0,0.7,0.670014139931665,0.027842988748124662,1.076962690305817,4.28
2018-08-23,4880,4850,6910.0,6950.0,0.697841726618705,0.6693166820011244,0.027738085557792,1.0283710661339274,4.09
2018-08-22,4895,4910,6780.0,6850.0,0.7167883211678832,0.6698246765834536,0.02859158714279895,1.6425686461500897,6.55
2018-08-21,4860,4875,6700.0,6720.0,0.7254464285714286,0.6703008323012152,0.029647604741953142,1.8600354649284396,7.6
2018-08-20,4855,4860,6810.0,6750.0,0.72,0.6704059910313739,0.02985627014919047,1.6610919153935508,6.89
2018-08-17,4865,4880,6900.0,6820.0,0.7155425219941349,0.6705357207611036,0.0300916916670744,1.4956554031914633,6.29
2018-08-16,4825,4815,6800.0,6800.0,0.7080882352941177,0.6708407941849948,0.03065710080945,1.214969456526087,5.26
2018-08-15,4925,4895,7050.0,6950.0,0.7043165467625899,0.6713368824571919,0.03154402529656011,1.0455122323590849,4.68
2018-08-14,4850,4905,6900.0,7030.0,0.697724039829303,0.6719501775175051,0.032608461230529184,0.7904041263887518,3.69
2018-08-13,5000,4875,7050.0,6810.0,0.7158590308370044,0.672681378353969,0.03377229527683443,1.2784932776734432,6.03
2018-08-10,5130,5040,7240.0,7180.0,0.7019498607242339,0.6733486353813162,0.03508755158105619,0.815138818587718,4.07
2018-08-09,5150,5130,7060.0,7220.0,0.7105263157894737,0.6741813653646601,0.03647033005638933,0.9965621470553758,5.12
2018-08-08,5040,5140,6950.0,6980.0,0.7363896848137536,0.675249510369565,0.03862845358712669,1.5827756165875633,8.3
2018-08-07,4920,5020,6920.0,6910.0,0.7264833574529667,0.675963627286825,0.04021463853144376,1.2562522506982214,6.95
2018-08-06,4985,4925,7120.0,6820.0,0.7221407624633431,0.6765528717438432,0.04126072663423347,1.1048736762109352,6.31
2018-08-03,5010,5010,7900.0,7870.0,0.636594663278272,0.6770583315944156,0.04204092641851451,-0.9624827938692564,-6.36
2018-08-02,5090,5020,7940.0,7880.0,0.6370558375634517,0.678641147652911,0.042716965014925584,-0.9735080681628254,-6.53
2018-08-01,5080,5090,7840.0,7830.0,0.6500638569604087,0.6802344605802797,0.04335991335360962,-0.6958178946028583,-4.64
2018-07-31,5060,5040,7690.0,7690.0,0.6553966189856957,0.6817104024030861,0.04418397775424525,-0.5955503500329863,-4.01
2018-07-30,5110,5070,7830.0,7640.0,0.6636125654450262,0.6832308041711749,0.045202531325313974,-0.4340075245998933,-2.96
2018-07-27,5050,5130,7720.0,7820.0,0.6560102301790282,0.6843784437597904,0.0457788507244381,-0.619679461844123,-4.32
2018-07-26,5150,5110,7610.0,7570.0,0.6750330250990753,0.6852759748511998,0.045873653208578086,-0.22328611382991442,-1.52
2018-07-25,5060,5090,7530.0,7540.0,0.6750663129973474,0.6861637332743095,0.046309027631536055,-0.23963837818535375,-1.64
2018-07-24,5050,5130,7430.0,7510.0,0.6830892143808256,0.6871007372997694,0.04678354036913804,-0.08574645884624207,-0.59
2018-07-23,5020,5000,7470.0,7410.0,0.6747638326585695,0.6882282255667327,0.047683590091787485,-0.2823695296903014,-2.0
2018-07-20,5150,5060,7640.0,7500.0,0.6746666666666666,0.6892477948258663,0.04819951857566737,-0.30251605389603753,-2.16
2018-07-19,5120,5150,7480.0,7630.0,0.6749672346002621,0.690341888822063,0.04878389514110784,-0.3151583976090805,-2.28
2018-07-18,5100,5090,7520.0,7440.0,0.6841397849462365,0.6914717755322473,0.049392275150490814,-0.1484440747803433,-1.07
2018-07-17,5080,5020,7530.0,7420.0,0.6765498652291105,0.692297001680054,0.04977840505961872,-0.3163447368810518,-2.33
2018-07-13,5110,5090,7400.0,7320.0,0.6953551912568307,0.6936016431052205,0.05062366523245292,0.03463890146156334,0.25
2018-07-12,5020,5070,7460.0,7300.0,0.6945205479452055,0.6946131433841578,0.05140053247500356,-0.0018014490219022026,-0.01
2018-07-11,5080,5070,7790.0,7580.0,0.6688654353562006,0.6958180849471932,0.052433109989132226,-0.5140387361455213,-4.03
2018-07-10,5050,5150,7800.0,7900.0,0.6518987341772152,0.697377321104774,0.05333938524955686,-0.8526267544100844,-6.98
2018-07-09,4980,4995,7580.0,7670.0,0.651238591916558,0.6994997796280871,0.05463876484192349,-0.8832774286013696,-7.41
2018-07-06,4875,4930,7500.0,7540.0,0.6538461538461539,0.7012757820760023,0.05520308248504921,-0.8591844167885716,-7.25
2018-07-05,4935,4905,7660.0,7500.0,0.654,0.7031600386167474,0.055958667086126686,-0.8785062471392413,-7.52
2018-07-04,5100,4975,7630.0,7710.0,0.64526588845655,0.7052079711061988,0.056924314445973574,-1.0530136942894484,-9.29
2018-07-03,5130,5140,7730.0,7670.0,0.6701434159061278,0.70713161563205,0.05730264625831698,-0.64548850953901,-5.52
2018-07-02,5190,5090,7710.0,7730.0,0.6584734799482536,0.7088996576438551,0.05817320564659003,-0.8668282439504414,-7.66
2018-06-29,5150,5170,7800.0,7750.0,0.6670967741935484,0.7105320879479314,0.05845241430129056,-0.7430884467919066,-6.51
2018-06-28,5200,5250,7630.0,7700.0,0.6818181818181818,0.7122773639156059,0.05908023905003417,-0.515556175587386,-4.47
2018-06-27,5210,5190,7600.0,7630.0,0.6802096985583224,0.713621965712469,0.05951766376184691,-0.561384050419755,-4.91
2018-06-26,5200,5250,7550.0,7590.0,0.691699604743083,0.714848706652843,0.059764019396165706,-0.3873417842984825,-3.35
2018-06-25,5360,5240,7820.0,7650.0,0.6849673202614379,0.7159151609025269,0.0600543514118896,-0.5153305283214157,-4.52
2018-06-22,5280,5330,7690.0,7750.0,0.687741935483871,0.7172790785856654,0.06049598826636363,-0.48824961701166875,-4.29
2018-06-21,5360,5370,8040.0,7840.0,0.6849489795918368,0.7187200063568752,0.061059700351912084,-0.5530820913041192,-4.93
2018-06-20,5350,5390,7900.0,7930.0,0.6796973518284993,0.7199333448568321,0.061280320793028274,-0.6565891383667555,-5.92
2018-06-19,5430,5380,8060.0,7920.0,0.6792929292929293,0.7214086211653619,0.06162479919454833,-0.6834211619817882,-6.2
2018-06-18,5550,5420,8250.0,8080.0,0.6707920792079208,0.7230314828637904,0.062095187543866594,-0.8412794247374723,-7.79
2018-06-15,5710,5530,8650.0,8250.0,0.6703030303030303,0.7247841058872867,0.062450021818812845,-0.872394820650714,-8.13
2018-06-14,5750,5680,8840.0,8690.0,0.6536248561565017,0.7263959983972924,0.06258303733560472,-1.162793391611081,-11.13
2018-06-13,5830,5780,9000.0,8910.0,0.6487093153759821,0.7286198461377724,0.0629201048223146,-1.2700317487940689,-12.32
2018-06-12,5860,5810,9180.0,9060.0,0.6412803532008831,0.7308826237918169,0.0630570543623107,-1.4209713964134878,-13.97
2018-06-11,5740,5800,9070.0,9160.0,0.6331877729257642,0.733133252674203,0.0628307539005686,-1.5907095418050419,-15.78
2018-06-08,5750,5780,9100.0,9080.0,0.6365638766519823,0.7351026386317957,0.06197619530697435,-1.5899453248419162,-15.48
2018-06-07,5810,5790,9210.0,9170.0,0.6314067611777535,0.7372987720811068,0.06136075618556733,-1.725728584294406,-16.77
2018-06-06,5780,5760,9300.0,9160.0,0.62882096069869,0.7396913027433577,0.06067976312975568,-1.8271386756666486,-17.63
2018-06-05,5830,5790,9140.0,9240.0,0.6266233766233766,0.7421091623048084,0.05982059126967674,-1.9305356772689053,-18.43
2018-06-04,5820,5810,9130.0,9040.0,0.6426991150442478,0.7447039046202211,0.05896957112403181,-1.729786865185515,-15.87
2018-06-01,5710,5720,8990.0,8980.0,0.6369710467706013,0.7482703116292119,0.060754047504204454,-1.8319646086280608,-17.47
2018-05-31,5690,5730,9070.0,9060.0,0.6324503311258278,0.7521497367113096,0.06277894115324917,-1.9066808612347332,-18.93
2018-05-30,5770,5700,8950.0,9030.0,0.6312292358803987,0.7561160923936221,0.06446565709580317,-1.9372618249687206,-19.78
2018-05-29,5860,5870,9030.0,9080.0,0.6464757709251101,0.7603634150388012,0.06655744039213488,-1.7111181476135804,-17.62
2018-05-28,5930,5930,9130.0,8990.0,0.6596218020022246,0.7642891926385876,0.0683824959306511,-1.5306167055164173,-15.87
2018-05-25,5950,5940,9120.0,9130.0,0.6506024096385542,0.7682857205228734,0.07086253494484135,-1.6607267997951614,-18.09
2018-05-24,6090,5980,9310.0,9120.0,0.6557017543859649,0.7724728793420255,0.07302993603324412,-1.59894875031665,-17.81
2018-05-23,6160,6150,9380.0,9330.0,0.6591639871382636,0.7765212131264632,0.07483783169255483,-1.568153744356475,-17.8
2018-05-22,6210,6200,9320.0,9300.0,0.6666666666666666,0.780685284358343,0.07685346809253499,-1.4835845476015843,-17.1
2018-05-21,6080,6180,9270.0,9200.0,0.6717391304347826,0.7852225793134652,0.07997014898003471,-1.419072620547634,-16.89
2018-05-18,6020,6060,9380.0,9250.0,0.6551351351351351,0.7896177059259831,0.08262653740148865,-1.627595383035198,-20.53
2018-05-17,6020,6020,9500.0,9400.0,0.6404255319148936,0.7945176485843417,0.0853576553578935,-1.8052524524409672,-24.06
2018-05-16,6020,6020,9350.0,9380.0,0.6417910447761194,0.7993119748254764,0.08665636338476436,-1.8177652961265611,-24.54
2018-05-15,6080,6030,9480.0,9420.0,0.6401273885350318,0.8041420753350742,0.08782967559483147,-1.8674176545597327,-25.62
2018-05-14,6090,6080,9450.0,9540.0,0.6373165618448637,0.8093553520129741,0.08952728526735733,-1.9216352830798693,-26.99
2018-05-11,6020,6090,9310.0,9450.0,0.6444444444444445,0.814663429099366,0.09096012852615543,-1.8713582248949363,-26.41
2018-05-10,6040,6030,8930.0,9310.0,0.6476906552094522,0.819584350020287,0.09159924069870293,-1.8765842762413727,-26.54
2018-05-09,6040,6020,8150.0,8180.0,0.7359413202933985,0.8243536857585544,0.09183697024254424,-0.9627099547345268,-12.01
2018-05-08,5990,6020,8160.0,8000.0,0.7525,0.828369653849278,0.09443187282102136,-0.8034326926150803,-10.08
2018-05-07,5960,5940,8160.0,8100.0,0.7333333333333333,0.8322074378084806,0.0970821882041988,-1.0184577243683413,-13.48
2018-05-02,5950,5940,8040.0,8140.0,0.7297297297297297,0.8362194840915682,0.09910962838066938,-1.0744642685251815,-14.59
2018-05-01,5960,5900,8000.0,7990.0,0.7384230287859824,0.840261182933267,0.10085005596943197,-1.009797695879833,-13.79
2018-04-27,6060,5940,7980.0,7970.0,0.7452948557089084,0.8441287429293209,0.10242019796329836,-0.9649843408409446,-13.26
2018-04-26,5910,5980,7880.0,7970.0,0.7503136762860728,0.8477696326121477,0.10368780130159147,-0.9398979928469081,-12.99
2018-04-25,5930,5870,7790.0,7800.0,0.7525641025641026,0.8513041990945331,0.10481757906688272,-0.9420184801962067,-13.12
2018-04-24,5960,6020,7880.0,7860.0,0.7659033078880407,0.8546594453754456,0.105627640042432,-0.8402737905698769,-11.59
2018-04-23,6020,5970,7790.0,7810.0,0.764404609475032,0.8579154147382853,0.10660076318899953,-0.8772057766365313,-12.23
2018-04-20,6010,6080,7650.0,7690.0,0.7906371911573472,0.8609192295672778,0.1070964018369637,-0.6562502306746332,-8.89
2018-04-19,6170,6130,8020.0,7760.0,0.7899484536082474,0.8634569513523347,0.1076544895673203,-0.6828186919052711,-9.31
2018-04-18,6070,6150,7980.0,7980.0,0.7706766917293233,0.8662971448103977,0.10848441423657695,-0.8814211124609148,-12.41
2018-04-17,6010,6050,8020.0,7960.0,0.7600502512562815,0.8693352385785423,0.10895357426026277,-1.0030417823761013,-14.38
2018-04-16,6060,6050,8100.0,8010.0,0.7553058676654182,0.8724571616919322,0.10913183118993632,-1.0734841773397938,-15.51
2018-04-13,6040,6060,7970.0,8010.0,0.7565543071161048,0.875487529513481,0.10899213325480989,-1.0912092354346825,-15.72
2018-04-12,6050,6010,7900.0,7900.0,0.760759493670886,0.8784597672954324,0.10874750611926154,-1.0823261868227718,-15.47
2018-04-11,6050,6040,8030.0,7850.0,0.7694267515923567,0.8812251351656382,0.10835565595310317,-1.0317724773099826,-14.53
2018-04-10,5830,5960,7930.0,7950.0,0.7496855345911949,0.8839095815966483,0.10804618146379152,-1.2422840417588903,-17.9
2018-04-09,5890,5830,8050.0,8060.0,0.7233250620347395,0.886861193667994,0.10736066186808381,-1.5232407176680285,-22.61
2018-04-06,5960,5970,8050.0,8050.0,0.7416149068322981,0.8901743273611411,0.10608941908367772,-1.4003226882755118,-20.03
2018-04-05,6030,6000,7870.0,8050.0,0.7453416149068323,0.893403139419503,0.10520024128084098,-1.407425712241552,-19.86
2018-04-04,6100,5980,8090.0,7790.0,0.7676508344030809,0.8962519764525657,0.10403873806313965,-1.2360890226430714,-16.75
2018-04-03,6090,6100,8030.0,8120.0,0.7512315270935961,0.8989418020618852,0.10328422774585905,-1.430133895484456,-19.66
2018-04-02,6260,6190,8090.0,8180.0,0.7567237163814181,0.9016182492406664,0.10201491825554913,-1.420326902544635,-19.15
2018-03-30,6200,6260,8180.0,8240.0,0.7597087378640777,0.9042990994463134,0.10080673265868409,-1.4343323880141634,-19.03
2018-03-29,6150,6110,8010.0,8190.0,0.746031746031746,0.9070163649365928,0.09961223769655837,-1.616112865522032,-21.58
2018-03-28,6110,6110,7980.0,7890.0,0.7743979721166033,0.9098272114974393,0.09799109803894425,-1.3820565550455695,-17.49
2018-03-27,6230,6270,7960.0,8130.0,0.7712177121771218,0.9126374145991883,0.09708493099721921,-1.4566596583986577,-18.34
2018-03-26,5900,6130,7520.0,7810.0,0.7848911651728553,0.9155511930781152,0.09607091249541944,-1.3600373360822362,-16.65
2018-03-23,6160,5980,7790.0,7610.0,0.78580814717477,0.9182844361166583,0.09522706915525553,-1.3911620941090053,-16.86
2018-03-22,6190,6440,7910.0,7940.0,0.8110831234256927,0.9204355655828994,0.09402484721081321,-1.1630164302423966,-13.48
2018-03-20,6120,6150,7820.0,7840.0,0.7844387755102041,0.922896570150441,0.09354476143217984,-1.480123445935763,-17.65
2018-03-19,6370,6250,7890.0,7860.0,0.7951653944020356,0.9249631827981919,0.09216501956864914,-1.4083194361986369,-16.32
2018-03-16,6400,6380,8000.0,7900.0,0.8075949367088607,0.9272420268384578,0.09103353574846051,-1.3143188292740837,-14.82
2018-03-15,6400,6340,8000.0,8030.0,0.7895392278953923,0.9294446158909564,0.09010572335113089,-1.5526803713718609,-17.72
2018-03-14,6350,6430,8100.0,8010.0,0.8027465667915106,0.9319224421455569,0.08876965129880063,-1.4551806103105824,-16.09
2018-03-13,6320,6380,7830.0,8170.0,0.780905752753978,0.9338584239947295,0.08750566035944152,-1.7479174559963024,-19.59
2018-03-12,6400,6360,7970.0,7970.0,0.7979924717691342,0.9358907917357876,0.08568072609430506,-1.6094438767345955,-17.28
2018-03-09,6230,6230,8080.0,7960.0,0.7826633165829145,0.9373623027141759,0.08423529271028359,-1.8365103409010344,-19.77
2018-03-08,6150,6170,7970.0,7990.0,0.772215269086358,0.9389868191115333,0.08239085155287877,-2.0241513090581504,-21.6
2018-03-07,6110,6050,7750.0,7840.0,0.7716836734693877,0.940768177850585,0.08018049754345453,-2.1087983931449217,-21.91
2018-03-06,6180,6180,7750.0,7850.0,0.7872611464968153,0.9426019167662055,0.07783078309563916,-1.995878289937107,-19.73
2018-03-05,6090,6080,7810.0,7640.0,0.7958115183246073,0.9439115817281388,0.07601097631555263,-1.948403646187988,-18.61
2018-03-02,6050,6130,7720.0,7900.0,0.7759493670886076,0.9450093707553339,0.07444248576417861,-2.2710150249721663,-21.79
2018-03-01,6300,6220,7930.0,7870.0,0.7903430749682337,0.9463672775734778,0.07224263029556253,-2.1597248323726634,-19.74
2018-02-28,6440,6360,8190.0,7940.0,0.801007556675063,0.9476910720348943,0.07025375173568696,-2.0879100650979217,-18.31
2018-02-27,6380,6450,8000.0,8040.0,0.8022388059701493,0.9491832559234217,0.06828324406694462,-2.1519840183516856,-18.32
2018-02-26,6450,6290,7800.0,7950.0,0.7911949685534592,0.9509673586655252,0.06613484028931421,-2.415858107664945,-20.19
2018-02-23,6300,6350,7700.0,7740.0,0.8204134366925064,0.9529398315485806,0.06349355662178553,-2.0872416337534716,-16.15
2018-02-22,6250,6310,7750.0,7710.0,0.8184176394293126,0.9543071872764015,0.06170385115282532,-2.2022863291064905,-16.6
2018-02-21,6210,6270,7820.0,7740.0,0.810077519379845,0.9559533226751681,0.059669945756657336,-2.4447115117252785,-18.01
2018-02-20,6240,6130,7870.0,7850.0,0.780891719745223,0.9576460422068751,0.05725976720423516,-3.086885104356112,-22.63
2018-02-19,6200,6290,7710.0,7850.0,0.8012738853503185,0.9598222694279961,0.053477352292607666,-2.9647762516394103,-19.79
2018-02-16,6160,6130,7490.0,7560.0,0.8108465608465608,0.961732320771751,0.050240720677155085,-3.003256280792152,-18.61
2018-02-15,5970,6060,7220.0,7480.0,0.8101604278074866,0.9636328127424184,0.047094522226798864,-3.2588160507465385,-18.94
2018-02-14,6050,5880,7380.0,7160.0,0.8212290502793296,0.9655652046431089,0.04360140688551044,-3.310355437446789,-17.58
2018-02-13,6300,6080,6850.0,6680.0,0.9101796407185628,0.9676038147692677,0.04025085468560285,-1.426657259808316,-6.31
2018-02-09,6070,6180,6600.0,6660.0,0.9279279279279279,0.9681869802355701,0.03972809808646002,-1.0133647027357495,-4.34
2018-02-08,6490,6370,6770.0,6850.0,0.92992700729927,0.9683912949797622,0.03955957324981482,-0.9723130084744329,-4.14
2018-02-07,6600,6430,6870.0,6770.0,0.9497784342688331,0.9685243688834657,0.039446585289508805,-0.475223253852045,-1.97
2018-02-06,6110,6210,6780.0,6600.0,0.9409090909090909,0.9684385022662619,0.039494278048929445,-0.6970480970196453,-2.93
2018-02-05,6620,6610,6950.0,6890.0,0.9593613933236574,0.9683827596549639,0.039536022268611075,-0.22818093003930776,-0.94
2018-02-02,6800,6820,7150.0,7070.0,0.9646393210749646,0.9678270467683721,0.039949669335127794,-0.07979354388809537,-0.33
2018-02-01,6870,6840,7110.0,7130.0,0.9593267882187938,0.9670715286223418,0.04053433873523173,-0.19106615884710137,-0.81
2018-01-31,6630,6810,7180.0,7010.0,0.9714693295292439,0.9663489340173719,0.04114442624754008,0.12444931133723564,0.53
2018-01-30,7340,7230,7350.0,7180.0,1.0069637883008355,0.9651400756711203,0.04229211740542621,0.9889245371372487,4.15
2018-01-29,7270,7290,7200.0,7280.0,1.0013736263736264,0.9636991472246866,0.042681817843198355,0.8826821595871513,3.76
2018-01-26,7290,7230,7240.0,7070.0,1.0226308345120225,0.962461063541808,0.042917132334761354,1.4019988684444114,5.88
2018-01-25,7230,7250,7260.0,7250.0,1.0,0.9610236723939505,0.04268250415100437,0.9131687182213362,3.9
2018-01-24,7590,7440,7390.0,7410.0,1.0040485829959513,0.9597132199758537,0.04297350398847897,1.0316906676258888,4.42
2018-01-23,7650,7620,7360.0,7390.0,1.0311231393775373,0.9583974092162443,0.04310648023603235,1.68711826535311,7.05
2018-01-22,7570,7600,7440.0,7340.0,1.0354223433242506,0.9566616793075625,0.04276269757361098,1.841807661481385,7.61
2018-01-19,7500,7500,7460.0,7400.0,1.0135135135135136,0.9548809701816193,0.042223181864498076,1.388633938580395,5.79
2018-01-18,7660,7460,7370.0,7420.0,1.005390835579515,0.9534614737621229,0.042017228637769105,1.2359064008022884,5.17
2018-01-17,7420,7540,7250.0,7270.0,1.0371389270976616,0.9521136788890051,0.04195106700234473,2.026772005677574,8.2
2018-01-16,7250,7480,7070.0,7190.0,1.0403337969401947,0.950599384914115,0.04089100099557554,2.1944782431662424,8.63
2018-01-15,7270,7250,7050.0,7010.0,1.0342368045649073,0.9489381245373183,0.03972598246835553,2.147176098049564,8.25
2018-01-12,7220,7230,7030.0,7000.0,1.032857142857143,0.9473358004764528,0.03866254215187672,2.211994804809771,8.28
2018-01-11,7150,7220,7000.0,7020.0,1.0284900284900285,0.9456356187243627,0.03765493653501779,2.200359830340279,8.06
2018-01-10,7190,7210,7130.0,7080.0,1.018361581920904,0.9440192756345523,0.03665217249905474,2.028319229597343,7.3
2018-01-09,7240,7250,7200.0,7140.0,1.015406162464986,0.9429211212089404,0.035627838499236696,2.0345057210697313,7.14
2018-01-05,7020,7160,7020.0,7130.0,1.0042075736325387,0.9415074386187873,0.03481795629914597,1.8007988313572936,6.24
2018-01-04,6850,7000,6890.0,6930.0,1.0101010101010102,0.9401664508545029,0.03431035148052932,2.0382932913466134,6.92
2017-12-29,6720,6720,6930.0,6790.0,0.9896907216494846,0.9385294233019823,0.03386059951283012,1.5109389403491438,5.17
2017-12-28,6800,6700,6760.0,6830.0,0.9809663250366032,0.9371877466963654,0.03380034729994699,1.295210902768045,4.46
2017-12-27,6790,6770,6760.0,6750.0,1.002962962962963,0.9355849889448224,0.03452859922403489,1.9513671429578214,6.72
2017-12-26,6830,6810,6860.0,6820.0,0.998533724340176,0.9335569950692094,0.03497547862229717,1.8577795595781585,6.51
2017-12-25,6780,6850,6880.0,6890.0,0.9941944847605225,0.9317411023733657,0.03509009936750545,1.7798006706413214,6.28
2017-12-22,6680,6770,6820.0,6890.0,0.9825834542815675,0.929797675909892,0.03560981657482831,1.482337834028282,5.37
2017-12-21,6690,6680,6900.0,6820.0,0.9794721407624634,0.9277171765596923,0.03699628116049257,1.3989234209312613,5.28
2017-12-20,6640,6690,7040.0,6910.0,0.9681620839363242,0.9254982997471521,0.038773466424635555,1.1003345360440793,4.41
2017-12-19,6700,6640,6970.0,6840.0,0.9707602339181286,0.9235093532669726,0.04032873580053499,1.1716429913612416,4.87
2017-12-18,6620,6710,6800.0,6910.0,0.9710564399421129,0.921564894361714,0.04150229213038903,1.1925014990716611,5.1
2017-12-15,6620,6550,6750.0,6740.0,0.9718100890207715,0.919979263780372,0.04185143052384061,1.238448114954497,5.33
2017-12-14,6560,6670,6780.0,6780.0,0.9837758112094396,0.9183195058504258,0.04222965691360112,1.5500079835583973,6.65
2017-12-13,6650,6550,6860.0,6830.0,0.95900439238653,0.9165521882858335,0.042226913318125024,1.0053352415525663,4.43
2017-12-12,6620,6650,6880.0,6860.0,0.9693877551020408,0.914934426811032,0.0428885344790359,1.2696476797925054,5.62
2017-12-11,6570,6540,6940.0,6870.0,0.9519650655021834,0.9131782205000237,0.04331742278880839,0.8954098029160856,4.07
2017-12-08,6630,6580,6800.0,6870.0,0.9577874818049491,0.9117091112805271,0.04384230553244877,1.0510024499126362,4.81
2017-12-07,6470,6600,6820.0,6850.0,0.9635036496350365,0.91020155148172,0.04417463594510714,1.2066222395030373,5.53
2017-12-06,6560,6430,6820.0,6720.0,0.9568452380952381,0.9085070995277386,0.044533461144968076,1.0854341280626332,5.05
2017-12-05,6680,6640,6760.0,6740.0,0.9851632047477745,0.9069247355388859,0.04489475371058079,1.742708506950767,7.94
2017-12-04,6910,6760,6880.0,6830.0,0.9897510980966325,0.9049660016736122,0.04464250744064702,1.8992010369431778,8.57
2017-12-01,6770,6850,7050.0,6920.0,0.9898843930635838,0.9030465789326352,0.04404663638670447,1.9714970598109214,8.77
2017-11-30,6750,6630,6950.0,7000.0,0.9471428571428572,0.901496120358454,0.04299673850998739,1.0616325415891787,4.82
2017-11-29,6900,6880,7270.0,6910.0,0.9956584659913169,0.9004498274108952,0.042827675000159375,2.2230634415729416,9.56
2017-11-28,7060,6980,7330.0,7430.0,0.9394347240915208,0.8986962348048394,0.04156743745647246,0.9800577514392352,4.34
2017-11-27,7230,7120,7440.0,7370.0,0.966078697421981,0.8976169793641221,0.04154650424460221,1.6478334170979885,7.09
2017-11-24,7040,7150,7460.0,7350.0,0.9727891156462585,0.8961023896924917,0.0410911651262659,1.8662582508459427,7.88
2017-11-22,6990,7130,7340.0,7310.0,0.9753761969904241,0.8936531498339465,0.0419135407147406,1.949800607700422,8.38
2017-11-21,6940,6920,7350.0,7300.0,0.947945205479452,0.8911774614849467,0.042492960960230856,1.3359328865699487,5.99
2017-11-20,6750,6860,7430.0,7350.0,0.9333333333333333,0.8889211708019582,0.043888556518116906,1.011930353941855,4.76
2017-11-17,6730,6740,7400.0,7420.0,0.9083557951482479,0.8869323618491204,0.04519123253569267,0.4740617172193084,2.36
2017-11-16,6520,6630,7170.0,7330.0,0.9045020463847203,0.885688801345763,0.04586285630865786,0.41020657135577937,2.08
2017-11-15,6660,6540,7400.0,7220.0,0.9058171745152355,0.88440850115615,0.046653262061683146,0.45888909827526636,2.36
2017-11-14,6690,6710,7430.0,7380.0,0.9092140921409214,0.8823405449772148,0.049035081608745534,0.5480473628683353,2.96
2017-11-13,6620,6650,7550.0,7510.0,0.8854860186418109,0.8802176904153358,0.051223274146832164,0.10285028269324058,0.59
2017-11-10,6500,6630,7450.0,7550.0,0.8781456953642384,0.878161328035708,0.05399143424539101,-0.0002895398443870714,-0.0
2017-11-09,6720,6680,7580.0,7610.0,0.8777923784494087,0.8762179769801473,0.05652083790490557,0.02785523937048393,0.18
2017-11-08,6500,6690,7410.0,7520.0,0.8896276595744681,0.874090505856807,0.05935351716887248,0.2617730921228273,1.75
2017-11-07,6400,6500,6980.0,7120.0,0.9129213483146067,0.8717791050736072,0.06201907179839824,0.6633805061568503,4.51
2017-11-06,6500,6440,6940.0,6880.0,0.936046511627907,0.8692900355594361,0.06403138309747129,1.0425587085453294,7.13
2017-11-02,6400,6480,6900.0,6900.0,0.9391304347826087,0.8664411434497231,0.06572862244253862,1.1059001182693604,7.74
2017-11-01,6400,6350,6750.0,6880.0,0.9229651162790697,0.8635406164405004,0.06723944910184973,0.8837743412882096,6.44
2017-10-31,6260,6320,6680.0,6710.0,0.9418777943368107,0.8608419799019331,0.06884278147198024,1.1771141825212288,8.6
2017-10-30,6240,6250,6650.0,6670.0,0.9370314842578711,0.8580154100770593,0.0698028979434888,1.1319884490294632,8.43
2017-10-27,6250,6250,6690.0,6620.0,0.9441087613293051,0.85518736851045,0.07083333742288751,1.2553607673174956,9.42
2017-10-26,6280,6300,6660.0,6670.0,0.9445277361319341,0.8524135234424814,0.07136823785670048,1.290689184093459,9.75
2017-10-25,6390,6340,6740.0,6650.0,0.9533834586466166,0.8496662789369482,0.07173429389769478,1.4458521032853062,10.88
2017-10-24,6320,6380,6590.0,6680.0,0.9550898203592815,0.8466730180068451,0.07202718216805662,1.5052206554391374,11.35
2017-10-23,6300,6400,6540.0,6570.0,0.974124809741248,0.8435428391953288,0.07234805077547982,1.804913458569309,13.41
2017-10-20,6150,6210,6500.0,6510.0,0.9539170506912442,0.840418761792444,0.07169779422004556,1.5830094932971857,11.9
2017-10-19,6100,6150,6510.0,6520.0,0.9432515337423313,0.8373709527120443,0.07166678337340641,1.4774010503389825,11.23
2017-10-18,6150,6100,6520.0,6490.0,0.9399075500770416,0.8343111030771783,0.07197922498188036,1.4670406221579297,11.23
2017-10-17,6090,6160,6530.0,6530.0,0.9433384379785605,0.8312042897658062,0.07238191291388882,1.5492012258111763,11.89
2017-10-16,6000,6070,6570.0,6480.0,0.9367283950617284,0.8279963332959814,0.07267208028733246,1.496201310542368,11.61
2017-10-13,5930,6020,6520.0,6560.0,0.9176829268292683,0.8247460579815434,0.0731858621090982,1.2698746201716373,10.13
2017-10-12,5850,5920,6430.0,6520.0,0.9079754601226994,0.8215485676032782,0.07428602044807497,1.1634341427648893,9.52
2017-10-11,5720,5820,6470.0,6430.0,0.9051321928460342,0.8184865171792647,0.07538541725945548,1.1493691859336583,9.57
2017-10-10,5700,5690,6450.0,6460.0,0.8808049535603715,0.8153008718241014,0.07669350191022163,0.8541021091063228,7.44
2017-10-06,5720,5690,6340.0,6330.0,0.8988941548183255,0.8123843919835264,0.07828948724069099,1.1049984599954765,9.62
2017-10-05,5820,5760,6360.0,6340.0,0.9085173501577287,0.8094015006521427,0.07919324958952524,1.251569420617587,10.91
2017-10-04,5790,5800,6400.0,6340.0,0.9148264984227129,0.8064606500617473,0.07955248288965505,1.36219316386739,11.85
2017-10-03,5730,5780,6410.0,6410.0,0.9017160686427457,0.8034553275864489,0.0796593633542246,1.2335115034670396,10.9
2017-10-02,5730,5740,6350.0,6340.0,0.9053627760252366,0.8005660736903017,0.07997218284993626,1.310414429121943,11.58
2017-09-29,5860,5730,6420.0,6360.0,0.9009433962264151,0.7977478642998629,0.07995375186335821,1.2906902993484834,11.45
2017-09-28,5690,5790,6340.0,6420.0,0.9018691588785047,0.7949140296448634,0.08001243705098074,1.3367313029784833,11.86
2017-09-27,5720,5660,6300.0,6240.0,0.907051282051282,0.7918853196476954,0.08020552461516879,1.435885656956429,12.7
2017-09-26,5720,5670,6280.0,6270.0,0.9043062200956937,0.7886302538645397,0.08041917776428625,1.438412695168405,12.79
2017-09-25,5800,5800,6350.0,6280.0,0.9235668789808917,0.7853286407535145,0.08068492805219213,1.713309307755173,14.97
2017-09-22,5830,5760,6370.0,6290.0,0.9157392686804452,0.7817458971819173,0.08043246301747839,1.6659115793757355,14.63
2017-09-21,5960,5850,6590.0,6400.0,0.9140625,0.7781793969095346,0.08034227221979155,1.6913027144506358,14.87
2017-09-20,5880,5930,6490.0,6550.0,0.9053435114503817,0.7747488029868828,0.0799591479139861,1.6332678857956653,14.42
2017-09-19,5930,5870,6400.0,6470.0,0.9072642967542504,0.7714131883514523,0.07965918743698486,1.7054041445032853,14.97
2017-09-15,5710,5850,6220.0,6250.0,0.936,0.7680292023485245,0.0792057471293527,2.120689517354829,17.95
2017-09-14,5730,5720,6300.0,6290.0,0.9093799682034976,0.7646544137546207,0.07734739278240015,1.8711109611157857,15.91
2017-09-13,5720,5720,6380.0,6330.0,0.9036334913112164,0.7616860935436535,0.07599634224319428,1.867818813086031,15.71
2017-09-12,5660,5670,6380.0,6390.0,0.8873239436619719,0.75876202510229,0.07468620531622072,1.7213609663973675,14.49
2017-09-11,5490,5610,6400.0,6310.0,0.8890649762282092,0.7560282614090192,0.07367597834310073,1.8057000098411045,14.96
2017-09-08,5400,5440,6310.0,6320.0,0.8607594936708861,0.7531085680798376,0.07267818134298626,1.4812000465864332,12.51
2017-09-07,5460,5420,6300.0,6370.0,0.8508634222919937,0.7504364395539246,0.07235457047529412,1.3879839528915527,11.8
2017-09-06,5390,5450,6280.0,6320.0,0.8623417721518988,0.7480946150714008,0.07190720155877584,1.5888138406709384,13.25
2017-09-05,5480,5430,6600.0,6400.0,0.8484375,0.7455220979103706,0.0712219108693263,1.4449963618422477,12.13
2017-09-04,5460,5480,6700.0,6630.0,0.8265460030165912,0.7430386960668229,0.07083628348766073,1.1788775869969907,10.1
2017-09-01,5510,5480,6780.0,6740.0,0.8130563798219584,0.7407873901172844,0.07082964119502501,1.020321273486136,8.89
2017-08-31,5590,5520,6750.0,6740.0,0.8189910979228486,0.7387736178584657,0.07089331508050968,1.1315238957761289,9.79
2017-08-30,5610,5560,6570.0,6740.0,0.8249258160237388,0.7366328063202696,0.07086288583203604,1.2459697155538827,10.7
2017-08-29,5510,5590,6550.0,6560.0,0.8521341463414634,0.7343591441653019,0.07072904332059947,1.6651575738457667,13.82
2017-08-28,5550,5550,6510.0,6550.0,0.8473282442748091,0.731648827532221,0.07005549854896415,1.6512539220848717,13.65
2017-08-25,5540,5550,6550.0,6520.0,0.8512269938650306,0.729316305972887,0.0690704858454715,1.765018537221373,14.32
2017-08-24,5480,5470,6490.0,6530.0,0.8376722817764165,0.7269479613583689,0.06788482254861539,1.6310614988903138,13.22
2017-08-23,5510,5470,6550.0,6530.0,0.8376722817764165,0.724792407563036,0.06689423872359966,1.6874379074674717,13.48
2017-08-22,5540,5480,6470.0,6510.0,0.8417818740399385,0.7226820413084186,0.06578733315462519,1.8103763600143226,14.15
2017-08-21,5430,5440,6460.0,6440.0,0.84472049689441,0.7205591274985668,0.0644654660228598,1.9260136791970903,14.7
2017-08-18,5420,5420,6450.0,6480.0,0.8364197530864198,0.7186194958106513,0.06286924778321153,1.8737341614452339,14.08
2017-08-17,5460,5490,6530.0,6550.0,0.8381679389312977,0.7169345079308385,0.061364956879382176,1.975613398356222,14.46
2017-08-16,5390,5390,6420.0,6430.0,0.838258164852255,0.7161065836735131,0.06013017271532267,2.0314523584864848,14.57
2017-08-15,5480,5430,6330.0,6420.0,0.8457943925233645,0.7151799357582804,0.058760502935584144,2.222827413650108,15.44
2017-08-14,5430,5460,6240.0,6250.0,0.8736,0.7139232533229894,0.0569331140287775,2.8046375014073557,18.28
2017-08-10,5450,5490,6350.0,6320.0,0.8686708860759493,0.7123639335525147,0.0540678706803273,2.8909396755716372,17.99
2017-08-09,5460,5470,6360.0,6330.0,0.8641390205371248,0.7108234523546786,0.05116020806000871,2.996773742644159,17.74
2017-08-08,5480,5460,6440.0,6360.0,0.8584905660377359,0.7092331416648419,0.04813398626148649,3.1008739555053135,17.39
2017-08-07,5520,5490,6500.0,6440.0,0.8524844720496895,0.7078563807091911,0.045234520876561754,3.1972946443970702,16.97
2017-08-04,5520,5500,7040.0,6970.0,0.7890961262553802,0.7065873236792645,0.04240585704824632,1.9456935508282063,10.46
2017-08-03,5500,5520,7040.0,6990.0,0.7896995708154506,0.7063300683984995,0.04196072452107269,1.9868461130856516,10.56
2017-08-02,5490,5490,7000.0,7050.0,0.7787234042553192,0.7061735844158963,0.04167040285773187,1.741039559591428,9.32
2017-08-01,5460,5450,6870.0,6950.0,0.7841726618705036,0.706135433278699,0.04160522161641412,1.8756594859962799,9.95
2017-07-31,5530,5510,6800.0,6760.0,0.8150887573964497,0.7061606721040321,0.04165309999975117,2.6151255319068287,13.36
2017-07-28,5610,5530,6920.0,6840.0,0.8084795321637427,0.7058231250357158,0.040864109455854836,2.512141057152507,12.7
2017-07-27,5130,5210,6840.0,6940.0,0.7507204610951008,0.705853315295571,0.040940705126641073,1.0959055458557228,5.98
2017-07-26,5190,5160,7110.0,6880.0,0.75,0.7066172205555384,0.04228324284912138,1.0260040744571943,5.78
2017-07-25,5190,5170,7100.0,7070.0,0.7312588401697313,0.7075744277627457,0.04403098251596018,0.537903336551724,3.24
2017-07-24,5170,5200,7210.0,7100.0,0.7323943661971831,0.7087585276937054,0.04581017026112831,0.515951771598929,3.23
2017-07-21,5250,5200,7200.0,7240.0,0.7182320441988951,0.7098335588489171,0.04727484988618329,0.17765229017538506,1.17
2017-07-20,5130,5150,7100.0,7190.0,0.7162726008344924,0.7112087175695596,0.048968852181918134,0.10341029122186858,0.71
2017-07-19,5070,5120,7020.0,7050.0,0.7262411347517731,0.7125685223110851,0.05048317908133866,0.27083501256247355,1.88
2017-07-18,5060,5100,7000.0,7060.0,0.7223796033994334,0.7136887816653177,0.05169191145295987,0.16812730444345161,1.2
2017-07-14,5090,5080,7080.0,7040.0,0.7215909090909091,0.7148783096586393,0.05289081156312802,0.12691428310299066,0.93
2017-07-13,5100,5080,7020.0,7050.0,0.7205673758865249,0.7161388179675346,0.05414737049097052,0.0817871279590338,0.61
2017-07-12,5030,5080,6980.0,6960.0,0.7298850574712644,0.7172828869426424,0.05512648206797802,0.2286046570699344,1.73
2017-07-11,5020,5060,6880.0,6980.0,0.7249283667621776,0.7182947993919823,0.05603755129610742,0.11837718131441931,0.92
2017-07-10,5020,5020,6800.0,6820.0,0.7360703812316716,0.7194651356093117,0.05707092947647365,0.29095803721236146,2.26
2017-07-07,4920,4970,6650.0,6730.0,0.7384843982169391,0.7204018092944562,0.057906155513632485,0.3122740365353017,2.45
2017-07-06,4885,4920,6730.0,6750.0,0.7288888888888889,0.7211380278169179,0.058479548826191816,0.13253968656645188,1.06
2017-07-05,4815,4855,6600.0,6740.0,0.7203264094955489,0.7220566867602215,0.05913162911169741,-0.029261450947074965,-0.24
2017-07-04,4985,4905,6830.0,6630.0,0.7398190045248869,0.7229315013002808,0.05958317256967227,0.2834273922701758,2.28
2017-07-03,4915,4925,6870.0,6790.0,0.7253313696612665,0.7235165687007641,0.0599603668648041,0.030266675395672463,0.25
2017-06-30,4850,4875,6920.0,6830.0,0.7137628111273792,0.7242595624468954,0.060322411294581324,-0.17401080451270232,-1.47
2017-06-29,4915,4920,6970.0,6960.0,0.7068965517241379,0.7252026732856104,0.060702668808831635,-0.30157029205953345,-2.59
2017-06-28,4870,4870,7000.0,6930.0,0.7027417027417028,0.7261773859292886,0.06098714925968057,-0.3842724815320966,-3.33
2017-06-27,4875,4920,7090.0,7100.0,0.6929577464788732,0.7272124809830752,0.061238886880241705,-0.5593624614893853,-4.94
2017-06-26,4845,4840,7120.0,7140.0,0.6778711484593838,0.7284522439420825,0.06147360951423082,-0.8228099160337977,-7.46
2017-06-23,4835,4850,7270.0,7150.0,0.6783216783216783,0.7298423841151842,0.061492920559301854,-0.8378314987303442,-7.6
2017-06-22,4825,4850,7350.0,7280.0,0.6662087912087912,0.73127279512306,0.061525582546766294,-1.0575113834121428,-9.77
2017-06-21,4790,4800,7280.0,7250.0,0.6620689655172414,0.7328512271731902,0.061354431152703066,-1.1536617702441265,-10.69
2017-06-20,4780,4760,6990.0,7050.0,0.675177304964539,,,,
2017-06-19,4695,4740,6890.0,6890.0,0.6879535558780842,,,,
2017-06-16,4690,4695,6860.0,6810.0,0.6894273127753304,,,,
2017-06-15,4715,4665,6800.0,6810.0,0.6850220264317181,,,,
2017-06-14,4770,4740,6930.0,6830.0,0.6939970717423133,,,,
2017-06-13,4730,4750,7000.0,6900.0,0.6884057971014492,,,,
2017-06-12,4690,4750,7050.0,7040.0,0.6747159090909091,,,,
2017-06-09,4715,4720,7190.0,7120.0,0.6629213483146067,,,,
2017-06-08,4740,4715,7230.0,7180.0,0.6566852367688022,,,,
2017-06-07,4630,4715,7150.0,7200.0,0.6548611111111111,,,,
2017-06-06,4750,4635,7170.0,7150.0,0.6482517482517482,,,,
2017-06-05,4780,4755,7180.0,7240.0,0.6567679558011049,,,,
2017-06-02,4720,4750,7120.0,7250.0,0.6551724137931034,,,,
2017-06-01,4630,4620,6780.0,7070.0,0.6534653465346535,,,,
2017-05-31,4605,4630,6710.0,6780.0,0.6828908554572272,,,,
2017-05-30,4550,4615,6690.0,6720.0,0.6867559523809523,,,,
2017-05-29,4580,4585,6760.0,6700.0,0.6843283582089552,,,,
2017-05-26,4595,4585,6810.0,6720.0,0.6822916666666666,,,,
2017-05-25,4590,4570,6890.0,6820.0,0.6700879765395894,,,,
2017-05-24,4495,4530,6700.0,6860.0,0.6603498542274052,,,,
2017-05-23,4490,4470,6700.0,6620.0,0.675226586102719,,,,
2017-05-22,4500,4485,6710.0,6700.0,0.6694029850746268,,,,
2017-05-19,4435,4430,6740.0,6690.0,0.6621823617339312,,,,
2017-05-18,4415,4400,6650.0,6690.0,0.6576980568011959,,,,
2017-05-17,4600,4515,6850.0,6820.0,0.6620234604105572,,,,
2017-05-16,4600,4530,6910.0,6880.0,0.6584302325581395,,,,
2017-05-15,4510,4535,7080.0,6930.0,0.6544011544011544,,,,
2017-05-12,4660,4555,7000.0,7020.0,0.6488603988603988,,,,
2017-05-11,4680,4700,7000.0,6990.0,0.6723891273247496,,,,
2017-05-10,4705,4695,6960.0,6970.0,0.6736011477761836,,,,
2017-05-09,4700,4705,6940.0,6960.0,0.6760057471264368,,,,
2017-05-08,4670,4715,6810.0,6940.0,0.6793948126801153,,,,
2017-05-02,4620,4580,6700.0,6710.0,0.6825633383010432,,,,
2017-05-01,4680,4650,6570.0,6650.0,0.6992481203007519,,,,
2017-04-28,4715,4665,6510.0,6570.0,0.7100456621004566,,,,
2017-04-27,4950,5060,6490.0,6520.0,0.7760736196319018,,,,
2017-04-26,4930,5020,6500.0,6530.0,0.7687595712098009,,,,
2017-04-25,4790,4870,6380.0,6480.0,0.7515432098765432,,,,
2017-04-24,4875,4835,6380.0,6390.0,0.7566510172143975,,,,
2017-04-21,4795,4805,6330.0,6380.0,0.7531347962382445,,,,
2017-04-20,4710,4715,6240.0,6330.0,0.7448657187993681,,,,
2017-04-19,4655,4690,6130.0,6210.0,0.7552334943639292,,,,
2017-04-18,4725,4665,6130.0,6160.0,0.7573051948051948,,,,
2017-04-17,4615,4665,5980.0,6060.0,0.7698019801980198,,,,
2017-04-14,4725,4660,6030.0,5990.0,0.7779632721202003,,,,
2017-04-13,4730,4725,6040.0,6090.0,0.7758620689655172,,,,
2017-04-12,4805,4795,6060.0,6100.0,0.7860655737704918,,,,
2017-04-11,4885,4865,6020.0,6160.0,0.7897727272727273,,,,
2017-04-10,4875,4905,6090.0,6050.0,0.8107438016528926,,,,
2017-04-07,4900,4840,6040.0,5990.0,0.8080133555926544,,,,
2017-04-06,4950,4865,6000.0,5920.0,0.8217905405405406,,,,
2017-04-05,4910,4945,6030.0,6030.0,0.8200663349917081,,,,
2017-04-04,4920,4870,6020.0,5990.0,0.8130217028380634,,,,
2017-04-03,4930,4920,6000.0,5990.0,0.8213689482470785,,,,
2017-03-31,5000,4885,6110.0,5970.0,0.8182579564489112,,,,
2017-03-30,5010,4975,6110.0,6140.0,0.8102605863192183,,,,
2017-03-29,5050,5040,6260.0,6210.0,0.8115942028985508,,,,
2017-03-28,4990,5060,6160.0,6200.0,0.8161290322580645,,,,
2017-03-27,4960,4935,6130.0,6120.0,0.8063725490196079,,,,
2017-03-24,4990,5020,6160.0,6230.0,0.8057784911717496,,,,
2017-03-23,4970,4990,6200.0,6140.0,0.8127035830618893,,,,
2017-03-22,4955,4975,6250.0,6170.0,0.8063209076175041,,,,
2017-03-21,5110,5040,6350.0,6350.0,0.7937007874015748,,,,
2017-03-17,5030,5050,6350.0,6330.0,0.7977883096366508,,,,
2017-03-16,4965,5030,6310.0,6400.0,0.7859375,,,,
2017-03-15,5000,5000,6410.0,6380.0,0.7836990595611285,,,,
2017-03-14,5060,5030,6480.0,6440.0,0.781055900621118,,,,
2017-03-13,5040,5060,6480.0,6450.0,0.7844961240310078,,,,
2017-03-10,5090,5070,6530.0,6500.0,0.78,,,,
2017-03-09,5030,5010,6470.0,6420.0,0.780373831775701,,,,
2017-03-08,5030,4975,6390.0,6330.0,0.7859399684044234,,,,
2017-03-07,4995,4990,6390.0,6380.0,0.7821316614420063,,,,
2017-03-06,4995,5020,6360.0,6390.0,0.7856025039123631,,,,
2017-03-03,5010,4990,6480.0,6360.0,0.7845911949685535,,,,
