DATE,OPEN_7202,CLOSE_7202,OPEN_8242,CLOSE_8242,saya_divide,saya_divide_mean,saya_divide_std,saya_divide_sigma,deviation_rate(%)
2020-02-21,1141.5,1139.5,930,944,1.2070974576271187,1.0631157164536638,0.04771957342150493,3.017247029885839,11.93
2020-02-20,1143.0,1137.0,958,936,1.2147435897435896,1.0611387307441258,0.04468875655849971,3.4372148797290385,12.65
2020-02-19,1135.0,1132.5,972,953,1.1883525708289613,1.0588427438209103,0.041010128114299424,3.1579961576099906,10.9
2020-02-18,1133.5,1139.0,961,962,1.183991683991684,1.0566951112804328,0.03829965612773769,3.3237001472464764,10.75
2020-02-17,1138.0,1141.5,980,961,1.1878251821019772,1.0545072557375814,0.035553724333336686,3.7497598033461492,11.22
2020-02-14,1131.0,1138.0,1010,987,1.1529888551165146,1.0523744870198404,0.032124736358333704,3.1319904691007108,8.73
2020-02-13,1133.5,1137.0,1001,1010,1.1257425742574256,1.0504687198231675,0.030286428620966258,2.485398835772556,6.69
2020-02-12,1123.5,1130.0,1001,1000,1.13,1.0489432992649173,0.029322523281477178,2.7643153338814317,7.17
2020-02-10,1129.0,1122.0,1000,1000,1.122,1.047172331522982,0.028369013836118766,2.6376549043713786,6.67
2020-02-07,1138.0,1140.5,1014,1011,1.1280909990108803,1.045654242489323,0.027352345409854675,3.013882549606021,7.31
2020-02-06,1137.0,1138.0,1026,1015,1.1211822660098523,1.0439624267595393,0.026096378885415723,2.959025065867211,6.89
2020-02-05,1092.0,1090.5,995,1003,1.0872382851445663,1.0422064258880377,0.025258793941565827,1.7828190594018938,4.14
2020-02-04,1061.5,1073.0,995,1016,1.0561023622047243,1.0407746084018996,0.025705239963012657,0.5962890766582939,1.45
2020-02-03,1070.0,1072.0,981,990,1.082828282828283,1.039442356321616,0.02740913666238611,1.5829001489932364,4.01
2020-01-31,1092.0,1093.0,997,1003,1.0897308075772683,1.0376962088161323,0.028729298983773032,1.8112032176812338,4.77
2020-01-30,1120.0,1088.5,1049,1005,1.083084577114428,1.0358489913762998,0.029759668873629824,1.5872349231675693,4.36
2020-01-29,1121.0,1122.0,1101,1094,1.0255941499085923,1.0343186226472454,0.03023858908599846,-0.28852115797601174,-0.85
2020-01-28,1124.0,1123.0,1095,1096,1.0246350364963503,1.0335449045237801,0.03117967568179368,-0.2857588423420448,-0.87
2020-01-27,1132.5,1130.5,1111,1105,1.023076923076923,1.0328074737850612,0.03202427984718304,-0.30384916552601726,-0.95
2020-01-24,1176.5,1152.0,1155,1140,1.0105263157894737,1.0325053139808265,0.03222097302727922,-0.6821332854456218,-2.18
2020-01-23,1218.0,1196.0,1155,1149,1.040905134899913,1.0324411535798241,0.032269429662174685,0.2622910106778272,0.81
2020-01-22,1209.5,1225.5,1166,1174,1.0438671209540034,1.032003005520927,0.03237445276977338,0.3664653582701887,1.14
2020-01-21,1216.0,1220.0,1188,1169,1.0436270316509837,1.0316617429115291,0.03238249043286991,0.3694987192000891,1.15
2020-01-20,1221.5,1216.0,1203,1194,1.018425460636516,1.0311282032492806,0.032510351469610885,-0.3907291689737196,-1.25
2020-01-17,1203.5,1215.0,1207,1214,1.0008237232289952,1.0308079830499524,0.03275127989024026,-0.9155141393387922,-3.0
2020-01-16,1214.5,1207.0,1206,1205,1.0016597510373444,1.0306487342541324,0.03292526237150934,-0.8804480550433683,-2.89
2020-01-15,1230.5,1217.5,1199,1195,1.0188284518828452,1.030632028704635,0.032940280927750795,-0.3583326094783206,-1.16
2020-01-14,1222.5,1243.0,1209,1194,1.0410385259631492,1.0304185262568972,0.033067740420691646,0.3211589171543947,1.02
2020-01-10,1253.0,1229.0,1210,1213,1.0131904369332234,1.03020384798886,0.03305035719008267,-0.5147723807578622,-1.68
2020-01-09,1254.5,1253.0,1211,1215,1.031275720164609,1.0300707791347263,0.03313856306926724,0.03636069033422065,0.12
2020-01-08,1260.0,1259.5,1207,1208,1.0426324503311257,1.0298793940289053,0.03317248314354541,0.38444683947942265,1.22
2020-01-07,1270.0,1288.0,1210,1231,1.0463038180341186,1.029586711560581,0.03315550497175307,0.5042030422332527,1.6
2020-01-06,1282.5,1262.0,1206,1207,1.0455675227837613,1.029067047189833,0.03319482970295213,0.49707968805939545,1.58
2019-12-30,1310.0,1299.0,1242,1227,1.058679706601467,1.0285493426175858,0.03323620479950803,0.906552482921493,2.85
2019-12-27,1317.0,1319.5,1234,1235,1.068421052631579,1.0278652408342785,0.03313687502621644,1.223887640739038,3.8
2019-12-26,1307.5,1321.0,1212,1222,1.0810147299509,1.0272839293996638,0.03280103158506458,1.6380826441965226,4.97
2019-12-25,1310.5,1314.0,1244,1209,1.086848635235732,1.0262853894599278,0.032286019283707945,1.8758350245539717,5.57
2019-12-24,1326.5,1325.0,1263,1242,1.06682769726248,1.0252174166576848,0.03158210125447962,1.3175273003373416,3.9
2019-12-23,1331.0,1313.0,1281,1263,1.0395882818685669,1.0246133762098801,0.03121154488998945,0.47978738993755127,1.44
2019-12-20,1328.0,1335.0,1287,1278,1.0446009389671362,1.0244919625395914,0.031170740648466613,0.6451234718586663,1.93
2019-12-19,1338.0,1334.0,1295,1288,1.0357142857142858,1.0242321114550073,0.03108313152307255,0.3694021064369112,1.11
2019-12-18,1362.0,1385.0,1339,1305,1.0613026819923372,1.0240048584408687,0.031060650329029608,1.2008062663327288,3.51
2019-12-17,1380.5,1364.0,1335,1342,1.0163934426229508,1.0234502452290921,0.03075962219735549,-0.22941772694295232,-0.69
2019-12-16,1394.0,1383.5,1318,1324,1.0449395770392749,1.023432946872436,0.03076395038276607,0.6990854522664601,2.06
2019-12-13,1371.5,1394.0,1289,1298,1.073959938366718,1.02304440926532,0.03067375951603586,1.6599050753716729,4.74
2019-12-12,1315.0,1333.5,1271,1251,1.065947242206235,1.0220943127898,0.03018159635436018,1.4529691836561833,4.11
2019-12-11,1296.5,1305.0,1266,1274,1.0243328100470959,1.02111900662609,0.029929569494801897,0.1073788723076696,0.31
2019-12-10,1294.0,1287.5,1260,1266,1.0169826224328593,1.0205951131297835,0.030211291167174064,-0.11957419088560134,-0.36
2019-12-09,1320.0,1310.5,1247,1252,1.0467252396166133,1.020188983644695,0.030460827922132148,0.871160036744694,2.54
2019-12-06,1307.0,1317.5,1258,1240,1.0625,1.0194929877490766,0.030442899803332927,1.4127107643738637,4.05
2019-12-05,1276.0,1297.5,1234,1253,1.035514764565044,1.0186596544157431,0.030107817648795433,0.5598250376667604,1.63
2019-12-04,1260.0,1268.5,1202,1222,1.038052373158756,1.0181062471094073,0.030174300575455153,0.6610302697645175,1.92
2019-12-03,1270.5,1275.5,1215,1212,1.0523927392739274,1.017496780031855,0.030226854115045197,1.1544687749924702,3.32
2019-12-02,1294.0,1290.5,1225,1233,1.0466342254663423,1.0165788317470814,0.030198541153324578,0.9952597897581584,2.87
2019-11-29,1303.5,1280.5,1223,1214,1.0547775947281712,1.0161081451264784,0.030000882330426543,1.2889437442469727,3.67
2019-11-28,1313.0,1300.5,1224,1220,1.0659836065573771,1.01542526903411,0.02969423710730951,1.702631299822881,4.74
2019-11-27,1315.5,1313.0,1213,1216,1.0797697368421053,1.0142814031063025,0.029375288311186118,2.229368203711035,6.07
2019-11-26,1313.5,1304.5,1246,1216,1.072779605263158,1.0133470283478203,0.028374855582664803,2.094550816027663,5.54
2019-11-25,1302.0,1303.0,1233,1237,1.053354890864996,1.0127612489955937,0.02758434062627677,1.4716190761773287,3.85
2019-11-22,1291.0,1289.0,1204,1222,1.0548281505728314,1.012170332378438,0.02718014779038818,1.5694476175541165,4.04
2019-11-21,1290.0,1298.0,1210,1198,1.0834724540901504,1.0113735549558454,0.026791082030481368,2.6911529385888553,6.65
2019-11-20,1271.0,1285.5,1216,1213,1.0597691673536687,1.0099962954816766,0.025681330248336704,1.9380955499848265,4.7
2019-11-19,1290.0,1287.5,1219,1231,1.045897644191714,1.00871424022995,0.025564405708672862,1.4544990556596173,3.56
2019-11-18,1303.0,1302.0,1231,1224,1.0637254901960784,1.0077342379919365,0.025528985989273147,2.1932423100419465,5.26
2019-11-15,1300.0,1300.0,1225,1234,1.053484602917342,1.0066098685399825,0.02488715957482075,1.883490730890171,4.45
2019-11-14,1328.0,1314.0,1246,1217,1.0797041906327034,1.005512225042524,0.02460942886882479,3.014778034290988,6.87
2019-11-13,1329.0,1338.5,1263,1249,1.0716573258606885,1.0041853714917741,0.023216809187074788,2.906168277701022,6.3
2019-11-12,1259.0,1303.0,1254,1260,1.0341269841269842,1.0027623807219586,0.022289887714944463,1.4071225394283606,3.03
2019-11-11,1284.0,1260.0,1268,1252,1.0063897763578276,1.001922430449771,0.022279091050399102,0.20051742227502653,0.44
2019-11-08,1293.5,1283.5,1267,1269,1.0114263199369582,1.00146300194276,0.02253602810692958,0.44210621086040625,0.99
2019-11-07,1273.0,1269.5,1259,1257,1.0099443118536198,1.0009726842618343,0.022713269834586377,0.3949949812212439,0.89
2019-11-06,1291.0,1282.5,1224,1261,1.0170499603489294,1.0004197688827166,0.02299118234573206,0.7233291100968512,1.64
2019-11-05,1278.5,1284.0,1224,1226,1.0473083197389885,0.9995854157560795,0.023502304174625885,2.0305627749653903,4.56
2019-11-01,1237.5,1253.0,1197,1203,1.0415627597672485,0.9983533309700171,0.02339007075046908,1.847340662548654,4.15
2019-10-31,1278.5,1267.5,1222,1235,1.0263157894736843,0.9971252365266717,0.0235068686147552,1.241788237531975,2.84
2019-10-30,1283.5,1278.0,1229,1207,1.0588235294117647,0.9962700252123339,0.023595916654962256,2.6510309014113145,5.91
2019-10-29,1275.5,1286.5,1238,1234,1.0425445705024312,0.9946094624476431,0.023517481295926578,2.038275589618129,4.6
2019-10-28,1264.0,1261.5,1236,1228,1.0272801302931596,0.993408996874406,0.023337217795035857,1.4513783826433002,3.3
2019-10-25,1263.0,1255.5,1232,1231,1.019902518277823,0.9924690677174014,0.02337368921126153,1.17368936980663,2.69
2019-10-24,1269.0,1272.5,1243,1238,1.0278675282714056,0.9914623959073098,0.023792585116764155,1.5301041137579,3.54
2019-10-23,1260.0,1255.5,1243,1243,1.0100563153660498,0.9904964143107831,0.023765618941868384,0.8230335217909113,1.94
2019-10-21,1251.0,1249.0,1245,1235,1.011336032388664,0.9899275474972069,0.02380121395923503,0.8994702929070744,2.12
2019-10-18,1239.5,1236.5,1228,1240,0.9971774193548387,0.9895246301390532,0.023690914355493316,0.323026334102255,0.77
2019-10-17,1243.0,1238.0,1251,1228,1.00814332247557,0.9894012339518421,0.023674829308469203,0.7916461943412334,1.86
2019-10-16,1252.0,1246.5,1250,1245,1.0012048192771084,0.9892872494521137,0.02360479548976998,0.5048791814425855,1.19
2019-10-15,1215.0,1223.0,1236,1236,0.9894822006472492,0.9891712684590322,0.023567294385715566,0.013193376512725341,0.03
2019-10-11,1180.0,1191.5,1222,1216,0.9798519736842105,0.9895003946726245,0.02374106184022963,-0.4064022516492753,-0.98
2019-10-10,1151.0,1167.5,1219,1221,0.9561834561834562,0.9899968128012796,0.023922679742126723,-1.4134435181306055,-3.54
2019-10-09,1140.5,1147.0,1220,1205,0.9518672199170124,0.991117302084343,0.024278103712832455,-1.6166864855505398,-4.12
2019-10-08,1161.0,1159.5,1204,1219,0.9511894995898277,0.9919904774441273,0.02402711210520623,-1.6981224241867494,-4.29
2019-10-07,1154.5,1161.0,1191,1199,0.9683069224353628,0.9929563753268763,0.023822718256772766,-1.0347036230639104,-2.55
2019-10-04,1143.0,1148.5,1176,1187,0.9675652906486942,0.9939049645600424,0.024235186967950885,-1.0868360102267955,-2.72
2019-10-03,1163.0,1153.5,1183,1190,0.969327731092437,0.9948341815145318,0.02454156904545872,-1.0393162056936494,-2.63
2019-10-02,1212.5,1205.5,1207,1205,1.000414937759336,0.9957217205034161,0.024805329197173716,0.18920197424570837,0.47
2019-10-01,1200.0,1232.0,1190,1225,1.0057142857142858,0.9960331187756049,0.02500805817090536,0.38712189777069944,0.96
2019-09-30,1213.0,1190.5,1194,1181,1.008044030482642,0.9960705646630508,0.02502462338670568,0.47846737329729533,1.19
2019-09-27,1237.5,1226.0,1228,1204,1.0182724252491695,0.9963232357151167,0.025238994214079515,0.8696538914299714,2.16
2019-09-26,1266.0,1250.5,1266,1246,1.0036115569823434,0.9964551135825428,0.025378791237471242,0.2819851951512276,0.71
2019-09-25,1234.0,1245.0,1252,1252,0.994408945686901,0.9968965084443403,0.0257840659466958,-0.09647674507899366,-0.25
2019-09-24,1235.5,1245.0,1232,1259,0.988880063542494,0.9969221560796804,0.0257825354421801,-0.3119201583266139,-0.81
2019-09-20,1240.5,1229.5,1238,1229,1.000406834825061,0.9974179225673843,0.025979861051395426,0.11504727649481342,0.3
2019-09-19,1244.5,1246.5,1208,1243,1.0028157683024939,0.997599055030348,0.026047338099002476,0.2002781724688283,0.52
2019-09-18,1246.0,1233.0,1235,1203,1.0249376558603491,0.9980773844688544,0.026464798637686148,1.0149433501921836,2.62
2019-09-17,1259.0,1250.0,1242,1246,1.0032102728731942,0.9980285703339787,0.026418546019317313,0.19613882366677504,0.52
2019-09-13,1271.0,1262.0,1244,1241,1.016921837228042,0.9987924893847452,0.027368608436275504,0.6624139435334748,1.78
2019-09-12,1256.5,1258.5,1248,1233,1.0206812652068127,0.9990594481517354,0.027640442492723148,0.782252927418568,2.12
2019-09-11,1210.0,1237.0,1205,1228,1.007328990228013,0.9991488431771937,0.027720952288628097,0.2950889625164496,0.81
2019-09-10,1184.0,1195.0,1153,1187,1.0067396798652064,0.9995571005107117,0.028061794054574932,0.255955814532954,0.71
2019-09-09,1161.5,1161.5,1132,1153,1.007372072853426,1.0001924821850334,0.028748324728347426,0.24973944521062807,0.71
2019-09-06,1162.5,1156.0,1140,1128,1.024822695035461,1.0004386323247656,0.02888744262018482,0.8441059678179113,2.38
2019-09-05,1131.5,1150.0,1126,1143,1.006124234470691,1.0012918361290748,0.030495283068336303,0.15846379686941997,0.48
2019-09-04,1129.5,1118.5,1113,1111,1.0067506750675068,1.0024786665864167,0.03233676990728565,0.1321099322331387,0.42
2019-09-03,1131.0,1139.0,1100,1115,1.02152466367713,1.0031682505921087,0.03296585258938835,0.5568311341333316,1.8
2019-09-02,1147.0,1132.5,1115,1099,1.0304822565969063,1.003354999368651,0.033108673638880745,0.8193398963708023,2.63
2019-08-30,1136.5,1143.0,1105,1115,1.0251121076233183,1.0030506969402666,0.03296250729620113,0.669288003027434,2.15
2019-08-29,1116.0,1118.5,1101,1098,1.0186703096539163,1.0029050347887514,0.03288875118300211,0.4793515806496431,1.55
2019-08-28,1114.0,1112.5,1093,1091,1.0197066911090742,1.0016890980941588,0.03395202428882003,0.5306780197152577,1.77
2019-08-27,1104.0,1109.5,1088,1093,1.015096065873742,1.0028355146441674,0.03593476497780056,0.34118913083608027,1.21
2019-08-26,1067.0,1093.0,1077,1076,1.0157992565055762,1.003920961222791,0.037484797680279874,0.31688300372057604,1.17
2019-08-23,1096.5,1113.0,1118,1110,1.0027027027027027,1.0048953775909164,0.03871073397594371,-0.05664255525550975,-0.22
2019-08-22,1098.5,1103.0,1109,1111,0.9927992799279928,1.006461524094563,0.04090429225866269,-0.33400514743478427,-1.38
2019-08-21,1088.5,1086.5,1101,1103,0.985040797824116,1.008391232793304,0.04354299279269595,-0.5362615996644324,-2.37
2019-08-20,1089.5,1098.0,1107,1113,0.9865229110512129,1.0103127930921907,0.04560143460939347,-0.521691526697655,-2.41
2019-08-19,1101.0,1090.0,1081,1096,0.9945255474452555,1.0117387234234143,0.04649847234674614,-0.37018798918376505,-1.73
2019-08-16,1070.5,1083.0,1080,1083,1.0,1.0131600307308857,0.047567488636506075,-0.2766601960311585,-1.32
2019-08-15,1064.5,1078.5,1093,1085,0.9940092165898617,1.0144034351814477,0.04841846276031115,-0.4212074780759708,-2.05
2019-08-14,1096.0,1101.5,1101,1110,0.9923423423423423,1.0160275684141102,0.0497322785299904,-0.4762545930302563,-2.39
2019-08-13,1088.0,1076.0,1088,1094,0.9835466179159049,1.01778217287693,0.05116641716788253,-0.6691020567004838,-3.48
2019-08-09,1122.5,1115.5,1125,1103,1.0113327289211242,1.019387735820249,0.051950237381805646,-0.1550523598174323,-0.8
2019-08-08,1111.5,1127.0,1132,1123,1.0035618878005343,1.0203833904471482,0.05249900414595682,-0.32041565207307576,-1.68
2019-08-07,1148.5,1113.5,1126,1136,0.980193661971831,1.0212719716691685,0.052770063114257325,-0.7784396544759681,-4.19
2019-08-06,1131.5,1146.0,1102,1135,1.009691629955947,1.022385371244704,0.052772541661517736,-0.24053685665121738,-1.26
2019-08-05,1200.0,1177.0,1152,1144,1.0288461538461537,1.023168186548995,0.05301334387457857,0.10710449260835059,0.55
2019-08-02,1185.0,1172.5,1189,1162,1.0090361445783131,1.0234570637696128,0.053102451950764386,-0.2715678591389797,-1.43
2019-08-01,1198.5,1211.0,1212,1217,0.9950698438783895,1.0238163283908948,0.053094819051197506,-0.5414178826899482,-2.89
2019-07-31,1223.0,1211.5,1230,1236,0.9801779935275081,1.0243780820083523,0.053010516825711146,-0.8337984824061612,-4.51
2019-07-30,1228.5,1231.5,1258,1278,0.9636150234741784,1.0247532647604318,0.05279550234313614,-1.1580198799680885,-6.34
2019-07-29,1230.0,1233.0,1263,1268,0.972397476340694,1.0251861784596272,0.05242421729810948,-1.0069526039607068,-5.43
2019-07-26,1237.5,1236.0,1265,1262,0.9793977812995246,1.025380487895606,0.05225493114588537,-0.8799687529528445,-4.69
2019-07-25,1242.0,1246.0,1277,1283,0.9711613406079501,1.0255036689934305,0.05215718813005603,-1.0418952848833722,-5.6
2019-07-24,1227.5,1237.0,1263,1262,0.9801901743264659,1.0257615745414914,0.05193519064922227,-0.877466697346338,-4.65
2019-07-23,1208.5,1224.5,1238,1269,0.9649330181245075,1.0254891097144556,0.05222634181322397,-1.1594932650368979,-6.28
2019-07-22,1212.0,1211.0,1254,1247,0.9711307137129109,1.0251957529142135,0.05262592677973526,-1.027346072736936,-5.57
2019-07-19,1179.5,1212.0,1219,1247,0.9719326383319968,1.0249573345563083,0.0529100630348286,-1.0021665668666362,-5.46
2019-07-18,1206.5,1192.0,1248,1223,0.9746524938675388,1.0247593943937197,0.053135351199768234,-0.9430049749327598,-5.14
2019-07-17,1201.0,1213.5,1256,1253,0.9684756584197926,1.024608300653092,0.05329349486336994,-1.0532738071918206,-5.8
2019-07-16,1211.0,1205.5,1276,1263,0.9544734758511481,1.0246479257829706,0.05325283334661275,-1.317759929787588,-7.35
2019-07-12,1223.5,1217.5,1292,1275,0.9549019607843138,1.0248498609939878,0.05301453040545869,-1.3194099744863863,-7.33
2019-07-11,1218.0,1221.0,1275,1286,0.9494556765163297,1.0250293373507406,0.052799773824912265,-1.4313254652381373,-7.96
2019-07-10,1207.0,1221.0,1283,1269,0.9621749408983451,1.0254418237553595,0.052326481184908714,-1.209079636626913,-6.58
2019-07-09,1224.5,1215.5,1302,1301,0.9342813220599538,1.0255627156109195,0.05219047067886279,-1.749004988144986,-9.77
2019-07-08,1258.0,1233.5,1325,1295,0.9525096525096525,1.026165776723264,0.051387364520913865,-1.4333508811029712,-7.73
2019-07-05,1246.0,1262.0,1315,1319,0.9567854435178166,1.026607615090336,0.050892233136934896,-1.3719612457297776,-7.3
2019-07-04,1249.5,1240.0,1305,1313,0.9444021325209444,1.0268912559852759,0.050560498482907446,-1.631493476912967,-8.73
2019-07-03,1228.0,1243.0,1306,1301,0.9554189085318986,1.027189578428856,0.05013714209868925,-1.4314870551593284,-7.51
2019-07-02,1249.5,1246.0,1284,1288,0.967391304347826,1.0273502795903042,0.049925712790975456,-1.200963829870774,-6.2
2019-07-01,1244.0,1247.0,1262,1271,0.981117230527144,1.0274959926416376,0.04976619713137117,-0.9319330145332287,-4.73
2019-06-28,1230.5,1227.0,1244,1242,0.9879227053140096,1.0275575394993735,0.04971162596347493,-0.7972950676464516,-4.01
2019-06-27,1199.5,1232.5,1208,1233,0.9995944849959448,1.0278106753583445,0.049557254915988204,-0.5693654826166836,-2.82
2019-06-26,1200.5,1192.0,1192,1201,0.9925062447960034,1.027929076575348,0.04950027522163823,-0.7156087844105575,-3.57
2019-06-25,1219.0,1217.0,1193,1200,1.0141666666666667,1.0284067567799566,0.049328702353866244,-0.28867757378121817,-1.4
2019-06-24,1221.5,1220.5,1200,1200,1.0170833333333333,1.028886720350084,0.04936292575462855,-0.23911441301965175,-1.16
2019-06-21,1216.0,1228.5,1205,1181,1.040220152413209,1.0293028321912288,0.04939320207894629,0.22102880077568016,1.05
2019-06-20,1234.5,1231.0,1208,1210,1.0173553719008264,1.029456962629387,0.0494450376935424,-0.24474833659882392,-1.19
2019-06-19,1226.5,1234.5,1180,1206,1.0236318407960199,1.029938454624695,0.04950064515193333,-0.12740467946060355,-0.62
2019-06-18,1228.0,1212.0,1178,1166,1.039451114922813,1.0302172082341945,0.04952320619928146,0.18645615656347447,0.89
2019-06-17,1225.5,1225.0,1200,1181,1.0372565622353938,1.0302213976275747,0.049524000443894996,0.142055660785907,0.68
2019-06-14,1233.5,1241.0,1200,1198,1.0358931552587647,1.030168800428645,0.04951859527992447,0.11560010532933124,0.55
2019-06-13,1234.0,1227.5,1210,1199,1.0237698081734778,1.0301944985294682,0.04952205930318995,-0.12973390942118018,-0.63
2019-06-12,1260.0,1242.5,1227,1232,1.0085227272727273,1.0302560623774777,0.049516903863769,-0.4389073913939205,-2.15
2019-06-11,1265.0,1274.5,1239,1241,1.0269943593875908,1.0302703032516929,0.04951080460117381,-0.0661662417020074,-0.32
2019-06-10,1268.5,1259.5,1220,1225,1.0281632653061223,1.0302057929219397,0.04951818245664101,-0.04124803283330988,-0.2
2019-06-07,1244.5,1256.5,1222,1212,1.0367161716171618,1.0298652324775786,0.04961878905049594,0.13807146991457583,0.66
2019-06-06,1245.5,1222.5,1240,1227,0.9963325183374083,1.0297843849069943,0.04961249995376001,-0.6742628692519808,-3.36
2019-06-05,1286.0,1279.5,1240,1247,1.0260625501202887,1.0307307205599314,0.04964229597944804,-0.09403615097849957,-0.45
2019-06-04,1224.5,1232.0,1192,1215,1.013991769547325,1.0303921564421525,0.04975942924814266,-0.3295935492555845,-1.62
2019-06-03,1190.5,1221.5,1160,1176,1.0386904761904763,1.0302490588803481,0.04982178039128966,0.16943226925716134,0.81
2019-05-31,1217.0,1200.0,1191,1175,1.0212765957446808,1.029643957056317,0.04999088852406353,-0.16737772739543286,-0.82
2019-05-30,1225.0,1262.0,1178,1190,1.0605042016806723,1.0295750511724355,0.0500059337461155,0.6185096085849882,2.92
2019-05-29,1227.5,1235.0,1197,1191,1.0369437447523089,1.0286436402040582,0.05007169722286205,0.1657643940309853,0.8
2019-05-28,1242.0,1238.0,1203,1205,1.0273858921161825,1.0283312371208744,0.05009202518432505,-0.018872165803105124,-0.09
2019-05-27,1243.5,1244.5,1199,1199,1.0379482902418682,1.0287247576872955,0.05019886936916186,0.1837398465440108,0.89
2019-05-24,1227.0,1260.0,1187,1195,1.0543933054393306,1.0288770530707727,0.050243927356450814,0.5078474894594778,2.42
2019-05-23,1250.5,1231.0,1177,1200,1.0258333333333334,1.0285682073669968,0.05015724878665243,-0.05452599773357682,-0.27
2019-05-22,1269.5,1275.0,1173,1171,1.088812980358668,1.0286388249679095,0.05015707698751371,1.1997141580985353,5.53
2019-05-21,1232.0,1283.5,1158,1172,1.0951365187713311,1.0280661168646135,0.049709953906896774,1.3492348440381934,6.12
2019-05-20,1226.5,1231.0,1170,1163,1.058469475494411,1.0269762013762338,0.04912008901498216,0.6411485555038687,2.98
2019-05-17,1200.0,1209.5,1175,1168,1.0355308219178083,1.0264799309710584,0.04898724144448057,0.1847601677471003,0.87
2019-05-16,1195.0,1184.0,1166,1175,1.0076595744680852,1.0261330097606218,0.04901404035984831,-0.37690088711131536,-1.83
2019-05-15,1222.0,1179.5,1196,1163,1.0141874462596732,1.0262840466580094,0.04897431888632095,-0.24699884905831687,-1.19
2019-05-14,1223.0,1208.5,1280,1303,0.9274750575594781,1.0265418794307413,0.04896085643654314,-2.0233882550576094,-10.68
2019-05-13,1431.5,1438.5,1303,1301,1.1056879323597233,1.0281250532460802,0.04763362233420277,1.6283220824453235,7.01
2019-05-10,1443.0,1443.0,1312,1316,1.0965045592705167,1.027277463456608,0.04680428605704806,1.4790759916630352,6.31
2019-05-09,1454.0,1439.5,1331,1322,1.0888804841149773,1.0262782693740773,0.046110512430590694,1.3576560190072482,5.75
2019-05-08,1533.0,1505.5,1353,1344,1.1201636904761905,1.025254787302886,0.045558215708113504,2.0832445190868603,8.47
2019-05-07,1600.5,1555.0,1422,1367,1.1375274323335771,1.0235047304563645,0.04438466841609432,2.568965950320514,10.02
2019-04-26,1577.0,1595.5,1424,1413,1.1291578202406227,1.0215766142814078,0.042490063845901614,2.531914434145801,9.53
2019-04-25,1574.0,1573.5,1432,1439,1.0934676858929813,1.0195810482340313,0.04087448747802764,1.8076468285667986,6.76
2019-04-24,1593.5,1568.0,1455,1424,1.101123595505618,1.018007690268916,0.040266700361860426,2.0641349921839467,7.55
2019-04-23,1582.5,1588.5,1427,1453,1.0932553337921542,1.0162790337818326,0.03943577311302788,1.9519409392507123,7.04
2019-04-22,1586.5,1580.0,1408,1416,1.115819209039548,1.0149203924554702,0.0385046867161259,2.620429490257898,9.04
2019-04-19,1597.5,1587.0,1448,1412,1.1239376770538243,1.0128951660296315,0.037113866860796166,2.9919412989404344,9.88
2019-04-18,1591.5,1587.5,1459,1438,1.1039638386648123,1.0105613984621011,0.03552721703222886,2.629039029935281,8.46
2019-04-17,1585.0,1591.0,1468,1465,1.0860068259385665,1.008528181371827,0.03447146911789094,2.2476165521627713,7.13
2019-04-16,1543.5,1562.5,1452,1460,1.0702054794520548,1.0068191746966622,0.03375783203965015,1.8776769989536788,5.92
2019-04-15,1540.5,1553.0,1469,1460,1.0636986301369864,1.0053414604236992,0.033374344195635286,1.7485637881363725,5.49
2019-04-12,1539.5,1538.5,1474,1440,1.0684027777777778,1.0039254393339545,0.03312031775441783,1.9467608650953492,6.03
2019-04-11,1516.5,1539.0,1480,1465,1.0505119453924914,1.0024532769541834,0.03267247492160111,1.4709221922620384,4.57
2019-04-10,1500.0,1526.0,1464,1473,1.035980991174474,1.000904286907222,0.033108295208205324,1.0594536519222166,3.39
2019-04-09,1506.5,1519.5,1503,1465,1.0372013651877132,0.9993284951604889,0.034195948619261035,1.1075250594420476,3.65
2019-04-08,1525.0,1515.5,1543,1503,1.0083166999334665,0.9979266188258508,0.034765007962072256,0.2988660643757384,1.03
2019-04-05,1513.0,1526.0,1530,1532,0.9960835509138382,0.996831566597477,0.03570135473613438,-0.020952025186924197,-0.08
2019-04-04,1516.5,1515.0,1533,1535,0.9869706840390879,0.9956029041246311,0.03725769848683319,-0.23168956849532238,-0.87
2019-04-03,1527.0,1522.5,1526,1540,0.9886363636363636,0.9943534073636605,0.039054319583492175,-0.14638697558344857,-0.58
2019-04-02,1519.5,1512.5,1566,1527,0.9905042567125082,0.9928255332021987,0.04141805505395893,-0.05604503849025173,-0.23
2019-04-01,1483.5,1490.5,1555,1553,0.9597553122987765,0.9912470571266028,0.043671052891261324,-0.7211125618207344,-3.28
2019-03-29,1467.5,1454.0,1524,1542,0.9429312581063554,0.9901623254326951,0.04541533462156275,-1.039980608310104,-5.01
2019-03-28,1451.0,1437.5,1527,1508,0.9532493368700266,0.9893779172232542,0.04671382466016053,-0.773402319678602,-3.79
2019-03-27,1482.0,1472.0,1525,1538,0.9570871261378413,0.9882223302100649,0.04862611510738198,-0.6402979963229043,-3.25
2019-03-26,1476.0,1497.0,1531,1554,0.9633204633204633,0.9865277667134692,0.05179299753684503,-0.44807801240884876,-2.41
2019-03-25,1478.5,1463.0,1520,1506,0.9714475431606906,0.9849447551304578,0.054234932965193466,-0.24886565229884797,-1.39
2019-03-22,1499.0,1500.0,1544,1547,0.9696186166774402,0.9828915921211194,0.05752214620305637,-0.23074548360599909,-1.37
2019-03-20,1508.0,1484.5,1540,1533,0.9683626875407697,0.9808891751007996,0.06048693444046353,-0.20709410513041612,-1.29
2019-03-19,1498.5,1500.0,1545,1530,0.9803921568627451,0.9789312764352157,0.06317744531261787,0.02312344888750312,0.15
2019-03-18,1494.0,1486.0,1523,1530,0.9712418300653595,0.9767915991668523,0.06575656745213528,-0.08439870444169052,-0.57
2019-03-15,1493.5,1482.0,1509,1513,0.9795109054857898,0.9747611295869175,0.06820228100784245,0.06964247864856746,0.48
2019-03-14,1491.5,1476.5,1498,1498,0.9856475300400535,0.9725406788369289,0.07067748977722756,0.1854459070976748,1.33
2019-03-13,1467.0,1471.0,1537,1504,0.9780585106382979,0.9701692567893762,0.07313886351605235,0.10786678203155536,0.81
2019-03-12,1467.0,1469.5,1506,1520,0.9667763157894737,0.9680023972002093,0.0752499455227052,-0.016293452469885332,-0.13
2019-03-11,1444.0,1442.5,1492,1491,0.9674714956405097,0.9660192413178027,0.07719101281292096,0.018813774684193832,0.15
2019-03-08,1481.5,1444.0,1490,1476,0.978319783197832,0.9643333510291493,0.07851038469529818,0.1781475434487368,1.43
2019-03-07,1521.5,1485.5,1515,1507,0.9857332448573325,0.9625137943884285,0.0797369455474012,0.2912006512100553,2.36
2019-03-06,1560.0,1530.5,1535,1520,1.0069078947368422,0.9606176367384325,0.08084544286258712,0.5725772085519919,4.6
2019-03-05,1557.5,1547.0,1536,1534,1.0084745762711864,0.9584723530987997,0.08171866411978532,0.6118825327233951,4.96
2019-03-04,1598.0,1597.0,1552,1553,1.0283322601416613,0.9564596789192751,0.08231905698344086,0.8730977231292144,6.99
2019-03-01,1597.0,1601.5,1524,1525,1.0501639344262295,0.9541984910427049,0.0826423145209533,1.161214372320045,9.14
2019-02-28,1616.5,1595.5,1543,1522,1.0482917214191854,0.9514243754257938,0.08286613766053878,1.1689617584230692,9.24
2019-02-27,1625.5,1625.0,1547,1545,1.051779935275081,0.9486107955008424,0.08311143061094142,1.241335145067959,9.81
2019-02-26,1618.0,1625.5,1538,1543,1.0534672715489306,0.9457291243118452,0.08323105764740711,1.2944464516298475,10.23
2019-02-25,1610.5,1606.5,1543,1538,1.0445383615084525,0.9431395414233701,0.08285924666413891,1.2237477911921122,9.71
2019-02-22,1587.0,1595.0,1532,1534,1.0397653194263363,0.9404844682328447,0.08275789261522086,1.199654172624882,9.55
2019-02-21,1616.0,1597.5,1560,1546,1.0333117723156533,0.9382423893505599,0.08231445621046599,1.1549536660002335,9.2
2019-02-20,1603.0,1619.0,1553,1560,1.037820512820513,0.9359928443686591,0.08199034997336987,1.2419469911389203,9.81
2019-02-19,1580.5,1594.0,1549,1550,1.0283870967741935,0.9336898211164527,0.08152229329358668,1.1616120184046708,9.21
2019-02-18,1595.0,1579.0,1550,1564,1.0095907928388748,0.9316365692112434,0.0810492565734132,0.961812938494033,7.72
2019-02-15,1530.0,1545.5,1508,1512,1.0221560846560847,0.9300561559560244,0.08066853452677969,1.1417082167209278,9.01
2019-02-14,1533.0,1530.0,1519,1526,1.0026212319790302,0.9282250486325155,0.08011392733513296,0.9286298377971184,7.42
2019-02-13,1597.0,1563.5,1511,1517,1.0306526038233355,0.9266468530030187,0.07979805634956774,1.3033619561446887,10.09
2019-02-12,1553.5,1609.5,1493,1508,1.0673076923076923,0.9246273344523348,0.07905347806336593,1.8048587026239495,13.37
2019-02-08,1508.0,1493.0,1514,1492,1.0006702412868633,0.9221094212646755,0.07746025115703348,1.014208175789711,7.85
2019-02-07,1545.5,1539.0,1567,1534,1.0032594524119949,0.9206826172790256,0.07698412614597934,1.0726475608281236,8.23
2019-02-06,1591.0,1558.5,1592,1569,0.9933078393881453,0.9194545849107774,0.07638938620286802,0.9667999462809547,7.44
2019-02-05,1605.5,1608.5,1596,1583,1.0161086544535691,0.918284855748763,0.07591978280151869,1.2885152603841397,9.63
2019-02-04,1585.0,1589.0,1559,1604,0.9906483790523691,0.9169659667170801,0.0750632839868816,0.9816039003591439,7.44
2019-02-01,1586.0,1575.0,1528,1554,1.0135135135135136,0.9157625739609287,0.07459438481324449,1.3104329474304994,9.64
2019-01-31,1618.5,1616.0,1534,1529,1.0568999345977763,0.9144670440986414,0.07372411510038049,1.931971517124385,13.48
2019-01-30,1601.5,1583.5,1540,1509,1.0493704440026508,0.9125357048236385,0.07184078200876086,1.9046944556133238,13.04
2019-01-29,1598.5,1601.5,1548,1553,1.0312298776561495,0.9109097478948549,0.07008394705089505,1.7168001350425934,11.67
2019-01-28,1628.0,1606.5,1574,1558,1.031129653401797,0.9094282398304233,0.0686852913210044,1.7718700937380563,11.8
2019-01-25,1600.0,1642.0,1561,1570,1.045859872611465,0.9077806847878672,0.06721248449782558,2.05436815578607,13.2
2019-01-24,1569.0,1589.0,1565,1568,1.0133928571428572,0.9064506143412371,0.06543027162877003,1.6344459550523562,10.55
2019-01-23,1577.0,1586.0,1565,1553,1.021249195106246,0.9058259058071161,0.06462495089077343,1.7860483870109822,11.3
2019-01-22,1620.5,1592.0,1591,1577,1.0095117311350665,0.9049793033483019,0.06351367915738113,1.6458254217606065,10.35
2019-01-21,1621.5,1610.0,1576,1580,1.018987341772152,0.9044006244300298,0.06275178358523552,1.826031242386593,11.25
2019-01-18,1630.0,1618.5,1562,1566,1.0335249042145593,0.9037740978195766,0.06183244069108401,2.0984260841848386,12.55
2019-01-17,1638.0,1630.0,1572,1558,1.0462130937098844,0.9029427600162562,0.06048686046804277,2.3686191114072237,13.69
2019-01-16,1640.5,1633.0,1613,1567,1.04211869814933,0.9021086017822315,0.0589163025756999,2.376423676404395,13.44
2019-01-15,1627.0,1658.0,1600,1623,1.0215650030807146,0.901317644371465,0.057410295861298956,2.0945260236902903,11.77
2019-01-11,1614.0,1628.5,1637,1609,1.0121193287756372,0.9005673010797002,0.05618853608227179,1.985316498237317,11.02
2019-01-10,1603.0,1605.0,1605,1623,0.988909426987061,0.8998969480169219,0.05514387290667935,1.6141862056148284,9.0
2019-01-09,1607.0,1612.5,1627,1624,0.9929187192118226,0.8994345747705081,0.05453763039231213,1.7141218598762666,9.42
2019-01-08,1578.5,1576.0,1632,1609,0.9794903666873834,0.8986923156299188,0.0536315616604375,1.5065392197420775,8.25
2019-01-07,1564.5,1570.5,1600,1610,0.9754658385093168,0.8980534967056659,0.05294631611124215,1.4620911800738827,7.94
2019-01-04,1485.5,1515.5,1529,1560,0.971474358974359,0.8976547016526754,0.052472257874286235,1.4068321111422681,7.6
2018-12-28,1529.0,1548.5,1573,1562,0.9913572343149808,0.8975246767068609,0.052300976401426114,1.794088066118042,9.47
2018-12-27,1486.0,1536.5,1563,1594,0.9639272271016311,0.8970474105596867,0.05160118086063442,1.2960908147155559,6.94
2018-12-26,1429.5,1430.0,1498,1507,0.948905109489051,0.8969384818750992,0.051468336375341504,1.009681510491742,5.48
2018-12-25,1454.5,1421.5,1555,1494,0.9514725568942436,0.8966932735948234,0.05126357147059077,1.068581094293173,5.76
2018-12-21,1559.0,1510.5,1633,1577,0.9578313253012049,0.8960573737526137,0.05087444114481549,1.2142433441725653,6.45
2018-12-20,1612.0,1570.5,1671,1637,0.9593769089798412,0.895434860843836,0.05039816712009369,1.2687375710239195,6.66
2018-12-19,1634.0,1622.0,1710,1694,0.9574970484061394,0.894915028212459,0.04993489405388009,1.2532723134678905,6.54
2018-12-18,1640.5,1630.5,1732,1702,0.9579905992949471,0.8945212502102657,0.04955483145882835,1.2807903329751738,6.63
2018-12-17,1625.5,1643.5,1788,1759,0.9343376918703808,0.8942068724297745,0.04922487466210622,0.8152548831475128,4.3
2018-12-14,1657.5,1624.5,1774,1770,0.9177966101694915,0.8940861577502905,0.0491373367002328,0.4825343417338422,2.58
2018-12-13,1653.0,1660.0,1788,1781,0.9320606400898371,0.8940416044161278,0.049117328800961584,0.7740452626765207,4.08
2018-12-12,1613.0,1637.5,1763,1768,0.9261877828054299,0.8939956276858779,0.04908332132472622,0.6558674973638113,3.48
2018-12-11,1588.5,1585.5,1780,1754,0.9039338654503991,0.8940628851376795,0.0491308202730821,0.20091218216699988,1.09
2018-12-10,1573.5,1590.0,1786,1780,0.8932584269662921,0.8948587784790182,0.049763691737158396,-0.03215901909325401,-0.18
2018-12-07,1600.0,1603.0,1811,1834,0.8740458015267175,0.8955036975660084,0.050051363091993754,-0.42871751564191374,-2.46
2018-12-06,1606.0,1589.0,1829,1822,0.8721185510428101,0.8964441024885489,0.05030132672403592,-0.4835966172263025,-2.79
2018-12-05,1625.0,1614.5,1844,1838,0.8784004352557128,0.8973958041309131,0.05050689656733419,-0.37609455670823777,-2.16
2018-12-04,1677.0,1651.5,1915,1868,0.8841006423982869,0.8985395315029526,0.05103230216763853,-0.28293626764543583,-1.63
2018-12-03,1643.0,1672.5,1947,1930,0.866580310880829,0.89924523545457,0.05119345699711252,-0.6380683487654183,-3.77
2018-11-30,1638.0,1616.0,1933,1947,0.829994863893169,0.8999789346922364,0.0511143116659015,-1.3691678224389354,-8.43
2018-11-29,1612.5,1625.0,1970,1924,0.8445945945945946,0.9011641711922008,0.050504768471178685,-1.1200838714841053,-6.7
2018-11-28,1600.0,1596.5,1972,1953,0.8174603174603174,0.9023943385023682,0.05023481471828997,-1.6907402071322288,-10.39
2018-11-27,1613.0,1602.0,1958,1955,0.8194373401534527,0.9038677489588296,0.04933457915066376,-1.7113839878421448,-10.3
2018-11-26,1571.5,1599.5,1932,1947,0.8215202876219826,0.9051964903585006,0.04837539989668493,-1.729726326091873,-10.19
2018-11-22,1580.0,1568.5,1939,1913,0.819916361735494,0.9067518674273034,0.04752792716307014,-1.827041717890904,-10.59
2018-11-21,1557.5,1585.5,1936,1936,0.8189566115702479,0.9082920302232111,0.04655059329763545,-1.919103760542211,-10.91
2018-11-20,1557.0,1597.5,1937,1965,0.8129770992366412,0.9094107039737032,0.04538379944134525,-2.124846441331875,-11.86
2018-11-19,1568.5,1576.0,1938,1951,0.8077908764736033,0.9108592766054818,0.0439952943854947,-2.3427141827663354,-12.76
2018-11-16,1565.5,1574.0,1920,1930,0.8155440414507772,0.9114881376734357,0.04283945636529698,-2.239619835614443,-11.76
2018-11-15,1571.0,1569.0,1882,1918,0.8180396246089676,0.9118821909769679,0.04208438449090255,-2.229866671527211,-11.47
2018-11-14,1589.0,1584.5,1870,1884,0.8410297239915074,0.9123233105889231,0.04126382467667837,-1.7277503274607902,-8.48
2018-11-13,1580.0,1581.0,1874,1878,0.84185303514377,0.9124455374655888,0.04106556657845532,-1.7190193196763177,-8.39
2018-11-12,1593.5,1614.5,1898,1914,0.843521421107628,0.9124691926735913,0.041025387333380695,-1.680612324404877,-8.17
2018-11-09,1611.0,1601.5,1890,1893,0.8460116217643951,0.9125784308683467,0.040852196837057306,-1.629454821474088,-7.87
2018-11-08,1595.0,1607.0,1870,1874,0.8575240128068303,0.9126962487552441,0.040672394358734494,-1.356503270050671,-6.43
2018-11-07,1560.0,1571.5,1845,1830,0.8587431693989072,0.9124536150380631,0.04105329968701501,-1.3083100761360806,-6.25
2018-11-06,1532.0,1552.0,1826,1843,0.8421052631578947,0.9123423788816231,0.041209685026265326,-1.7043837068631362,-8.34
2018-11-05,1509.5,1523.0,1778,1819,0.8372732270478285,0.9125858487785242,0.04084633931000198,-1.8438034595735258,-8.99
2018-11-02,1500.0,1500.0,1712,1795,0.8356545961002786,0.912767301558467,0.04054045540089558,-1.9021173959601076,-9.23
2018-11-01,1474.5,1486.5,1729,1730,0.8592485549132948,0.9128307511841333,0.04042327167351632,-1.3255284407358685,-6.24
2018-10-31,1460.5,1482.0,1742,1753,0.845407872219053,0.9127003948651016,0.04061117966160748,-1.6569950246893415,-7.96
2018-10-30,1431.5,1446.0,1672,1659,0.8716094032549728,0.9126115937021416,0.04076521507229566,-1.0058131761221636,-4.7
2018-10-29,1457.5,1433.5,1670,1658,0.8645958986731002,0.9122152742124412,0.041302854749830156,-1.152931821002926,-5.51
2018-10-26,1459.0,1430.0,1652,1653,0.8650937689050212,0.9116317412837973,0.04226935708116404,-1.1009860473963593,-5.38
2018-10-25,1465.0,1441.0,1661,1648,0.8743932038834952,0.9109082816844921,0.043505934932482504,-0.8393125640826987,-4.18
2018-10-24,1505.0,1505.0,1684,1689,0.8910597986974541,0.9100090514271045,0.04492521356763592,-0.42179549577704056,-2.13
2018-10-23,1505.0,1475.0,1693,1667,0.8848230353929214,0.9090925398254242,0.04599096383228531,-0.5277015833154978,-2.74
2018-10-22,1489.0,1516.5,1695,1715,0.8842565597667639,0.9082043450990297,0.04708140499654276,-0.5086463612125496,-2.71
2018-10-19,1499.0,1495.5,1724,1701,0.8791887125220459,0.9077258303357695,0.0475028597678804,-0.6007452594047672,-3.25
2018-10-18,1553.0,1521.5,1749,1732,0.8784642032332564,0.9072427563216274,0.047972507162622226,-0.5998967906933553,-3.28
2018-10-17,1550.0,1550.5,1700,1735,0.8936599423631124,0.906620912149631,0.048639161869783794,-0.2664718981222904,-1.45
2018-10-16,1557.0,1543.5,1715,1694,0.9111570247933884,0.9058329808355,0.04931667690787715,0.10795625925553892,0.58
2018-10-15,1581.5,1558.5,1735,1721,0.9055781522370715,0.9045702492309056,0.050365477123562444,0.020011783144498533,0.11
2018-10-12,1586.5,1600.5,1752,1745,0.9171919770773639,0.9037281739060148,0.05086704776658255,0.26468615267651197,1.47
2018-10-11,1601.5,1600.0,1770,1777,0.9003939223410242,0.9030560819440359,0.051017497816983504,-0.05218130478608883,-0.3
2018-10-10,1701.5,1681.5,1858,1835,0.9163487738419619,0.9027713228933664,0.05109111197304196,0.2657497639855562,1.48
2018-10-09,1693.0,1695.5,1862,1859,0.9120494889725659,0.9022893283067759,0.05113125068643686,0.19088445001363888,1.07
2018-10-05,1728.0,1731.5,1875,1867,0.9274236743438672,0.9015377593628993,0.05139584870784341,0.5036577006075889,2.79
2018-10-04,1769.0,1733.5,1934,1884,0.9201167728237792,0.9007219546084078,0.051464039161138724,0.3768615625882859,2.11
2018-10-03,1758.5,1728.0,1890,1904,0.907563025210084,0.8997829281882797,0.05174334603650312,0.15035937212710965,0.86
2018-10-02,1794.5,1773.0,1855,1874,0.9461045891141943,0.8987280523834519,0.052376561992417074,0.9045369708993388,5.01
2018-10-01,1773.0,1776.5,1875,1838,0.9665397170837867,0.8973740433755216,0.05244687712602853,1.3187758261004123,7.16
2018-09-28,1813.5,1791.0,1858,1870,0.9577540106951872,0.895777399732408,0.052138806105297655,1.188684889285985,6.47
2018-09-27,1818.0,1796.0,1857,1859,0.9661108122646584,0.8940982877051286,0.05214365377629396,1.3810410154316595,7.45
2018-09-26,1784.5,1805.0,1841,1857,0.971997845988153,0.8924902589817151,0.05175625744817141,1.5361927412556173,8.18
2018-09-25,1774.0,1802.5,1836,1856,0.9711745689655172,0.8907596920111254,0.05123615489095231,1.5694947664504029,8.28
2018-09-21,1790.0,1805.0,1806,1835,0.9836512261580381,0.8889955657097149,0.050712109481188664,1.8665297384924424,9.62
2018-09-20,1765.5,1771.0,1828,1802,0.9827968923418424,0.8870670847144764,0.04981810560152895,1.9215866695747668,9.74
2018-09-19,1736.5,1752.0,1789,1815,0.9652892561983472,0.8851561847182482,0.048848718903674954,1.6404334295463057,8.3
2018-09-18,1661.5,1701.5,1726,1769,0.9618428490672697,0.8835569876644056,0.04815755501410943,1.6256195186804547,8.14
2018-09-14,1648.0,1657.5,1752,1737,0.9542314335060449,0.881589871286163,0.04793226232097637,1.515504562113943,7.61
2018-09-13,1606.5,1635.5,1713,1745,0.9372492836676217,0.879393481032778,0.04832586226285327,1.1972016623346586,6.17
2018-09-12,1613.0,1593.0,1698,1710,0.9315789473684211,0.8774695429777336,0.048853667088495825,1.1075812239984184,5.81
2018-09-11,1599.5,1606.5,1693,1699,0.9455562095350206,0.8757872483761332,0.0491330173056317,1.42000155872557,7.38
2018-09-10,1595.5,1608.0,1664,1672,0.9617224880382775,0.8740827948177418,0.048899892273410926,1.7922267135175147,9.11
2018-09-07,1566.0,1580.5,1641,1654,0.9555622732769045,0.8721737496708198,0.048231449821785295,1.7289242582216446,8.73
2018-09-06,1565.5,1577.0,1682,1650,0.9557575757575758,0.8703225005304159,0.04765641632277189,1.7927297480472955,8.94
2018-09-05,1576.5,1573.5,1706,1691,0.9305144884683619,0.8687016557186621,0.04678234950023663,1.3212853439391108,6.64
2018-09-04,1589.0,1578.0,1723,1746,0.9037800687285223,0.8674849092971675,0.046343522264425216,0.7831765402781263,4.02
2018-09-03,1602.0,1594.5,1737,1750,0.9111428571428571,0.8667170837512522,0.046212687692530924,0.9613328202675644,4.88
2018-08-31,1616.0,1607.0,1745,1746,0.920389461626575,0.8659579715971503,0.045943517585388435,1.1847479881848606,5.91
2018-08-30,1658.0,1636.0,1771,1763,0.9279636982416336,0.8648206855963106,0.04563673415154194,1.3836005976161538,6.8
2018-08-29,1618.0,1645.5,1760,1761,0.934412265758092,0.8634470050312268,0.04526447524557037,1.5677915261772508,7.59
2018-08-28,1642.0,1628.5,1778,1760,0.9252840909090909,0.8610863473026171,0.04611077423252825,1.392250394294753,6.94
2018-08-27,1629.0,1619.5,1751,1771,0.914455110107284,0.8593084469513191,0.04617183030029236,1.1943789708422206,6.03
2018-08-24,1630.0,1619.5,1746,1744,0.9286123853211009,0.8576894437762519,0.04633831398072454,1.530546440993753,7.64
2018-08-23,1652.0,1625.0,1724,1745,0.9312320916905444,0.8559275000003669,0.046119885798487484,1.6328009141047612,8.09
2018-08-22,1645.0,1669.0,1709,1732,0.9636258660508084,0.8540541615420539,0.04587588982394979,2.388437694162214,11.37
2018-08-21,1588.5,1597.0,1697,1696,0.941627358490566,0.8520545971491813,0.04429759568946268,2.022068239759836,9.51
2018-08-20,1593.5,1593.5,1687,1687,0.9445761707172495,0.8503094134512637,0.04330143684045057,2.176989128867092,9.98
2018-08-17,1613.5,1603.0,1690,1699,0.9434961742201294,0.8485362736903909,0.04211147091745086,2.2549651783924625,10.06
2018-08-16,1593.0,1628.5,1683,1689,0.9641799881586738,0.8468922533301484,0.04075722489324216,2.87771640821337,12.16
2018-08-15,1629.5,1614.5,1764,1723,0.937028438769588,0.8448400051498591,0.038618800760422095,2.3871386942239488,9.84
2018-08-14,1598.0,1616.5,1747,1754,0.9216077537058153,0.84334499561607,0.03716396853530206,2.1058773100457087,8.49
2018-08-13,1623.5,1586.0,1747,1726,0.9188876013904983,0.8419771574767351,0.03613186396332948,2.1286043806602466,8.37
2018-08-10,1652.5,1639.5,1769,1750,0.9368571428571428,0.840659043159211,0.03509027721585286,2.741445988191625,10.27
2018-08-09,1629.0,1642.5,1790,1770,0.9279661016949152,0.8388817841013663,0.03351312801212898,2.6581916663018683,9.6
2018-08-08,1658.5,1641.5,1748,1786,0.9190929451287794,0.8372359394218378,0.03209896255880536,2.550144901318208,8.91
2018-08-07,1630.5,1654.0,1756,1763,0.9381735677821894,0.8357420589520176,0.030836965942917016,3.321711643739045,10.92
2018-08-06,1620.0,1637.0,1762,1750,0.9354285714285714,0.8339127846497221,0.02870174046765653,3.5369209366674332,10.85
2018-08-03,1573.0,1580.0,1726,1750,0.9028571428571428,0.8323266071213089,0.02622835800347975,2.6890945947312646,7.81
2018-08-02,1615.0,1581.5,1760,1716,0.9216200466200466,0.8312536457892268,0.024935233985229455,3.6240446303551406,9.81
2018-08-01,1509.0,1535.5,1745,1796,0.8549554565701559,0.8300070451676261,0.022615508862868287,1.1031549877478912,2.92
2018-07-31,1522.5,1508.5,1781,1785,0.8450980392156863,0.8296358992094078,0.022430686277168904,0.6893297786442044,1.83
2018-07-30,1508.0,1515.0,1778,1780,0.851123595505618,0.8293052687115947,0.022383042681904018,0.9747703698774929,2.56
2018-07-27,1505.0,1512.5,1789,1779,0.8501967397414277,0.8288320961733707,0.022291724027783264,0.9584114508787749,2.51
2018-07-26,1508.0,1502.5,1777,1781,0.8436271757439641,0.8280148716319576,0.022614660696694728,0.6903620762388117,1.85
2018-07-25,1500.0,1490.5,1747,1750,0.8517142857142858,0.8271223414252933,0.023291696480961938,1.0558245213736719,2.89
2018-07-24,1500.5,1490.0,1763,1743,0.8548479632816982,0.8262437150516668,0.02358846544027592,1.21263709597621,3.35
2018-07-23,1473.5,1470.5,1730,1752,0.8393264840182648,0.8257309772187065,0.023378138241550737,0.5815478828589781,1.62
2018-07-20,1496.0,1486.5,1746,1748,0.8504004576659039,0.8255592411783528,0.02332488311721009,1.0650092591127371,2.92
2018-07-19,1496.5,1506.5,1758,1751,0.8603655054254712,0.825484696387217,0.023254200015433633,1.499978886184176,4.05
2018-07-18,1489.0,1495.0,1763,1757,0.8508821855435401,0.8251950679284437,0.022951259923988606,1.1192029413709152,3.02
2018-07-17,1460.0,1464.0,1717,1742,0.8404133180252583,0.8248516815229059,0.0227562029052551,0.6838415251939405,1.85
2018-07-13,1441.5,1447.5,1698,1704,0.8494718309859155,0.8246805348770707,0.022686684944855654,1.0927685631067205,2.92
2018-07-12,1416.5,1420.0,1688,1693,0.8387477849970466,0.8245999304777278,0.022609066363825873,0.6257602278506776,1.69
2018-07-11,1404.0,1411.0,1713,1676,0.8418854415274463,0.824615770146718,0.022619386436137267,0.7634898245134438,2.05
2018-07-10,1411.0,1422.5,1739,1733,0.8208309290248125,0.8243796028224745,0.022530133798075704,-0.15750788830047188,-0.43
2018-07-09,1387.5,1399.5,1728,1726,0.8108342989571263,0.8246847577598106,0.022634751687311636,-0.6119112325163465,-1.71
2018-07-06,1382.0,1381.5,1698,1712,0.8069509345794392,0.8252080082314633,0.02276176627360688,-0.8020938899277722,-2.26
2018-07-05,1395.5,1381.5,1706,1680,0.8223214285714285,0.8256939324749105,0.02275583331582976,-0.1482039289299922,-0.41
2018-07-04,1406.5,1397.5,1669,1708,0.8182084309133489,0.8260629800939582,0.0229219814930001,-0.34266449360007795,-0.96
2018-07-03,1438.5,1429.5,1710,1685,0.8483679525222552,0.8263392849845792,0.022950516767863596,0.9598331819927274,2.6
2018-07-02,1448.0,1430.5,1752,1697,0.8429581614614025,0.8263844615955772,0.022997121766380045,0.7206858333921885,1.97
2018-06-29,1469.0,1471.5,1763,1769,0.8318258903335217,0.8263600677396573,0.02298049283848869,0.23784618686288672,0.66
2018-06-28,1460.0,1468.0,1787,1759,0.8345650938032974,0.8265344723240261,0.023070770145464922,0.34808640667983287,0.96
2018-06-27,1469.5,1459.0,1780,1787,0.8164521544487968,0.8264906140088436,0.023058585361703455,-0.43534585502886175,-1.23
2018-06-26,1429.0,1467.5,1688,1742,0.8424225028702641,0.8266849271632015,0.02303456559051491,0.6832156502027952,1.87
2018-06-25,1494.0,1464.0,1699,1689,0.866785079928952,0.8261126602924271,0.02316923043649435,1.7554497439181624,4.69
2018-06-22,1480.0,1497.0,1702,1703,0.8790369935408103,0.8252904340298575,0.022802577087517022,2.3570388252464554,6.11
2018-06-21,1502.5,1502.5,1750,1707,0.880199179847686,0.8241348565408231,0.022238648428319806,2.5210310549029518,6.37
2018-06-20,1486.5,1506.0,1729,1760,0.8556818181818182,0.8231443943151534,0.021356344166253264,1.5235483944897081,3.8
2018-06-19,1499.5,1483.0,1770,1712,0.8662383177570093,0.8222648680584341,0.021356552043743454,2.059014470524399,5.08
2018-06-18,1521.0,1506.5,1842,1773,0.8496897913141568,0.8213854855547543,0.02088033898455587,1.355548192025892,3.33
2018-06-15,1550.0,1526.0,1840,1842,0.8284473398479913,0.8210297677718836,0.020620753302603632,0.35971392350497455,0.9
2018-06-14,1581.5,1543.0,1857,1827,0.8445539135194308,0.8209493864145733,0.020603425049651687,1.1456603476350913,2.79
2018-06-13,1607.5,1583.5,1864,1870,0.8467914438502674,0.8207485458897736,0.02044515992521395,1.2737928221523178,3.08
2018-06-12,1577.5,1558.0,1862,1873,0.8318206086492258,0.8204340698601273,0.02022234093481292,0.5630672940290725,1.37
2018-06-11,1566.0,1562.5,1834,1848,0.845508658008658,0.8205353191619911,0.020297966308311672,1.2303369937332496,2.95
2018-06-08,1564.0,1550.5,1851,1841,0.8422053231939164,0.8202509853909086,0.020094489054010296,1.0925551649508773,2.61
2018-06-07,1574.5,1567.0,1855,1868,0.838865096359743,0.8202335590170385,0.020076000437187547,0.9280502558762947,2.22
2018-06-06,1549.0,1550.5,1848,1848,0.8390151515151515,0.8201224090142933,0.019995455048848823,0.9448518403158743,2.25
2018-06-05,1536.0,1548.0,1828,1844,0.8394793926247288,0.8198147488801613,0.01987957714159406,0.9891882309419552,2.34
2018-06-04,1519.5,1536.0,1827,1817,0.8453494771601541,0.8194032663028441,0.019787465633444357,1.3112447717132725,3.07
2018-06-01,1461.5,1491.0,1828,1831,0.8143091206990716,0.8189327744777012,0.01958340280053728,-0.23610063203636697,-0.57
2018-05-31,1472.0,1459.0,1854,1848,0.7895021645021645,0.8190166477104176,0.019576890276232523,-1.5076185641233024,-3.74
2018-05-30,1471.0,1463.0,1850,1845,0.7929539295392954,0.8195282554442475,0.019298287493305113,-1.3770302631345437,-3.35
2018-05-29,1520.0,1504.5,1879,1868,0.805406852248394,0.8202199041998155,0.019263013091664786,-0.7689893518180265,-1.84
2018-05-28,1537.5,1536.5,1895,1879,0.8177221926556679,0.8209675224139223,0.019755396732023017,-0.164275605409322,-0.4
2018-05-25,1565.0,1540.5,1920,1882,0.8185441020191286,0.8215763318402236,0.020340898339109664,-0.14907059514008122,-0.37
2018-05-24,1603.0,1573.0,1927,1926,0.8167185877466251,0.8218150030725611,0.020408823239336956,-0.24971627546427505,-0.62
2018-05-23,1635.5,1615.0,1957,1936,0.8341942148760331,0.8223398363170205,0.0207738736105113,0.5706388120612449,1.42
2018-05-22,1656.0,1652.5,1969,1969,0.8392585068562722,0.8223475236804829,0.02077836508703049,0.8138745808420159,2.01
2018-05-21,1657.0,1656.0,1946,1957,0.8461931527848748,0.8219186559304731,0.020756828841557325,1.1694703964510074,2.87
2018-05-18,1669.5,1664.0,1942,1948,0.8542094455852156,0.8212582266787296,0.020761963079512263,1.5870955352483984,3.86
2018-05-17,1664.0,1661.0,2017,1989,0.8350930115635998,0.8206430909506043,0.020457790012191366,0.7063285234810035,1.73
2018-05-16,1650.5,1654.0,2053,2005,0.8249376558603492,0.8203790241759523,0.02039729878370105,0.22349193060992645,0.55
2018-05-15,1698.0,1671.5,2133,2207,0.7573629361123697,0.8201269577911533,0.020456133903270172,-3.068225011410879,-8.29
2018-05-14,1658.0,1680.5,2100,2122,0.7919415645617343,0.8207505208123668,0.01920812980409337,-1.4998314018313823,-3.64
2018-05-11,1663.5,1672.5,2071,2109,0.7930298719772404,0.8210182827344958,0.018942806144925346,-1.4775218910611803,-3.53
2018-05-10,1631.0,1645.5,2063,2066,0.7964666021297193,0.8213323090951273,0.018669468020995925,-1.3318915642075995,-3.12
2018-05-09,1656.0,1621.0,2047,2050,0.7907317073170732,0.8217451518082717,0.018456171817585035,-1.680383385987384,-3.92
2018-05-08,1666.5,1668.0,2048,2050,0.8136585365853658,0.8221634658861493,0.018100623489412614,-0.4698694111701838,-1.05
2018-05-07,1685.5,1668.5,2026,2058,0.8107385811467445,0.8221973263271457,0.018087052069707534,-0.6335330454205149,-1.41
2018-05-02,1685.5,1673.5,2062,2062,0.8115906886517944,0.8223490709530669,0.018037954498810564,-0.596430282712038,-1.33
2018-05-01,1660.5,1685.5,2048,2055,0.8201946472019465,0.8229399986706689,0.018398190723390547,-0.14921855686777685,-0.33
2018-04-27,1709.0,1674.0,2068,2066,0.8102613746369797,0.8232319914769463,0.018525641723163677,-0.7001439968337873,-1.6
2018-04-26,1698.0,1696.0,2073,2056,0.8249027237354085,0.8235471793869332,0.01850336323497722,0.07325934919295547,0.16
2018-04-25,1685.0,1688.0,2042,2061,0.8190198932557011,0.823463231430699,0.018511303515489255,-0.2400337810505848,-0.54
2018-04-24,1662.5,1695.0,2069,2067,0.8200290275761973,0.8235960483790705,0.01851468179310468,-0.19265903906604726,-0.43
2018-04-23,1652.5,1646.5,2057,2049,0.8035627135187896,0.823298166161677,0.018747929175643132,-1.0526737357492888,-2.46
2018-04-20,1657.0,1652.5,2024,2054,0.8045277507302824,0.8232495328922644,0.018803708994977335,-0.9956430493038815,-2.33
2018-04-19,1647.5,1648.0,2050,2042,0.8070519098922625,0.8230869444045718,0.01901640227996573,-0.8432212505938926,-1.99
2018-04-18,1623.0,1638.0,1990,2045,0.8009779951100244,0.822970509975756,0.01914055464406013,-1.1490009184533496,-2.75
2018-04-17,1627.0,1621.5,1990,1986,0.8164652567975831,0.8231299237446595,0.0190060399924975,-0.35066047160309505,-0.82
2018-04-16,1620.5,1627.5,1947,1979,0.8223850429509854,0.8231344618740045,0.01900448867917386,-0.03943378512679567,-0.09
2018-04-13,1622.5,1616.5,1971,1952,0.828125,0.8230744052306845,0.01901387673139987,0.2656267756787766,0.61
2018-04-12,1628.0,1619.5,1994,1958,0.8271195097037793,0.8229756336503393,0.019006623291868037,0.21802273816901363,0.5
2018-04-11,1664.0,1636.5,2055,1995,0.8203007518796992,0.822958938445564,0.01900352570578032,-0.139878599740903,-0.32
2018-04-10,1634.0,1674.5,2062,2053,0.8156356551388212,0.8228003016423814,0.01907458043319362,-0.375612272503371,-0.88
2018-04-09,1624.0,1642.5,2088,2082,0.7889048991354467,0.8228057742310741,0.01907258285126282,-1.7774663956110606,-4.3
2018-04-06,1633.0,1622.5,2100,2089,0.7766874102441359,0.8228510529856633,0.018995924564661985,-2.430186674219868,-5.94
2018-04-05,1654.0,1634.5,2032,2080,0.7858173076923077,0.8231259324595617,0.018467745397554823,-2.020204630511838,-4.75
2018-04-04,1612.5,1638.5,1941,2007,0.8163926258096662,0.8233222715682144,0.018145521904277016,-0.38189288768347807,-0.85
2018-04-03,1598.0,1600.0,1901,1936,0.8264462809917356,0.8232431959777086,0.018188419806743104,0.17610573365144655,0.39
2018-04-02,1625.0,1619.5,1928,1917,0.8448095983307251,0.8229230552171692,0.018339902039180674,1.193383861418577,2.59
2018-03-30,1627.0,1632.0,1948,1946,0.8386433710174718,0.8223352339121178,0.0183355054947592,0.8894293702464472,1.94
2018-03-29,1625.0,1609.0,1958,1950,0.8251282051282052,0.8215556979481433,0.018860892094645133,0.1894134785425203,0.43
2018-03-28,1590.0,1605.5,1892,1940,0.8275773195876288,0.821093002136295,0.019190355677896394,0.3378945945646286,0.78
2018-03-27,1582.0,1629.5,1894,1932,0.8434265010351967,0.8205494077985845,0.01957260049248879,1.1688325853987305,2.71
2018-03-26,1528.5,1569.0,1869,1868,0.8399357601713062,0.8198697012859261,0.01965134451683284,1.021103612945775,2.39
2018-03-23,1590.0,1544.5,1900,1874,0.8241728922091782,0.8194386140087603,0.019560848083406124,0.24202826892940943,0.57
2018-03-22,1618.5,1625.0,1921,1926,0.843717549325026,0.819241841990761,0.019586445660061867,1.2496247537230627,2.9
2018-03-20,1618.0,1633.0,1916,1921,0.8500780843310776,0.8190107064065085,0.019397623320395033,1.601607444964879,3.65
2018-03-19,1639.5,1634.5,1933,1938,0.8433952528379773,0.8190426110185282,0.01945059126798162,1.2520257859480612,2.89
2018-03-16,1655.0,1649.0,1967,1940,0.85,0.8191056019900101,0.019536814367520035,1.5813426605184817,3.63
2018-03-15,1641.0,1648.5,1940,1965,0.8389312977099237,0.8192201451045532,0.019741719429359195,0.9984516635393342,2.35
2018-03-14,1639.0,1649.0,1945,1936,0.8517561983471075,0.8195707389722253,0.020313849781062442,1.5844096378465395,3.78
2018-03-13,1656.0,1654.5,1965,1967,0.8411286222674123,0.8194668076963573,0.020168333291592868,1.0740508032007121,2.58
2018-03-12,1640.0,1667.0,1994,1973,0.8449062341611758,0.8196009657486648,0.020344674040330406,1.2438276652821738,3.0
2018-03-09,1642.5,1616.0,1982,1944,0.831275720164609,0.8195225411631011,0.020258128792847066,0.580171007978678,1.41
2018-03-08,1626.0,1620.5,2040,1950,0.831025641025641,0.8193710410433878,0.020212101209926482,0.5766149625517167,1.4
2018-03-07,1628.5,1607.0,2024,2010,0.799502487562189,0.8191400581374048,0.0201765492140688,-0.9732868771000137,-2.46
2018-03-06,1638.0,1636.0,2036,2032,0.8051181102362205,0.8193160931055552,0.02006171664905795,-0.7077152527723203,-1.76
2018-03-05,1600.0,1599.0,2006,2018,0.792368681863231,0.8193134964724009,0.0200635666759041,-1.3429723161600227,-3.4
2018-03-02,1590.0,1621.5,2009,2012,0.8059145129224652,0.8195235227095843,0.01986183997551883,-0.6851837394668971,-1.69
2018-03-01,1658.5,1620.5,2100,2052,0.7897173489278753,0.8195882238435077,0.01982527255806602,-1.5067068978821845,-3.78
2018-02-28,1724.5,1687.0,2087,2108,0.8002846299810247,0.8201426190908854,0.019561827432743418,-1.0151397755723757,-2.48
2018-02-27,1743.5,1727.5,2102,2099,0.8230109575988566,0.8205509566073361,0.019462432880347286,0.1263974039959049,0.3
2018-02-26,1743.0,1720.5,2085,2092,0.8224187380497132,0.8206258256647861,0.01948254211697339,0.09202661409185746,0.22
2018-02-23,1725.5,1727.0,2090,2082,0.8294908741594621,0.8204628314875537,0.019517964656071186,0.46255041603941766,1.09
2018-02-22,1738.5,1720.5,2083,2090,0.8232057416267943,0.8200042037666782,0.01970368081442609,0.16248425308291176,0.39
2018-02-21,1755.0,1748.5,2118,2083,0.8394143062890063,0.8195599911311559,0.01999981876285168,0.992724753822693,2.37
2018-02-20,1761.0,1741.5,2113,2113,0.8241836251774728,0.8187948239625351,0.020320792042084417,0.2651865736225958,0.65
2018-02-19,1740.0,1778.5,2102,2115,0.8408983451536644,0.8181729405985868,0.020853077890843015,1.0897865856558615,2.7
2018-02-16,1720.5,1727.5,2132,2080,0.8305288461538461,0.8174663076583456,0.020968649144592767,0.6229556518126494,1.57
2018-02-15,1699.0,1704.5,2123,2089,0.8159406414552417,0.8166443711823117,0.021638021662294414,-0.032522831248306495,-0.09
2018-02-14,1680.5,1679.5,2106,2077,0.8086181993259509,0.8158226606870732,0.022788723261163834,-0.31614150905066357,-0.89
2018-02-13,1724.5,1682.5,2093,2077,0.8100625902744343,0.8150473036015331,0.023978848707742213,-0.2078795937141625,-0.62
2018-02-09,1677.0,1697.0,2043,2068,0.8205996131528046,0.8140938210894628,0.025529715979225265,0.2548321363479271,0.79
2018-02-08,1724.0,1743.5,2091,2106,0.8278727445394112,0.8128855779544396,0.0272777244250602,0.5494287702093937,1.81
2018-02-07,1795.0,1764.0,2164,2088,0.8448275862068966,0.8115456650674099,0.028926949006631817,1.1505506900107734,3.94
2018-02-06,1751.5,1760.0,2063,2043,0.8614782183064121,0.8100885642339404,0.02994813381242767,1.7159551374498814,5.97
2018-02-05,1850.0,1858.0,2188,2152,0.8633828996282528,0.8083535257298612,0.030681121214521215,1.7935907072505048,6.37
2018-02-02,1871.5,1882.0,2183,2250,0.8364444444444444,0.8064861981792623,0.031525338514368124,0.9502910254723601,3.58
2018-02-01,1858.5,1900.5,2196,2220,0.856081081081081,0.8050749570254022,0.032506443459312244,1.5691081098897308,5.96
2018-01-31,1869.0,1839.0,2162,2203,0.8347707671357241,0.8032117325167537,0.03351859122431265,0.9415382170381633,3.78
2018-01-30,1852.0,1866.0,2320,2312,0.8070934256055363,0.8016721547775273,0.0346658759421983,0.15638637941958908,0.67
2018-01-29,1845.5,1861.0,2322,2336,0.7966609589041096,0.8006527613131772,0.03560292408413394,-0.11212007192539857,-0.5
2018-01-26,1879.0,1871.5,2329,2316,0.8080742659758203,0.7995277688946454,0.03701627595968217,0.23088484348030358,1.06
2018-01-25,1896.0,1882.5,2372,2309,0.8152880034647033,0.7982967374510604,0.03822702074922274,0.44448313472057194,2.08
2018-01-24,1914.0,1924.0,2389,2387,0.8060326770004189,0.7971477823235832,0.03898650990318136,0.22789664165631585,1.1
2018-01-23,1918.5,1927.5,2384,2397,0.8041301627033792,0.7962245482763348,0.039580512903839654,0.19973501723565315,0.98
2018-01-22,1938.0,1918.0,2357,2362,0.8120237087214225,0.7954130819660459,0.040031413447116436,0.4149398016465271,2.05
2018-01-19,1934.5,1925.5,2326,2358,0.8165818490245971,0.7946844817076891,0.0402193058814102,0.5444491603478703,2.68
2018-01-18,1975.0,1915.5,2395,2315,0.8274298056155508,0.7939349725686209,0.04032788791888062,0.8305625405998109,4.05
2018-01-17,1931.5,1952.5,2367,2375,0.8221052631578948,0.793122136038657,0.0402588988284014,0.7199185264051756,3.53
2018-01-16,1946.0,1945.0,2387,2383,0.8161980696600923,0.7924836386852836,0.04017382072144521,0.5902956340458235,2.91
2018-01-15,1982.5,1955.0,2337,2378,0.8221194280908326,0.7918800439259396,0.04015306002939184,0.753102855492407,3.68
2018-01-12,1992.5,1984.0,2355,2318,0.8559102674719585,0.7911617848847285,0.04008746830732263,1.6151801378637478,7.56
2018-01-11,1953.0,1986.5,2336,2359,0.8420941076727427,0.7899524877416947,0.039479391765890416,1.3207300720397015,6.19
2018-01-10,1918.0,1960.5,2365,2351,0.8339004678860059,0.7888279386158361,0.039178207494406425,1.1504489907202857,5.41
2018-01-09,1950.0,1927.0,2344,2354,0.8186066270178419,0.7880945608679888,0.03884098271954083,0.7855637013659432,3.73
2018-01-05,1940.0,1936.5,2430,2336,0.8289811643835616,0.7871304609372217,0.03896884318216002,1.0739529333911353,5.05
2018-01-04,1910.5,1932.0,2397,2422,0.7976878612716763,0.7859397486682337,0.03903617974640292,0.30095446531304637,1.47
2017-12-29,1885.5,1887.0,2379,2359,0.7999152183128444,0.7852127251076104,0.03931735877385802,0.37394407111114536,1.84
2017-12-28,1899.0,1881.0,2384,2374,0.7923336141533277,0.7843713909457057,0.03966731243835283,0.20072504836308477,1.0
2017-12-27,1872.5,1900.0,2315,2380,0.7983193277310925,0.7838473574468559,0.03981798531688311,0.3634531021362454,1.81
2017-12-26,1862.5,1873.0,2280,2304,0.8129340277777778,0.7831286408693157,0.04003616396688268,0.7444616055903034,3.67
2017-12-25,1858.0,1861.5,2262,2279,0.8168056164984643,0.7821082672622804,0.040238230265911425,0.8622980933030335,4.25
2017-12-22,1836.0,1852.5,2259,2265,0.8178807947019867,0.7811077504868035,0.04029591936554552,0.9125748908120342,4.5
2017-12-21,1865.5,1854.0,2289,2259,0.8207171314741036,0.7800703025863246,0.040337413716095276,1.0076706745222068,4.95
2017-12-20,1840.0,1880.5,2268,2277,0.8258673693456302,0.7788780436323187,0.04043975121719673,1.1619588226677715,5.69
2017-12-19,1832.0,1837.5,2260,2273,0.808402991641003,0.7775304572023339,0.04053532191709634,0.7616205565558413,3.82
2017-12-18,1800.0,1841.0,2245,2256,0.8160460992907801,0.7764450229738449,0.04078328706819199,0.9710123720709405,4.85
2017-12-15,1764.5,1770.0,2201,2234,0.7923008057296329,0.7752548478582798,0.04091252029079982,0.4166440431973657,2.15
2017-12-14,1757.0,1774.0,2234,2225,0.7973033707865168,0.7743159431372707,0.0413165749967964,0.5563730210219144,2.88
2017-12-13,1786.0,1770.0,2212,2211,0.8005427408412483,0.773235146924415,0.04175896111672594,0.6539337470705346,3.41
2017-12-12,1780.5,1789.5,2228,2208,0.8104619565217391,0.7721633108966608,0.04207476571978191,0.9102521421069213,4.73
2017-12-11,1780.0,1779.0,2221,2217,0.8024357239512855,0.7710340222246702,0.04216820048338973,0.744677301062078,3.91
2017-12-08,1712.5,1772.0,2195,2213,0.8007230004518753,0.7701200490238229,0.04222051850945537,0.7248359922723063,3.82
2017-12-07,1758.5,1751.5,2207,2245,0.7801781737193764,0.7691147606278936,0.042377203204894395,0.26106992096649156,1.42
2017-12-06,1740.0,1725.5,2222,2183,0.7904260192395786,0.7684498219457859,0.04258911814300528,0.5160049855928266,2.78
2017-12-05,1720.0,1747.5,2177,2221,0.7868077442593426,0.7676609794715991,0.04272247218663694,0.448166124471899,2.43
2017-12-04,1767.5,1731.5,2191,2185,0.7924485125858124,0.7668881844037307,0.04289300972189948,0.5959089452524837,3.23
2017-12-01,1775.5,1763.0,2170,2183,0.8076042143838754,0.7659175023047696,0.043126707891272584,0.9666101151101728,5.16
2017-11-30,1778.0,1771.0,2144,2188,0.8094149908592322,0.7647506576223234,0.0431669093040183,1.03468916253291,5.52
2017-11-29,1772.0,1763.5,2078,2134,0.8263823805060918,0.763685124410867,0.04303738042478199,1.4568093010401297,7.59
2017-11-28,1765.0,1759.5,2071,2064,0.8524709302325582,0.7626006693086731,0.042464792093889585,2.1163476021543226,10.54
2017-11-27,1781.0,1759.0,2079,2074,0.8481195756991321,0.7612056691711577,0.04118891104744054,2.1101287778127644,10.25
2017-11-24,1755.5,1779.0,2043,2072,0.8585907335907336,0.7599074081618359,0.03994468879868538,2.470499292815756,11.49
2017-11-22,1780.0,1781.5,2085,2059,0.8652258377853327,0.7585596165316015,0.03826216370935527,2.787772852157098,12.33
2017-11-21,1726.0,1747.0,2021,2070,0.8439613526570048,0.7576175597695037,0.03645126543023652,2.368746101634058,10.23
2017-11-20,1726.5,1716.0,2033,2016,0.8511904761904762,0.7569981458388186,0.03535705732774048,2.6640319492243494,11.07
2017-11-17,1737.0,1720.0,2090,2050,0.8390243902439024,0.7565779601544821,0.03440973859230505,2.3960202391034024,9.83
2017-11-16,1680.0,1700.5,2055,2074,0.8199132111861138,0.7565832901745597,0.03442253759560172,1.839780720281528,7.72
2017-11-15,1710.5,1692.5,2125,2080,0.8137019230769231,0.7559498901233237,0.03368045754345774,1.7147045249929354,7.1
2017-11-14,1743.5,1733.5,2134,2133,0.8127051101734646,0.7555375120084807,0.033156085322179715,1.724196255664165,7.03
2017-11-13,1739.5,1733.0,2185,2153,0.8049233627496516,0.7548828739688858,0.03249908608504209,1.5397506455973016,6.22
2017-11-10,1728.0,1741.5,2125,2155,0.8081206496519722,0.7542667376219466,0.031978418414667746,1.6840705294331886,6.66
2017-11-09,1762.5,1754.5,2136,2164,0.8107670979667283,0.7535698928931827,0.03136076315214813,1.823846084231142,7.05
2017-11-08,1771.0,1769.0,2118,2128,0.831296992481203,0.7526813359385697,0.03066393635751654,2.5637822758969624,9.46
2017-11-07,1760.0,1771.5,2088,2132,0.8309099437148217,0.75153513537492,0.02927930630039444,2.7109524906617213,9.55
2017-11-06,1765.0,1731.0,2078,2089,0.8286261369076113,0.7503138265668211,0.027816784815102316,2.815289792164364,9.45
2017-11-02,1654.0,1669.0,2100,2060,0.8101941747572815,0.7491939622889181,0.026290270135101598,2.3202581089845338,7.53
2017-11-01,1655.0,1653.0,2100,2079,0.7950937950937951,0.7483429136175265,0.025316931260813025,1.8466251298249663,5.88
2017-10-31,1630.0,1648.5,2074,2087,0.7898897939626258,0.7476497926747954,0.024732363611930208,1.707883724766809,5.35
2017-10-30,1640.0,1636.0,2106,2092,0.7820267686424475,0.7470568147339911,0.024240773954208438,1.4426088034365434,4.47
2017-10-27,1634.5,1651.5,2056,2124,0.777542372881356,0.7463585930745087,0.02397618738135968,1.3006146186149325,4.01
2017-10-26,1607.0,1621.5,2137,2058,0.7879008746355685,0.7457275228432297,0.023769091783238824,1.7742937835798156,5.35
2017-10-25,1644.5,1618.5,2144,2105,0.7688836104513064,0.744941964679789,0.023331866687488857,1.026135032065629,3.11
2017-10-24,1607.5,1618.0,2143,2145,0.7543123543123543,0.7442468667942455,0.023384746045967138,0.4304296270022884,1.33
2017-10-23,1595.0,1609.0,2171,2144,0.7504664179104478,0.7435405326792932,0.023865169944146652,0.29020892151045646,0.92
2017-10-20,1552.5,1580.5,2126,2140,0.7385514018691589,0.7427650830045898,0.024562223600801313,-0.17155128965169877,-0.57
2017-10-19,1591.5,1568.0,2150,2148,0.7299813780260708,0.7420972436599262,0.025336448985458525,-0.4781990420523883,-1.66
2017-10-18,1550.5,1551.5,2095,2133,0.7273792780121894,0.7414096799117961,0.026335898624118278,-0.5327481738845138,-1.93
2017-10-17,1556.5,1552.0,2130,2110,0.7355450236966825,0.7406549288297656,0.027512043160424743,-0.18573339331022556,-0.69
2017-10-16,1533.0,1549.0,2110,2118,0.7313503305004722,0.7399274972380897,0.028346151926349056,-0.30258663538893527,-1.17
2017-10-13,1504.5,1519.0,2064,2100,0.7233333333333334,0.7391542014330348,0.029343154174408977,-0.5391672621718099,-2.19
2017-10-12,1502.0,1506.5,2081,2062,0.7306013579049466,0.7384951195967073,0.030232763133036532,-0.26109957786606935,-1.08
2017-10-11,1492.5,1495.0,2092,2087,0.7163392429324389,0.7376536364056692,0.031300221330093636,-0.680966222201679,-2.98
2017-10-10,1503.0,1505.5,2070,2093,0.719302436693741,0.7368809347766699,0.03250886350182865,-0.5407293946753962,-2.44
2017-10-06,1502.5,1509.5,2113,2066,0.7306389157792836,0.7360628517576727,0.033691434740370826,-0.16098857232369035,-0.74
2017-10-05,1497.5,1501.5,2099,2108,0.7122865275142315,0.7350657559203059,0.0349213394773918,-0.652301107201851,-3.2
2017-10-04,1515.0,1504.5,2071,2102,0.7157469077069457,0.7343424002194708,0.035932922746785174,-0.5175057048257733,-2.6
2017-10-03,1492.0,1510.0,2040,2071,0.7291163689039112,0.7336836160845118,0.036712280121554565,-0.12440652461461019,-0.63
2017-10-02,1498.0,1492.0,2004,2025,0.7367901234567901,0.7328764452140057,0.037461679697244864,0.1044715099379849,0.53
2017-09-29,1509.5,1491.0,1995,2006,0.7432701894317049,0.7323181136244123,0.03771041651164128,0.2904257449373859,1.47
2017-09-28,1505.5,1514.0,1980,1999,0.7573786893446723,0.7316793220952199,0.0379246538374546,0.6776427639814497,3.39
2017-09-27,1480.0,1485.0,1995,1953,0.7603686635944701,0.7308504172732098,0.038033128544886025,0.7761193320297963,3.88
2017-09-26,1534.0,1536.0,1980,2004,0.7664670658682635,0.7299093491026085,0.03816407461355769,0.9579091628928942,4.77
2017-09-25,1533.0,1534.5,1984,1982,0.7742179616548941,0.7289862968225933,0.03810586715120495,1.187000013746453,5.84
2017-09-22,1533.0,1519.5,2005,1971,0.7709284627092846,0.7279747422042032,0.03789813287790179,1.1333993852274316,5.57
2017-09-21,1523.0,1536.5,1980,2000,0.76825,0.72684266417452,0.03786625144252802,1.093515577804855,5.39
2017-09-20,1486.0,1509.0,1955,1972,0.7652129817444219,0.7258707425860966,0.037726202665683245,1.042835917173079,5.14
2017-09-19,1480.0,1490.5,1901,1967,0.7577529232333503,0.7248879723774428,0.03764850017387719,0.8729418357736107,4.34
2017-09-15,1453.0,1469.0,1951,1886,0.778897136797455,0.7244169790001498,0.037454866029577955,1.4545548702345494,6.99
2017-09-14,1472.0,1462.0,1970,1959,0.7462991322103114,0.7237462772731142,0.036919850177620915,0.6108598715513653,3.02
2017-09-13,1480.5,1469.0,1984,1986,0.7396777442094663,0.7235982656678333,0.03685132723287137,0.4363337700165698,2.17
2017-09-12,1459.0,1467.0,1980,1974,0.743161094224924,0.7234403116994563,0.03680743054992195,0.5357826458089869,2.65
2017-09-11,1446.0,1439.0,1912,1953,0.7368151561699949,0.7234715516057034,0.03682514512436702,0.3623503592240323,1.81
2017-09-08,1428.5,1428.5,1918,1897,0.7530311017395889,0.723421571745659,0.03680954144576939,0.8043982302130239,3.93
2017-09-07,1422.0,1433.0,1935,1925,0.7444155844155844,0.7231085097382957,0.036655909242132675,0.5812725729034214,2.86
2017-09-06,1406.0,1422.0,1907,1931,0.7364060072501295,0.723280901148119,0.03678588298136276,0.3567973645939169,1.78
2017-09-05,1435.0,1419.0,1937,1913,0.7417668583376895,0.723158808917632,0.036757302971014066,0.5062408804784024,2.51
2017-09-04,1437.0,1435.0,1955,1939,0.740072202166065,0.7228978287690407,0.03669368945618012,0.46804705799709717,2.32
2017-09-01,1438.5,1437.0,1982,1965,0.7312977099236642,0.7227468129385304,0.03664597207308439,0.23333797690181116,1.17
2017-08-31,1448.5,1438.0,1947,1984,0.7247983870967742,0.7229835300130802,0.0367576134134121,0.049373637599436616,0.25
2017-08-30,1424.5,1430.0,1964,1967,0.7269954245043213,0.7234760544866163,0.0370251375869098,0.09505352976592962,0.48
2017-08-29,1413.5,1416.5,1935,1949,0.7267829656233966,0.7241454952538346,0.03753313206327698,0.07027045771494543,0.36
2017-08-28,1417.0,1418.5,1967,1965,0.721882951653944,0.7257466088457043,0.040085977250333825,-0.09638425845606943,-0.54
2017-08-25,1396.0,1411.0,1951,1970,0.716243654822335,0.7267554496539176,0.040919483934596546,-0.2568897214926775,-1.47
2017-08-24,1415.0,1393.5,1956,1935,0.7201550387596899,0.7276016403321508,0.04134732229550625,-0.18009876236339076,-1.03
2017-08-23,1437.0,1422.5,1942,1960,0.7257653061224489,0.7282264667089151,0.041583477330911695,-0.05918602157488717,-0.34
2017-08-22,1390.0,1412.0,1924,1924,0.7338877338877339,0.7289177452193198,0.04196599783782567,0.11842894067764483,0.68
2017-08-21,1402.0,1389.0,1929,1915,0.7253263707571802,0.7297456614722748,0.042662599512179995,-0.10358700045535026,-0.61
2017-08-18,1409.0,1400.0,1917,1917,0.7303077725612936,0.7308054056536917,0.043518237945917665,-0.0114350469110552,-0.07
2017-08-17,1425.0,1424.5,1954,1948,0.7312628336755647,0.7317402820795375,0.04424457180222764,-0.010791118198792294,-0.07
2017-08-16,1426.0,1430.0,1964,1962,0.7288481141692151,0.7325592166549202,0.04479317492675158,-0.08284973083005759,-0.51
2017-08-15,1431.0,1428.5,1997,1985,0.7196473551637279,0.7333335062156456,0.04522218906860247,-0.302642382728437,-1.9
2017-08-14,1445.0,1426.5,1987,1981,0.7200908632004038,0.734034108325049,0.04541136087946596,-0.3070431023120915,-1.94
2017-08-10,1464.0,1459.0,1969,2000,0.7295,0.7345076831404966,0.04544866958760118,-0.110183272380381,-0.69
2017-08-09,1474.0,1467.0,1973,1969,0.7450482478415439,0.7349475021777748,0.045557559599457564,0.22171393183864324,1.36
2017-08-08,1491.0,1475.5,2000,1973,0.7478459199189053,0.7350007681132428,0.04557167152105299,0.28186703223576814,1.72
2017-08-07,1515.0,1501.5,1979,2000,0.75075,0.7350294891809908,0.045580435942994754,0.34489601720067253,2.09
2017-08-04,1487.5,1488.5,1957,1965,0.7575063613231552,0.7351176918861975,0.04561715711209552,0.4907949301167937,2.96
2017-08-03,1500.0,1493.0,1893,1879,0.7945715806279936,0.7351387175585871,0.04562783372554308,1.302557194078123,7.48
2017-08-02,1520.0,1502.5,1865,1884,0.7975053078556263,0.7348625175262725,0.0453289498109775,1.3819598863546438,7.85
2017-08-01,1511.5,1520.5,1822,1855,0.8196765498652291,0.7345779289410235,0.04500057948366387,1.8910561130684584,10.38
2017-07-31,1520.5,1516.0,1832,1806,0.8394241417497231,0.7340876034392584,0.044265010099237515,2.379679527335728,12.55
2017-07-28,1438.0,1430.5,1963,1852,0.7724082073434125,0.733550743734136,0.04321593908125204,0.899146574975938,5.03
2017-07-27,1440.0,1445.0,1851,1846,0.7827735644637053,0.7340600484443047,0.04389069291381155,1.1098825920807314,6.22
2017-07-26,1432.5,1431.0,1866,1874,0.763607257203842,0.7344361217255169,0.0444240760221569,0.656651484743899,3.82
2017-07-25,1415.5,1415.0,1878,1865,0.7587131367292225,0.7351977247318521,0.04539664167848256,0.5179989340162227,3.1
2017-07-24,1418.0,1419.5,1894,1878,0.7558572949946751,0.7360433414068195,0.046406250917356916,0.4269673416010603,2.62
2017-07-21,1429.5,1425.0,1926,1915,0.7441253263707572,0.7369560318822806,0.04744839751290055,0.15109666214812323,0.96
2017-07-20,1424.5,1437.0,1918,1928,0.7453319502074689,0.7378796912442179,0.048246525762358834,0.15446208499980948,1.0
2017-07-19,1423.5,1418.0,1941,1918,0.7393117831074035,0.7389102745524386,0.04921059987658795,0.008158985177417453,0.05
2017-07-18,1427.5,1423.0,1920,1911,0.7446363160648874,0.7402306731853898,0.05051493770757693,0.08721465529664128,0.59
2017-07-14,1437.5,1437.5,1931,1926,0.7463655244029076,0.7413637023081538,0.051543576170640565,0.09704064922066483,0.67
2017-07-13,1429.5,1429.0,1918,1923,0.7431097243889756,0.742309805443836,0.05227277444523367,0.015302783401667746,0.11
2017-07-12,1412.5,1423.0,1937,1909,0.7454164484023049,0.7433170660114287,0.05300125344555255,0.03961005173269959,0.28
2017-07-11,1401.0,1417.0,1930,1942,0.7296601441812565,0.7442467371934233,0.053637614478162406,-0.27194708702240056,-2.0
2017-07-10,1424.0,1411.5,1955,1933,0.7302121055354371,0.7455013047576298,0.05437706775094681,-0.28116998313000086,-2.09
2017-07-07,1400.5,1413.5,1958,1939,0.7289840123775142,0.7467039335138365,0.05501925494199274,-0.32206763168647995,-2.43
2017-07-06,1409.0,1412.0,2000,1970,0.716751269035533,0.7479857198336831,0.05570702241127787,-0.5606914433076344,-4.36
2017-07-05,1413.0,1416.0,2018,2019,0.7013372956909361,0.7494421759422549,0.05629620500463095,-0.8544959690864019,-6.86
2017-07-04,1402.5,1404.0,2080,2028,0.6923076923076923,0.7509754358362195,0.056530643791817756,-1.037804270274714,-8.47
2017-07-03,1392.0,1384.5,2012,2011,0.6884634510193933,0.7524447177040706,0.056418659903098384,-1.1340444242129826,-9.29
2017-06-30,1382.5,1386.0,2056,2043,0.6784140969162996,0.753907469046859,0.05616245443416995,-1.344196454573543,-11.13
2017-06-29,1394.0,1388.5,2030,2070,0.6707729468599034,0.7555820288905443,0.05575743985144881,-1.5210361569073578,-12.64
2017-06-28,1359.0,1379.0,2017,2025,0.6809876543209876,0.7574666519384974,0.05524544592886713,-1.3843493582436188,-11.23
2017-06-27,1356.5,1359.5,2014,2019,0.6733531451213473,0.7593473269803841,0.055010257853957134,-1.5632390251166746,-12.77
2017-06-26,1352.5,1350.5,2018,2004,0.6739021956087824,0.7613689403367118,0.054597313281489784,-1.6020338634059372,-12.98
2017-06-23,1343.0,1351.0,2032,2024,0.6674901185770751,0.7633740148870646,0.05410744775285339,-1.7721016291132123,-14.36
2017-06-22,1345.0,1338.5,2043,2033,0.6583866207575012,0.765652736448943,0.053617915132882096,-2.000564837808456,-16.29
2017-06-21,1339.0,1345.5,2048,2045,0.6579462102689486,0.7678210038646948,0.052513045632876024,-2.0923332911195414,-16.7
2017-06-20,1370.0,1355.0,2074,2066,0.6558567279767668,0.7697366468370872,0.05107068749369898,-2.229848949544115,-17.36
2017-06-19,1351.5,1359.5,2035,2066,0.6580348499515973,0.7717359225253985,0.04948379590646844,-2.297743543941388,-17.28
2017-06-16,1355.0,1352.0,2013,2029,0.6663380975850173,0.7735019072109369,0.04772673561884298,-2.245362232224622,-16.08
2017-06-15,1346.5,1340.5,1954,2005,0.6685785536159601,0.7750133524962327,0.046075453010652495,-2.3100109044107553,-15.92
2017-06-14,1362.0,1353.0,1949,1947,0.6949152542372882,0.7768267814044209,0.044500272963852366,-1.840697184794114,-11.79
2017-06-13,1339.0,1349.0,1918,1940,0.695360824742268,0.778280470130773,0.04357182775861251,-1.9030563934081202,-11.92
2017-06-12,1321.0,1335.5,1903,1921,0.6952108276939094,0.7797501162179736,0.042598224392946485,-1.9845730597649616,-12.16
2017-06-09,1338.0,1337.5,1902,1939,0.6897885507993812,,,,
2017-06-08,1358.5,1338.0,1944,1919,0.6972381448671183,,,,
2017-06-07,1336.5,1355.5,1949,1941,0.6983513652756311,,,,
2017-06-06,1365.0,1335.0,1983,1946,0.6860226104830421,,,,
2017-06-05,1380.5,1377.5,1993,1981,0.6953558808682484,,,,
2017-06-02,1367.5,1392.0,1936,2013,0.6915052160953801,,,,
2017-06-01,1336.0,1362.5,1854,1886,0.7224284199363733,,,,
2017-05-31,1343.5,1353.0,1840,1857,0.72859450726979,,,,
2017-05-30,1360.0,1353.5,1860,1841,0.7351982618142314,,,,
2017-05-29,1366.5,1362.5,1832,1872,0.7278311965811965,,,,
2017-05-26,1371.0,1368.0,1875,1835,0.7455040871934605,,,,
2017-05-25,1392.0,1374.5,1886,1875,0.7330666666666666,,,,
2017-05-24,1405.0,1382.5,1847,1895,0.7295514511873351,,,,
2017-05-23,1393.5,1392.0,1843,1838,0.7573449401523396,,,,
2017-05-22,1389.5,1398.5,1908,1923,0.7272490899635985,,,,
2017-05-19,1376.0,1389.5,1888,1924,0.7221933471933472,,,,
2017-05-18,1358.0,1371.5,1839,1882,0.7287460148777896,,,,
2017-05-17,1393.0,1382.0,1834,1845,0.7490514905149052,,,,
2017-05-16,1406.0,1411.5,1846,1853,0.7617377226119806,,,,
2017-05-15,1450.0,1428.5,1825,1838,0.7772034820457019,,,,
2017-05-12,1560.0,1554.0,1835,1835,0.8468664850136239,,,,
2017-05-11,1544.5,1560.0,1971,1956,0.7975460122699386,,,,
2017-05-10,1534.5,1548.5,2000,1986,0.7797079556898288,,,,
2017-05-09,1553.5,1532.5,2000,1998,0.767017017017017,,,,
2017-05-08,1505.0,1556.0,1963,2001,0.7776111944027986,,,,
2017-05-02,1551.0,1545.0,1901,1941,0.7959814528593508,,,,
2017-05-01,1507.5,1523.5,1890,1893,0.8048071843634442,,,,
2017-04-28,1518.0,1512.0,1888,1889,0.8004235044997353,,,,
2017-04-27,1480.5,1495.0,1896,1886,0.7926829268292683,,,,
2017-04-26,1458.0,1492.0,1887,1896,0.7869198312236287,,,,
2017-04-25,1422.0,1444.0,1865,1870,0.772192513368984,,,,
2017-04-24,1434.5,1414.5,1881,1872,0.7556089743589743,,,,
2017-04-21,1390.0,1404.5,1837,1842,0.762486427795874,,,,
2017-04-20,1368.5,1370.0,1813,1829,0.7490431930016402,,,,
2017-04-19,1347.0,1359.0,1793,1812,0.75,,,,
2017-04-18,1361.5,1362.5,1796,1799,0.7573652028904947,,,,
2017-04-17,1351.0,1358.0,1765,1789,0.7590832867523756,,,,
2017-04-14,1384.0,1370.5,1778,1771,0.7738565782044043,,,,
2017-04-13,1372.0,1387.0,1777,1787,0.7761611639619473,,,,
2017-04-12,1406.5,1392.0,1769,1778,0.7829021372328459,,,,
2017-04-11,1430.0,1426.5,1775,1785,0.7991596638655463,,,,
2017-04-10,1446.0,1444.5,1789,1782,0.8106060606060606,,,,
2017-04-07,1439.5,1433.0,1750,1767,0.8109790605546123,,,,
2017-04-06,1445.5,1421.5,1769,1732,0.8207274826789839,,,,
2017-04-05,1474.0,1456.0,1775,1771,0.8221343873517787,,,,
2017-04-04,1466.5,1461.5,1797,1773,0.8243090806542583,,,,
2017-04-03,1477.0,1469.0,1801,1806,0.8133997785160576,,,,
2017-03-31,1515.0,1472.5,1809,1790,0.8226256983240223,,,,
2017-03-30,1511.0,1506.5,1825,1797,0.8383416805787424,,,,
2017-03-29,1527.5,1524.0,1847,1837,0.829613500272183,,,,
2017-03-28,1512.0,1514.5,1838,1853,0.8173232595790609,,,,
2017-03-27,1503.5,1496.5,1855,1828,0.8186542669584245,,,,
2017-03-24,1514.5,1523.5,1843,1869,0.8151417870518994,,,,
2017-03-23,1523.0,1519.0,1847,1844,0.8237527114967462,,,,
2017-03-22,1530.0,1523.5,1878,1857,0.8204092622509424,,,,
2017-03-21,1586.0,1573.5,1913,1907,0.82511798636602,,,,
2017-03-17,1577.0,1592.5,1925,1928,0.8259854771784232,,,,
2017-03-16,1559.5,1584.5,1927,1941,0.8163317877382792,,,,
2017-03-15,1569.5,1570.5,1960,1957,0.8025038323965253,,,,
2017-03-14,1575.0,1570.0,1980,1967,0.7981698017285206,,,,
2017-03-13,1589.5,1585.5,1964,1972,0.8040060851926978,,,,
2017-03-10,1588.5,1601.5,1963,1972,0.8121196754563894,,,,
2017-03-09,1602.5,1589.0,1934,1933,0.8220382824624936,,,,
2017-03-08,1602.5,1595.5,1957,1934,0.8249741468459152,,,,
2017-03-07,1625.0,1609.0,1942,1952,0.8242827868852459,,,,
2017-03-06,1610.5,1629.0,1925,1943,0.8383942357179619,,,,
2017-03-03,1601.0,1598.5,1967,1947,0.8210066769388803,,,,
2017-03-02,1585.0,1584.0,1959,1976,0.8016194331983806,,,,
2017-03-01,1517.0,1541.5,1900,1913,0.8058024046001045,,,,
2017-02-28,1510.5,1503.5,1914,1902,0.7904837013669821,,,,
2017-02-27,1521.0,1490.0,1904,1911,0.7796964939822083,,,,
2017-02-24,1542.0,1544.0,1911,1919,0.8045857217300677,,,,
2017-02-23,1558.0,1550.0,1939,1928,0.803941908713693,,,,
2017-02-22,1547.5,1558.0,1938,1934,0.8055842812823164,,,,
